date,volume,open,close,high,low,adjclose
2018-11-02,49200,25.34000015258789,25.270000457763672,25.360000610351562,25.270000457763672,25.270000457763672
2018-11-01,30000,25.299999237060547,25.34000015258789,25.350000381469727,25.290000915527344,25.34000015258789
2018-10-31,39500,25.270000457763672,25.299999237060547,25.34000015258789,25.270000457763672,25.299999237060547
2018-10-30,34400,25.299999237060547,25.270000457763672,25.299999237060547,25.270000457763672,25.270000457763672
2018-10-29,23400,25.299999237060547,25.309999465942383,25.350000381469727,25.239999771118164,25.309999465942383
2018-10-26,52000,25.389999389648438,25.229999542236328,25.389999389648438,25.219999313354492,25.229999542236328
2018-10-25,33800,25.260000228881836,25.3799991607666,25.3799991607666,25.219999313354492,25.3799991607666
2018-10-24,28800,25.290000915527344,25.239999771118164,25.329999923706055,25.219999313354492,25.239999771118164
2018-10-23,26100,25.34000015258789,25.290000915527344,25.350000381469727,25.229999542236328,25.290000915527344
2018-10-22,53700,25.299999237060547,25.360000610351562,25.389999389648438,25.290000915527344,25.360000610351562
2018-10-19,121800,25.170000076293945,25.260000228881836,25.299999237060547,25.149999618530273,25.260000228881836
2018-10-18,61400,25.15999984741211,25.1299991607666,25.190000534057617,25.1299991607666,25.1299991607666
2018-10-17,59000,25.1299991607666,25.15999984741211,25.170000076293945,25.1200008392334,25.15999984741211
2018-10-16,53900,25.170000076293945,25.1200008392334,25.219999313354492,25.110000610351562,25.1200008392334
2018-10-15,94500,25.110000610351562,25.149999618530273,25.149999618530273,25.059999465942383,25.149999618530273
2018-10-12,91100,25.190000534057617,25.100000381469727,25.190000534057617,25.020000457763672,25.100000381469727
2018-10-11,50100,25.09000015258789,25.149999618530273,25.149999618530273,25.079999923706055,25.149999618530273
2018-10-10,433900,25.100000381469727,25.100000381469727,25.1200008392334,25.0,25.100000381469727
2018-10-09,79200,25.1299991607666,25.1200008392334,25.219999313354492,25.110000610351562,25.1200008392334
2018-10-08,78500,25.139999389648438,25.1299991607666,25.209999084472656,25.030000686645508,25.1299991607666
2018-10-05,115500,25.100000381469727,25.139999389648438,25.229999542236328,25.100000381469727,25.139999389648438
2018-10-04,138900,25.25,25.149999618530273,25.25,25.040000915527344,25.149999618530273
2018-10-03,103800,25.399999618530273,25.25,25.450000762939453,25.209999084472656,25.25
2018-10-02,83200,25.450000762939453,25.420000076293945,25.520000457763672,25.399999618530273,25.420000076293945
2018-10-01,109000,25.65999984741211,25.420000076293945,25.65999984741211,25.399999618530273,25.420000076293945
2018-09-28,29500,25.65999984741211,25.610000610351562,25.68000030517578,25.610000610351562,25.610000610351562
2018-09-27,22600,25.639999389648438,25.639999389648438,25.68000030517578,25.6299991607666,25.639999389648438
2018-09-26,25000,25.6200008392334,25.6299991607666,25.68000030517578,25.610000610351562,25.6299991607666
2018-09-25,63400,25.639999389648438,25.610000610351562,25.729999542236328,25.610000610351562,25.610000610351562
2018-09-24,22200,25.639999389648438,25.6200008392334,25.670000076293945,25.6200008392334,25.6200008392334
2018-09-21,47000,25.6200008392334,25.6200008392334,25.649999618530273,25.6200008392334,25.6200008392334
2018-09-20,53500,25.649999618530273,25.600000381469727,25.65999984741211,25.56999969482422,25.600000381469727
2018-09-19,30400,25.739999771118164,25.649999618530273,25.739999771118164,25.649999618530273,25.649999618530273
2018-09-18,38700,25.739999771118164,25.700000762939453,25.770000457763672,25.700000762939453,25.700000762939453
2018-09-17,18200,25.700000762939453,25.729999542236328,25.729999542236328,25.68000030517578,25.729999542236328
2018-09-14,74200,25.639999389648438,25.719999313354492,25.719999313354492,25.639999389648438,25.719999313354492
2018-09-13,54900,25.670000076293945,25.639999389648438,25.670000076293945,25.610000610351562,25.639999389648438
2018-09-12,37200,25.6299991607666,25.6200008392334,25.670000076293945,25.610000610351562,25.6200008392334
2018-09-11,53800,25.6299991607666,25.639999389648438,25.670000076293945,25.610000610351562,25.639999389648438
2018-09-10,52000,25.610000610351562,25.639999389648438,25.639999389648438,25.600000381469727,25.639999389648438
2018-09-07,70600,25.68000030517578,25.649999618530273,25.68000030517578,25.530000686645508,25.649999618530273
2018-09-06,59500,25.65999984741211,25.649999618530273,25.700000762939453,25.6200008392334,25.649999618530273
2018-09-05,46900,25.829999923706055,25.65999984741211,25.84000015258789,25.600000381469727,25.65999984741211
2018-09-04,42700,25.8700008392334,25.81999969482422,25.8799991607666,25.760000228881836,25.81999969482422
2018-08-31,49800,25.84000015258789,25.81999969482422,25.920000076293945,25.780000686645508,25.81999969482422
2018-08-30,45000,25.850000381469727,25.84000015258789,25.850000381469727,25.799999237060547,25.84000015258789
2018-08-29,32700,26.100000381469727,26.1299991607666,26.149999618530273,26.100000381469727,25.731998443603516
2018-08-28,45900,26.040000915527344,26.09000015258789,26.139999389648438,26.040000915527344,25.692609786987305
2018-08-27,53400,26.1200008392334,26.110000610351562,26.139999389648438,26.010000228881836,25.712305068969727
2018-08-24,44200,26.06999969482422,26.149999618530273,26.149999618530273,26.059999465942383,25.751693725585938
2018-08-23,38300,26.059999465942383,26.06999969482422,26.09000015258789,26.010000228881836,25.67291259765625
2018-08-22,20000,26.049999237060547,26.06999969482422,26.100000381469727,26.049999237060547,25.67291259765625
2018-08-21,24500,26.1200008392334,26.09000015258789,26.1299991607666,26.049999237060547,25.692609786987305
2018-08-20,33000,26.010000228881836,26.079999923706055,26.079999923706055,26.010000228881836,25.68276023864746
2018-08-17,34200,25.969999313354492,26.010000228881836,26.030000686645508,25.969999313354492,25.613826751708984
2018-08-16,13000,26.0,25.989999771118164,26.0,25.959999084472656,25.594131469726562
2018-08-15,9300,25.979999542236328,25.969999313354492,25.979999542236328,25.920000076293945,25.57443618774414
2018-08-14,23400,25.950000762939453,25.90999984741211,26.0,25.899999618530273,25.515350341796875
2018-08-13,10100,25.93000030517578,25.950000762939453,25.969999313354492,25.93000030517578,25.55474281311035
2018-08-10,19600,25.959999084472656,25.940000534057617,25.959999084472656,25.889999389648438,25.544893264770508
2018-08-09,19800,25.889999389648438,25.93000030517578,25.940000534057617,25.889999389648438,25.535045623779297
2018-08-08,18500,25.920000076293945,25.889999389648438,25.920000076293945,25.8799991607666,25.495655059814453
2018-08-07,23000,25.899999618530273,25.920000076293945,25.940000534057617,25.899999618530273,25.525197982788086
2018-08-06,23800,25.889999389648438,25.8799991607666,25.93000030517578,25.8799991607666,25.485807418823242
2018-08-03,10300,25.8700008392334,25.8799991607666,25.950000762939453,25.8700008392334,25.485807418823242
2018-08-02,20100,25.84000015258789,25.93000030517578,25.950000762939453,25.799999237060547,25.535045623779297
2018-08-01,23600,25.979999542236328,25.90999984741211,25.979999542236328,25.829999923706055,25.515350341796875
2018-07-31,30200,25.93000030517578,25.959999084472656,25.979999542236328,25.889999389648438,25.56458854675293
2018-07-30,13300,25.979999542236328,25.93000030517578,25.979999542236328,25.84000015258789,25.535045623779297
2018-07-27,26800,26.049999237060547,25.959999084472656,26.049999237060547,25.920000076293945,25.56458854675293
2018-07-26,24600,26.059999465942383,26.06999969482422,26.079999923706055,26.059999465942383,25.67291259765625
2018-07-25,44500,26.049999237060547,26.020000457763672,26.079999923706055,25.979999542236328,25.623676300048828
2018-07-24,41200,26.06999969482422,26.0,26.079999923706055,26.0,25.603979110717773
2018-07-23,26300,26.079999923706055,26.059999465942383,26.110000610351562,26.020000457763672,25.66306495666504
2018-07-20,98400,25.959999084472656,26.1200008392334,26.1200008392334,25.940000534057617,25.722152709960938
2018-07-19,27500,26.040000915527344,25.920000076293945,26.06999969482422,25.8700008392334,25.525197982788086
2018-07-18,13700,26.040000915527344,26.030000686645508,26.059999465942383,26.010000228881836,25.63352394104004
2018-07-17,36200,26.100000381469727,26.020000457763672,26.100000381469727,26.010000228881836,25.623676300048828
2018-07-16,53500,26.190000534057617,26.09000015258789,26.190000534057617,26.030000686645508,25.692609786987305
2018-07-13,66900,26.1200008392334,26.209999084472656,26.25,26.06999969482422,25.810779571533203
2018-07-12,51200,26.299999237060547,26.200000762939453,26.299999237060547,26.139999389648438,25.800933837890625
2018-07-11,35700,26.290000915527344,26.290000915527344,26.299999237060547,26.25,25.889562606811523
2018-07-10,371600,26.299999237060547,26.290000915527344,26.299999237060547,26.25,25.889562606811523
2018-07-09,92600,26.229999542236328,26.25,26.280000686645508,26.229999542236328,25.85017204284668
2018-07-06,66300,26.1299991607666,26.229999542236328,26.25,26.1299991607666,25.830476760864258
2018-07-05,54500,26.139999389648438,26.139999389648438,26.149999618530273,26.100000381469727,25.741846084594727
2018-07-03,50400,26.040000915527344,26.1299991607666,26.149999618530273,26.040000915527344,25.731998443603516
2018-07-02,69300,25.8799991607666,26.040000915527344,26.040000915527344,25.8799991607666,25.64337158203125
2018-06-29,44800,26.100000381469727,25.989999771118164,26.139999389648438,25.989999771118164,25.594131469726562
2018-06-28,30200,26.0,26.020000457763672,26.020000457763672,25.920000076293945,25.623676300048828
2018-06-27,29000,26.100000381469727,25.989999771118164,26.1299991607666,25.969999313354492,25.594131469726562
2018-06-26,25900,26.520000457763672,26.100000381469727,26.520000457763672,26.010000228881836,25.702457427978516
2018-06-25,32700,26.1299991607666,26.139999389648438,26.139999389648438,26.030000686645508,25.741846084594727
2018-06-22,29700,26.040000915527344,26.149999618530273,26.149999618530273,26.040000915527344,25.751693725585938
2018-06-21,18700,26.100000381469727,26.040000915527344,26.1200008392334,26.010000228881836,25.64337158203125
2018-06-20,21200,26.149999618530273,26.139999389648438,26.209999084472656,26.110000610351562,25.741846084594727
2018-06-19,29200,26.149999618530273,26.190000534057617,26.25,26.139999389648438,25.791086196899414
2018-06-18,36300,26.139999389648438,26.139999389648438,26.15999984741211,26.049999237060547,25.741846084594727
2018-06-15,270000,26.15999984741211,26.170000076293945,26.270000457763672,26.110000610351562,25.771390914916992
2018-06-14,116800,26.270000457763672,26.219999313354492,26.309999465942383,26.209999084472656,25.820627212524414
2018-06-13,147700,26.309999465942383,26.309999465942383,26.389999389648438,26.239999771118164,25.909257888793945
2018-06-12,89400,26.239999771118164,26.360000610351562,26.3700008392334,26.229999542236328,25.95849609375
2018-06-11,67100,26.209999084472656,26.299999237060547,26.350000381469727,26.170000076293945,25.899410247802734
2018-06-08,27600,26.100000381469727,26.1299991607666,26.1299991607666,26.049999237060547,25.731998443603516
2018-06-07,29300,26.040000915527344,26.100000381469727,26.100000381469727,26.020000457763672,25.702457427978516
2018-06-06,74800,26.09000015258789,26.030000686645508,26.110000610351562,25.899999618530273,25.63352394104004
2018-06-05,73300,26.0,26.1299991607666,26.139999389648438,25.950000762939453,25.731998443603516
2018-06-04,35100,25.8799991607666,25.950000762939453,25.979999542236328,25.8799991607666,25.55474281311035
2018-06-01,82500,25.780000686645508,25.899999618530273,25.93000030517578,25.75,25.505502700805664
2018-05-31,47000,25.700000762939453,25.75,25.75,25.6299991607666,25.3577880859375
2018-05-30,32800,26.010000228881836,26.06999969482422,26.110000610351562,26.010000228881836,25.280975341796875
2018-05-29,41200,26.049999237060547,26.0,26.059999465942383,25.920000076293945,25.213092803955078
2018-05-25,42300,26.049999237060547,26.079999923706055,26.15999984741211,26.010000228881836,25.290672302246094
2018-05-24,83800,25.8700008392334,26.100000381469727,26.100000381469727,25.860000610351562,25.310068130493164
2018-05-23,19900,25.850000381469727,25.8799991607666,25.920000076293945,25.850000381469727,25.096725463867188
2018-05-22,33900,25.920000076293945,25.920000076293945,25.920000076293945,25.809999465942383,25.135515213012695
2018-05-21,21700,25.850000381469727,25.829999923706055,25.8700008392334,25.809999465942383,25.04823875427246
2018-05-18,6300,25.790000915527344,25.850000381469727,25.899999618530273,25.790000915527344,25.06763458251953
2018-05-17,28900,25.850000381469727,25.829999923706055,25.889999389648438,25.760000228881836,25.04823875427246
2018-05-16,21500,25.780000686645508,25.8700008392334,25.889999389648438,25.770000457763672,25.08702850341797
2018-05-15,30100,25.90999984741211,25.8700008392334,25.920000076293945,25.799999237060547,25.08702850341797
2018-05-14,26900,25.8700008392334,25.959999084472656,25.969999313354492,25.860000610351562,25.174304962158203
2018-05-11,59300,25.81999969482422,25.940000534057617,25.940000534057617,25.729999542236328,25.154909133911133
2018-05-10,22100,25.780000686645508,25.799999237060547,25.809999465942383,25.780000686645508,25.019145965576172
2018-05-09,41100,25.780000686645508,25.780000686645508,25.809999465942383,25.760000228881836,24.999752044677734
2018-05-08,32300,25.780000686645508,25.780000686645508,25.799999237060547,25.760000228881836,24.999752044677734
2018-05-07,115900,25.719999313354492,25.760000228881836,25.760000228881836,25.670000076293945,24.980358123779297
2018-05-04,89400,25.700000762939453,25.719999313354492,25.81999969482422,25.690000534057617,24.941566467285156
2018-05-03,28300,25.760000228881836,25.690000534057617,25.760000228881836,25.65999984741211,24.912477493286133
2018-05-02,27200,25.690000534057617,25.719999313354492,25.790000915527344,25.68000030517578,24.941566467285156
2018-05-01,9300,25.670000076293945,25.68000030517578,25.690000534057617,25.65999984741211,24.902780532836914
2018-04-30,25400,25.68000030517578,25.690000534057617,25.700000762939453,25.639999389648438,24.912477493286133
2018-04-27,36700,25.780000686645508,25.670000076293945,25.780000686645508,25.6299991607666,24.893081665039062
2018-04-26,23800,25.700000762939453,25.760000228881836,25.770000457763672,25.690000534057617,24.980358123779297
2018-04-25,24800,25.799999237060547,25.719999313354492,25.799999237060547,25.649999618530273,24.941566467285156
2018-04-24,25700,25.899999618530273,25.790000915527344,25.899999618530273,25.75,25.009450912475586
2018-04-23,28900,25.899999618530273,25.860000610351562,25.899999618530273,25.790000915527344,25.07733154296875
2018-04-20,79200,25.770000457763672,25.959999084472656,25.969999313354492,25.729999542236328,25.174304962158203
2018-04-19,12300,25.799999237060547,25.84000015258789,25.850000381469727,25.790000915527344,25.05793571472168
2018-04-18,45700,25.920000076293945,25.889999389648438,25.920000076293945,25.75,25.106422424316406
2018-04-17,47100,25.959999084472656,25.920000076293945,25.959999084472656,25.68000030517578,25.135515213012695
2018-04-16,37000,25.950000762939453,25.959999084472656,25.979999542236328,25.860000610351562,25.174304962158203
2018-04-13,35400,25.899999618530273,25.8799991607666,25.899999618530273,25.799999237060547,25.096725463867188
2018-04-12,39400,25.670000076293945,25.8700008392334,25.8700008392334,25.649999618530273,25.08702850341797
2018-04-11,24900,25.639999389648438,25.639999389648438,25.690000534057617,25.6200008392334,24.863988876342773
2018-04-10,23200,25.670000076293945,25.649999618530273,25.690000534057617,25.649999618530273,24.873685836791992
2018-04-09,29500,25.719999313354492,25.6200008392334,25.719999313354492,25.6200008392334,24.84459686279297
2018-04-06,21700,25.790000915527344,25.780000686645508,25.790000915527344,25.700000762939453,24.999752044677734
2018-04-05,16700,25.670000076293945,25.770000457763672,25.770000457763672,25.670000076293945,24.990055084228516
2018-04-04,24400,25.6200008392334,25.790000915527344,25.790000915527344,25.6200008392334,25.009450912475586
2018-04-03,51300,25.84000015258789,25.790000915527344,25.850000381469727,25.549999237060547,25.009450912475586
2018-04-02,18500,25.739999771118164,25.770000457763672,25.790000915527344,25.709999084472656,24.990055084228516
2018-03-29,51100,25.649999618530273,25.84000015258789,25.84000015258789,25.600000381469727,25.05793571472168
2018-03-28,24500,25.690000534057617,25.649999618530273,25.709999084472656,25.600000381469727,24.873685836791992
2018-03-27,85000,25.809999465942383,25.6299991607666,25.850000381469727,25.610000610351562,24.854291915893555
2018-03-26,51900,26.100000381469727,25.809999465942383,26.100000381469727,25.809999465942383,25.028844833374023
2018-03-23,134900,25.950000762939453,26.049999237060547,26.1299991607666,25.950000762939453,25.261579513549805
2018-03-22,12000,26.049999237060547,26.06999969482422,26.110000610351562,26.010000228881836,25.280975341796875
2018-03-21,21000,26.0,26.1200008392334,26.1200008392334,26.0,25.3294620513916
2018-03-20,11900,26.020000457763672,26.059999465942383,26.09000015258789,26.020000457763672,25.271276473999023
2018-03-19,40400,26.170000076293945,26.06999969482422,26.170000076293945,25.979999542236328,25.280975341796875
2018-03-16,33500,26.030000686645508,26.190000534057617,26.190000534057617,26.0,25.3973445892334
2018-03-15,48200,26.049999237060547,26.110000610351562,26.110000610351562,26.010000228881836,25.319765090942383
2018-03-14,97600,25.8799991607666,26.030000686645508,26.079999923706055,25.8799991607666,25.2421875
2018-03-13,167000,25.989999771118164,25.950000762939453,25.989999771118164,25.920000076293945,25.164608001708984
2018-03-12,24900,25.93000030517578,25.93000030517578,25.989999771118164,25.850000381469727,25.145212173461914
2018-03-09,23200,25.959999084472656,25.989999771118164,26.040000915527344,25.959999084472656,25.20339584350586
2018-03-08,146500,25.850000381469727,26.020000457763672,26.020000457763672,25.850000381469727,25.23249053955078
2018-03-07,63300,25.799999237060547,25.8799991607666,25.8799991607666,25.799999237060547,25.096725463867188
2018-03-06,57500,25.75,25.790000915527344,25.799999237060547,25.75,25.009450912475586
2018-03-05,50100,25.739999771118164,25.760000228881836,25.770000457763672,25.65999984741211,24.980358123779297
2018-03-02,26100,25.790000915527344,25.770000457763672,25.790000915527344,25.700000762939453,24.990055084228516
2018-03-01,32300,25.790000915527344,25.780000686645508,25.829999923706055,25.690000534057617,24.999752044677734
2018-02-28,103900,25.760000228881836,25.780000686645508,25.809999465942383,25.709999084472656,24.999752044677734
2018-02-27,41000,25.959999084472656,26.100000381469727,26.100000381469727,25.959999084472656,24.924114227294922
2018-02-26,73700,25.8799991607666,26.010000228881836,26.079999923706055,25.8799991607666,24.83816909790039
2018-02-23,31000,25.760000228881836,25.850000381469727,25.889999389648438,25.75,24.68537712097168
2018-02-22,34000,25.700000762939453,25.760000228881836,25.799999237060547,25.700000762939453,24.59943199157715
2018-02-21,43800,25.709999084472656,25.719999313354492,25.770000457763672,25.68000030517578,24.561233520507812
2018-02-20,33400,25.649999618530273,25.719999313354492,25.739999771118164,25.649999618530273,24.561233520507812
2018-02-16,33700,25.709999084472656,25.639999389648438,25.719999313354492,25.6299991607666,24.48483657836914
2018-02-15,32500,25.579999923706055,25.670000076293945,25.670000076293945,25.579999923706055,24.51348876953125
2018-02-14,32800,25.540000915527344,25.59000015258789,25.649999618530273,25.540000915527344,24.437091827392578
2018-02-13,52200,25.56999969482422,25.559999465942383,25.6299991607666,25.559999465942383,24.408443450927734
2018-02-12,32200,25.559999465942383,25.579999923706055,25.600000381469727,25.559999465942383,24.427539825439453
2018-02-09,78000,25.549999237060547,25.610000610351562,25.649999618530273,25.5,24.45619010925293
2018-02-08,57300,25.600000381469727,25.559999465942383,25.639999389648438,25.530000686645508,24.408443450927734
2018-02-07,37000,25.59000015258789,25.600000381469727,25.649999618530273,25.530000686645508,24.446640014648438
2018-02-06,49400,25.5,25.56999969482422,25.600000381469727,25.5,24.417991638183594
2018-02-05,62300,25.510000228881836,25.530000686645508,25.6200008392334,25.5,24.37979507446289
2018-02-02,51500,25.530000686645508,25.510000228881836,25.56999969482422,25.510000228881836,24.36069679260254
2018-02-01,51900,25.610000610351562,25.549999237060547,25.610000610351562,25.510000228881836,24.39889144897461
2018-01-31,37600,25.600000381469727,25.559999465942383,25.6299991607666,25.559999465942383,24.408443450927734
2018-01-30,68800,25.6299991607666,25.559999465942383,25.65999984741211,25.549999237060547,24.408443450927734
2018-01-29,85800,25.709999084472656,25.6299991607666,25.729999542236328,25.6200008392334,24.47528648376465
2018-01-26,55700,25.860000610351562,25.739999771118164,25.899999618530273,25.709999084472656,24.580333709716797
2018-01-25,49900,25.889999389648438,25.850000381469727,25.889999389648438,25.850000381469727,24.68537712097168
2018-01-24,53900,25.829999923706055,25.84000015258789,25.84000015258789,25.780000686645508,24.675827026367188
2018-01-23,70300,25.739999771118164,25.760000228881836,25.81999969482422,25.739999771118164,24.59943199157715
2018-01-22,22700,25.770000457763672,25.75,25.8700008392334,25.739999771118164,24.589881896972656
2018-01-19,105900,25.6299991607666,25.799999237060547,25.959999084472656,25.6299991607666,24.63762855529785
2018-01-18,66600,25.670000076293945,25.6299991607666,25.729999542236328,25.6200008392334,24.47528648376465
2018-01-17,109700,25.68000030517578,25.670000076293945,25.700000762939453,25.600000381469727,24.51348876953125
2018-01-16,64200,25.799999237060547,25.65999984741211,25.799999237060547,25.6299991607666,24.503936767578125
2018-01-12,41200,25.760000228881836,25.84000015258789,25.850000381469727,25.530000686645508,24.675827026367188
2018-01-11,49600,25.790000915527344,25.84000015258789,25.84000015258789,25.770000457763672,24.675827026367188
2018-01-10,53000,25.790000915527344,25.75,25.799999237060547,25.739999771118164,24.589881896972656
2018-01-09,25900,25.739999771118164,25.790000915527344,25.790000915527344,25.729999542236328,24.628080368041992
2018-01-08,26600,25.719999313354492,25.75,25.75,25.709999084472656,24.589881896972656
2018-01-05,46900,25.670000076293945,25.729999542236328,25.75,25.670000076293945,24.570783615112305
2018-01-04,33900,25.690000534057617,25.670000076293945,25.790000915527344,25.670000076293945,24.51348876953125
2018-01-03,38000,25.75,25.739999771118164,25.760000228881836,25.670000076293945,24.580333709716797
2018-01-02,78100,25.81999969482422,25.729999542236328,25.81999969482422,25.65999984741211,24.570783615112305
2017-12-29,127600,25.780000686645508,25.81999969482422,25.81999969482422,25.75,24.656728744506836
2017-12-28,55000,25.760000228881836,25.799999237060547,25.809999465942383,25.729999542236328,24.63762855529785
2017-12-27,189300,25.739999771118164,25.799999237060547,25.809999465942383,25.719999313354492,24.63762855529785
2017-12-26,31800,25.799999237060547,25.719999313354492,25.81999969482422,25.719999313354492,24.561233520507812
2017-12-22,13000,25.75,25.790000915527344,25.829999923706055,25.75,24.628080368041992
2017-12-21,33200,25.760000228881836,25.799999237060547,25.84000015258789,25.760000228881836,24.63762855529785
2017-12-20,73000,25.739999771118164,25.739999771118164,25.84000015258789,25.700000762939453,24.580333709716797
2017-12-19,45900,25.829999923706055,25.809999465942383,25.829999923706055,25.75,24.647178649902344
2017-12-18,46800,25.729999542236328,25.719999313354492,25.770000457763672,25.709999084472656,24.561233520507812
2017-12-15,53700,25.780000686645508,25.700000762939453,25.780000686645508,25.700000762939453,24.542137145996094
2017-12-14,25100,25.719999313354492,25.65999984741211,25.780000686645508,25.65999984741211,24.503936767578125
2017-12-13,52600,25.719999313354492,25.780000686645508,25.780000686645508,25.709999084472656,24.618532180786133
2017-12-12,84500,25.809999465942383,25.75,25.829999923706055,25.399999618530273,24.589881896972656
2017-12-11,109000,25.940000534057617,25.799999237060547,25.979999542236328,25.739999771118164,24.63762855529785
2017-12-08,26000,25.93000030517578,25.8700008392334,25.93000030517578,25.81999969482422,24.704477310180664
2017-12-07,122800,25.809999465942383,25.93000030517578,25.969999313354492,25.799999237060547,24.76177406311035
2017-12-06,19600,25.84000015258789,25.850000381469727,25.850000381469727,25.829999923706055,24.68537712097168
2017-12-05,86700,25.850000381469727,25.81999969482422,25.8700008392334,25.770000457763672,24.656728744506836
2017-12-04,62800,25.75,25.760000228881836,25.809999465942383,25.649999618530273,24.59943199157715
2017-12-01,24000,25.84000015258789,25.84000015258789,25.84000015258789,25.700000762939453,24.675827026367188
2017-11-30,85600,25.860000610351562,25.719999313354492,25.920000076293945,25.719999313354492,24.561233520507812
2017-11-29,15600,26.079999923706055,26.1200008392334,26.190000534057617,26.079999923706055,24.56314468383789
2017-11-28,66100,26.040000915527344,26.06999969482422,26.1299991607666,26.040000915527344,24.516122817993164
2017-11-27,80700,26.0,26.049999237060547,26.09000015258789,26.0,24.497314453125
2017-11-24,15600,26.079999923706055,26.049999237060547,26.09000015258789,26.030000686645508,24.497314453125
2017-11-22,18000,26.100000381469727,26.100000381469727,26.100000381469727,26.030000686645508,24.544336318969727
2017-11-21,31500,26.139999389648438,26.059999465942383,26.139999389648438,26.049999237060547,24.50672149658203
2017-11-20,67200,25.989999771118164,26.06999969482422,26.110000610351562,25.989999771118164,24.516122817993164
2017-11-17,32100,26.06999969482422,26.049999237060547,26.06999969482422,25.979999542236328,24.497314453125
2017-11-16,51000,25.989999771118164,25.959999084472656,26.0,25.920000076293945,24.412677764892578
2017-11-15,68300,25.90999984741211,25.90999984741211,25.950000762939453,25.84000015258789,24.365659713745117
2017-11-14,59000,25.940000534057617,25.93000030517578,25.950000762939453,25.899999618530273,24.384469985961914
2017-11-13,49300,25.920000076293945,25.940000534057617,25.950000762939453,25.860000610351562,24.393871307373047
2017-11-10,26300,25.8799991607666,25.899999618530273,25.90999984741211,25.860000610351562,24.35625648498535
2017-11-09,26300,25.8799991607666,25.899999618530273,25.899999618530273,25.860000610351562,24.35625648498535
2017-11-08,21800,25.84000015258789,25.8799991607666,25.899999618530273,25.84000015258789,24.337448120117188
2017-11-07,24800,25.899999618530273,25.84000015258789,25.899999618530273,25.84000015258789,24.299833297729492
2017-11-06,25200,25.8799991607666,25.8700008392334,25.889999389648438,25.850000381469727,24.328046798706055
2017-11-03,18000,25.899999618530273,25.8799991607666,25.899999618530273,25.84000015258789,24.337448120117188
2017-11-02,36900,25.850000381469727,25.899999618530273,25.899999618530273,25.81999969482422,24.35625648498535
2017-11-01,37900,25.8799991607666,25.81999969482422,25.889999389648438,25.81999969482422,24.281023025512695
2017-10-31,60100,25.899999618530273,25.899999618530273,25.899999618530273,25.81999969482422,24.35625648498535
2017-10-30,23800,25.860000610351562,25.84000015258789,25.899999618530273,25.829999923706055,24.299833297729492
2017-10-27,21200,25.829999923706055,25.829999923706055,25.90999984741211,25.81999969482422,24.290428161621094
2017-10-26,16200,25.860000610351562,25.850000381469727,25.889999389648438,25.850000381469727,24.309236526489258
2017-10-25,24800,25.860000610351562,25.860000610351562,25.889999389648438,25.860000610351562,24.318641662597656
2017-10-24,38600,25.899999618530273,25.920000076293945,25.940000534057617,25.8700008392334,24.375064849853516
2017-10-23,27000,25.90999984741211,25.8799991607666,25.93000030517578,25.8700008392334,24.337448120117188
2017-10-20,39300,25.969999313354492,25.959999084472656,25.969999313354492,25.889999389648438,24.412677764892578
2017-10-19,40600,25.959999084472656,25.950000762939453,25.959999084472656,25.889999389648438,24.403278350830078
2017-10-18,14000,25.850000381469727,25.889999389648438,25.889999389648438,25.809999465942383,24.346851348876953
2017-10-17,277200,25.8799991607666,25.889999389648438,25.90999984741211,25.829999923706055,24.346851348876953
2017-10-16,36300,25.8799991607666,25.799999237060547,25.8799991607666,25.739999771118164,24.26221466064453
2017-10-13,27100,25.770000457763672,25.790000915527344,25.829999923706055,25.770000457763672,24.2528133392334
2017-10-12,52200,25.780000686645508,25.770000457763672,25.780000686645508,25.729999542236328,24.234004974365234
2017-10-11,18200,25.770000457763672,25.780000686645508,25.809999465942383,25.760000228881836,24.243410110473633
2017-10-10,22900,25.719999313354492,25.760000228881836,25.84000015258789,25.719999313354492,24.22460174560547
2017-10-09,42900,25.899999618530273,25.719999313354492,25.899999618530273,25.719999313354492,24.18698501586914
2017-10-06,157600,25.84000015258789,25.760000228881836,25.8700008392334,25.739999771118164,24.22460174560547
2017-10-05,77700,25.809999465942383,25.860000610351562,25.950000762939453,25.809999465942383,24.318641662597656
2017-10-04,26400,25.81999969482422,25.81999969482422,25.899999618530273,25.809999465942383,24.281023025512695
2017-10-03,30300,25.899999618530273,25.809999465942383,25.899999618530273,25.799999237060547,24.27161979675293
2017-10-02,36200,25.889999389648438,25.81999969482422,25.899999618530273,25.81999969482422,24.281023025512695
2017-09-29,46500,25.889999389648438,25.889999389648438,25.889999389648438,25.850000381469727,24.346851348876953
2017-09-28,46700,25.850000381469727,25.850000381469727,25.889999389648438,25.850000381469727,24.309236526489258
2017-09-27,53200,25.889999389648438,25.8799991607666,25.93000030517578,25.860000610351562,24.337448120117188
2017-09-26,47100,25.899999618530273,25.899999618530273,25.959999084472656,25.8799991607666,24.35625648498535
2017-09-25,138400,25.950000762939453,25.90999984741211,25.959999084472656,25.899999618530273,24.365659713745117
2017-09-22,25300,25.899999618530273,25.920000076293945,25.920000076293945,25.899999618530273,24.375064849853516
2017-09-21,14200,25.940000534057617,25.950000762939453,25.950000762939453,25.899999618530273,24.403278350830078
2017-09-20,28100,25.899999618530273,25.940000534057617,25.940000534057617,25.899999618530273,24.393871307373047
2017-09-19,31400,25.969999313354492,25.920000076293945,25.969999313354492,25.899999618530273,24.375064849853516
2017-09-18,33100,25.899999618530273,25.899999618530273,25.940000534057617,25.899999618530273,24.35625648498535
2017-09-15,42800,25.84000015258789,25.8799991607666,25.93000030517578,25.84000015258789,24.337448120117188
2017-09-14,33800,25.850000381469727,25.84000015258789,26.049999237060547,25.84000015258789,24.299833297729492
2017-09-13,81200,25.8700008392334,25.81999969482422,25.899999618530273,25.81999969482422,24.281023025512695
2017-09-12,43400,25.809999465942383,25.850000381469727,25.860000610351562,25.799999237060547,24.309236526489258
2017-09-11,33600,25.780000686645508,25.829999923706055,25.829999923706055,25.75,24.290428161621094
2017-09-08,31100,25.81999969482422,25.780000686645508,25.81999969482422,25.739999771118164,24.243410110473633
2017-09-07,50600,25.84000015258789,25.84000015258789,25.920000076293945,25.799999237060547,24.299833297729492
2017-09-06,32600,25.799999237060547,25.860000610351562,25.860000610351562,25.799999237060547,24.318641662597656
2017-09-05,45500,25.84000015258789,25.81999969482422,25.8700008392334,25.81999969482422,24.281023025512695
2017-09-01,12200,25.809999465942383,25.790000915527344,25.81999969482422,25.780000686645508,24.2528133392334
2017-08-31,58200,25.790000915527344,25.860000610351562,25.860000610351562,25.739999771118164,24.318641662597656
2017-08-30,59300,25.84000015258789,25.84000015258789,25.84000015258789,25.760000228881836,24.299833297729492
2017-08-29,45700,26.020000457763672,26.06999969482422,26.09000015258789,26.020000457763672,24.141845703125
2017-08-28,18500,26.06999969482422,26.100000381469727,26.100000381469727,26.020000457763672,24.169628143310547
2017-08-25,34300,26.020000457763672,26.06999969482422,26.06999969482422,26.020000457763672,24.141845703125
2017-08-24,20000,26.079999923706055,26.0,26.079999923706055,25.989999771118164,24.077024459838867
2017-08-23,15000,26.049999237060547,26.0,26.059999465942383,25.989999771118164,24.077024459838867
2017-08-22,310700,26.059999465942383,26.110000610351562,26.18000030517578,25.979999542236328,24.17888832092285
2017-08-21,59300,26.139999389648438,26.030000686645508,26.139999389648438,25.989999771118164,24.10480499267578
2017-08-18,10500,25.989999771118164,26.049999237060547,26.049999237060547,25.989999771118164,24.123323440551758
2017-08-17,36700,25.989999771118164,25.989999771118164,26.0,25.940000534057617,24.06776237487793
2017-08-16,38700,25.93000030517578,25.989999771118164,25.989999771118164,25.93000030517578,24.06776237487793
2017-08-15,68500,25.860000610351562,25.899999618530273,25.940000534057617,25.829999923706055,23.984418869018555
2017-08-14,43400,25.81999969482422,25.850000381469727,25.940000534057617,25.81999969482422,23.93811798095703
2017-08-11,58100,25.81999969482422,25.799999237060547,25.84000015258789,25.719999313354492,23.891813278198242
2017-08-10,50100,25.889999389648438,25.790000915527344,25.889999389648438,25.780000686645508,23.88255500793457
2017-08-09,49500,25.950000762939453,25.899999618530273,25.950000762939453,25.8700008392334,23.984418869018555
2017-08-08,42500,25.959999084472656,25.93000030517578,25.979999542236328,25.90999984741211,24.0122013092041
2017-08-07,27400,25.889999389648438,25.90999984741211,25.920000076293945,25.8799991607666,23.99367904663086
2017-08-04,102200,26.06999969482422,25.950000762939453,26.06999969482422,25.81999969482422,24.030723571777344
2017-08-03,53300,26.15999984741211,25.93000030517578,26.170000076293945,25.90999984741211,24.0122013092041
2017-08-02,30100,26.170000076293945,26.110000610351562,26.190000534057617,26.09000015258789,24.17888832092285
2017-08-01,30100,26.100000381469727,26.149999618530273,26.190000534057617,26.09000015258789,24.215927124023438
2017-07-31,34800,26.079999923706055,26.139999389648438,26.170000076293945,26.059999465942383,24.206666946411133
2017-07-28,17000,26.079999923706055,26.18000030517578,26.18000030517578,26.040000915527344,24.243711471557617
2017-07-27,25800,26.049999237060547,26.040000915527344,26.1299991607666,26.040000915527344,24.114065170288086
2017-07-26,13600,26.06999969482422,26.049999237060547,26.06999969482422,26.0,24.123323440551758
2017-07-25,23100,26.149999618530273,26.0,26.149999618530273,26.0,24.077024459838867
2017-07-24,22400,26.149999618530273,26.219999313354492,26.219999313354492,26.059999465942383,24.280750274658203
2017-07-21,80600,26.0,26.31999969482422,26.31999969482422,26.0,24.373355865478516
2017-07-20,40600,26.040000915527344,26.06999969482422,26.079999923706055,26.0,24.141845703125
2017-07-19,105300,25.989999771118164,26.0,26.049999237060547,25.969999313354492,24.077024459838867
2017-07-18,76400,25.889999389648438,25.979999542236328,25.979999542236328,25.889999389648438,24.058500289916992
2017-07-17,21800,25.920000076293945,25.93000030517578,25.940000534057617,25.8700008392334,24.0122013092041
2017-07-14,47600,25.979999542236328,25.889999389648438,26.010000228881836,25.84000015258789,23.97515869140625
2017-07-13,13200,26.020000457763672,25.989999771118164,26.020000457763672,25.989999771118164,24.06776237487793
2017-07-12,50700,25.969999313354492,26.020000457763672,26.049999237060547,25.969999313354492,24.095544815063477
2017-07-11,25000,25.989999771118164,25.950000762939453,25.989999771118164,25.93000030517578,24.030723571777344
2017-07-10,39600,25.979999542236328,26.030000686645508,26.030000686645508,25.940000534057617,24.10480499267578
2017-07-07,39000,25.889999389648438,26.079999923706055,26.079999923706055,25.889999389648438,24.151105880737305
2017-07-06,30800,25.969999313354492,25.90999984741211,25.969999313354492,25.889999389648438,23.99367904663086
2017-07-05,26900,25.8799991607666,25.969999313354492,25.969999313354492,25.8700008392334,24.049240112304688
2017-07-03,18500,25.829999923706055,25.8799991607666,25.940000534057617,25.829999923706055,23.965898513793945
2017-06-30,60500,25.739999771118164,25.809999465942383,25.829999923706055,25.739999771118164,23.90107536315918
2017-06-29,50200,25.829999923706055,25.760000228881836,25.860000610351562,25.729999542236328,23.854774475097656
2017-06-28,66300,25.959999084472656,25.81999969482422,26.079999923706055,25.799999237060547,23.91033363342285
2017-06-27,48500,26.049999237060547,26.040000915527344,26.049999237060547,25.979999542236328,24.114065170288086
2017-06-26,41900,26.0,26.040000915527344,26.06999969482422,26.0,24.114065170288086
2017-06-23,61300,25.899999618530273,26.040000915527344,26.079999923706055,25.889999389648438,24.114065170288086
2017-06-22,353200,25.899999618530273,25.90999984741211,26.0,25.8799991607666,23.99367904663086
2017-06-21,18800,25.860000610351562,25.90999984741211,25.920000076293945,25.850000381469727,23.99367904663086
2017-06-20,39200,25.940000534057617,25.850000381469727,25.979999542236328,25.850000381469727,23.93811798095703
2017-06-19,147100,26.06999969482422,25.940000534057617,26.06999969482422,25.899999618530273,24.021459579467773
2017-06-16,26900,25.940000534057617,26.010000228881836,26.010000228881836,25.920000076293945,24.08628273010254
2017-06-15,41500,25.90999984741211,25.850000381469727,26.0,25.850000381469727,23.93811798095703
2017-06-14,89600,25.920000076293945,26.040000915527344,26.049999237060547,25.90999984741211,24.114065170288086
2017-06-13,38100,25.950000762939453,25.93000030517578,25.969999313354492,25.850000381469727,24.0122013092041
2017-06-12,22500,25.959999084472656,25.979999542236328,25.989999771118164,25.959999084472656,24.058500289916992
2017-06-09,21300,25.920000076293945,25.989999771118164,26.010000228881836,25.920000076293945,24.06776237487793
2017-06-08,11000,25.93000030517578,25.90999984741211,25.93000030517578,25.899999618530273,23.99367904663086
2017-06-07,26300,25.899999618530273,25.93000030517578,25.950000762939453,25.889999389648438,24.0122013092041
2017-06-06,29600,25.93000030517578,25.959999084472656,25.959999084472656,25.920000076293945,24.039979934692383
2017-06-05,19200,26.0,25.940000534057617,26.0,25.920000076293945,24.021459579467773
2017-06-02,128300,25.899999618530273,25.93000030517578,25.940000534057617,25.8799991607666,24.0122013092041
2017-06-01,45600,25.8799991607666,25.8700008392334,25.8799991607666,25.84000015258789,23.956640243530273
2017-05-31,95700,25.809999465942383,25.84000015258789,25.850000381469727,25.809999465942383,23.928857803344727
2017-05-30,30800,25.989999771118164,25.809999465942383,25.989999771118164,25.770000457763672,23.90107536315918
2017-05-26,40100,26.18000030517578,26.229999542236328,26.229999542236328,26.020000457763672,23.921445846557617
2017-05-25,43500,26.18000030517578,26.239999771118164,26.239999771118164,26.139999389648438,23.930564880371094
2017-05-24,20600,26.079999923706055,26.1200008392334,26.1200008392334,26.079999923706055,23.821128845214844
2017-05-23,20200,26.030000686645508,26.079999923706055,26.079999923706055,26.030000686645508,23.784648895263672
2017-05-22,45200,26.030000686645508,26.040000915527344,26.079999923706055,26.020000457763672,23.748170852661133
2017-05-19,40200,26.020000457763672,26.010000228881836,26.079999923706055,26.0,23.720809936523438
2017-05-18,29500,25.940000534057617,26.079999923706055,26.079999923706055,25.940000534057617,23.784648895263672
2017-05-17,18400,26.06999969482422,26.049999237060547,26.079999923706055,26.0,23.757287979125977
2017-05-16,19800,26.010000228881836,26.09000015258789,26.100000381469727,26.010000228881836,23.79376983642578
2017-05-15,45400,25.959999084472656,26.06999969482422,26.09000015258789,25.959999084472656,23.775529861450195
2017-05-12,25100,25.940000534057617,26.0,26.0,25.940000534057617,23.71169090270996
2017-05-11,14900,26.0,25.989999771118164,26.020000457763672,25.940000534057617,23.70256996154785
2017-05-10,28800,26.049999237060547,26.059999465942383,26.06999969482422,25.979999542236328,23.76641082763672
2017-05-09,17600,26.040000915527344,26.040000915527344,26.040000915527344,25.940000534057617,23.748170852661133
2017-05-08,40100,26.020000457763672,26.040000915527344,26.040000915527344,25.950000762939453,23.748170852661133
2017-05-05,30600,25.799999237060547,26.0,26.0,25.799999237060547,23.71169090270996
2017-05-04,21300,25.850000381469727,25.90999984741211,25.93000030517578,25.850000381469727,23.62961196899414
2017-05-03,67400,25.850000381469727,25.940000534057617,25.959999084472656,25.540000915527344,23.656970977783203
2017-05-02,58800,25.780000686645508,25.950000762939453,25.959999084472656,25.780000686645508,23.666093826293945
2017-05-01,29300,25.770000457763672,25.799999237060547,25.850000381469727,25.68000030517578,23.5292911529541
2017-04-28,38400,25.860000610351562,25.780000686645508,25.8799991607666,25.780000686645508,23.51105308532715
2017-04-27,34600,25.780000686645508,25.860000610351562,25.8799991607666,25.770000457763672,23.584012985229492
2017-04-26,40500,25.68000030517578,25.75,25.780000686645508,25.670000076293945,23.48369026184082
2017-04-25,64000,25.719999313354492,25.68000030517578,25.75,25.65999984741211,23.41985511779785
2017-04-24,40000,25.719999313354492,25.809999465942383,25.8799991607666,25.719999313354492,23.53841209411621
2017-04-21,71300,25.719999313354492,25.709999084472656,25.75,25.610000610351562,23.44721221923828
2017-04-20,38600,25.889999389648438,25.709999084472656,25.899999618530273,25.700000762939453,23.44721221923828
2017-04-19,26900,25.850000381469727,25.84000015258789,25.899999618530273,25.799999237060547,23.565773010253906
2017-04-18,23600,25.809999465942383,25.8700008392334,25.899999618530273,25.760000228881836,23.5931339263916
2017-04-17,38700,25.799999237060547,25.8799991607666,25.8799991607666,25.780000686645508,23.602252960205078
2017-04-13,35700,25.829999923706055,25.8700008392334,25.8700008392334,25.739999771118164,23.5931339263916
2017-04-12,26300,25.770000457763672,25.81999969482422,25.829999923706055,25.75,23.547531127929688
2017-04-11,25300,25.81999969482422,25.770000457763672,25.84000015258789,25.75,23.501934051513672
2017-04-10,36000,25.790000915527344,25.780000686645508,25.790000915527344,25.719999313354492,23.51105308532715
2017-04-07,31700,25.790000915527344,25.790000915527344,25.790000915527344,25.649999618530273,23.520174026489258
2017-04-06,76500,25.75,25.829999923706055,25.84000015258789,25.729999542236328,23.556652069091797
2017-04-05,47200,25.799999237060547,25.729999542236328,25.799999237060547,25.65999984741211,23.4654541015625
2017-04-04,38900,25.780000686645508,25.81999969482422,25.8700008392334,25.6299991607666,23.547531127929688
2017-04-03,84100,25.549999237060547,25.700000762939453,25.780000686645508,25.540000915527344,23.438098907470703
2017-03-31,82800,25.610000610351562,25.510000228881836,25.6200008392334,25.510000228881836,23.26481819152832
2017-03-30,136500,25.559999465942383,25.56999969482422,25.610000610351562,25.549999237060547,23.319534301757812
2017-03-29,48800,25.540000915527344,25.559999465942383,25.639999389648438,25.540000915527344,23.310415267944336
2017-03-28,31700,25.579999923706055,25.579999923706055,25.579999923706055,25.510000228881836,23.328655242919922
2017-03-27,45200,25.510000228881836,25.579999923706055,25.59000015258789,25.5,23.328655242919922
2017-03-24,72100,25.520000457763672,25.510000228881836,25.540000915527344,25.5,23.26481819152832
2017-03-23,126700,25.479999542236328,25.540000915527344,25.540000915527344,25.479999542236328,23.292177200317383
2017-03-22,34200,25.5,25.469999313354492,25.5,25.459999084472656,23.228336334228516
2017-03-21,74300,25.5,25.520000457763672,25.530000686645508,25.450000762939453,23.273937225341797
2017-03-20,103000,25.520000457763672,25.510000228881836,25.540000915527344,25.440000534057617,23.26481819152832
2017-03-17,39100,25.450000762939453,25.459999084472656,25.549999237060547,25.420000076293945,23.219215393066406
2017-03-16,82100,25.34000015258789,25.40999984741211,25.440000534057617,25.34000015258789,23.173614501953125
2017-03-15,68700,25.309999465942383,25.389999389648438,25.389999389648438,25.260000228881836,23.15537452697754
2017-03-14,48400,25.260000228881836,25.299999237060547,25.31999969482422,25.260000228881836,23.07329750061035
2017-03-13,36200,25.260000228881836,25.260000228881836,25.5,25.260000228881836,23.036819458007812
2017-03-10,59100,25.299999237060547,25.280000686645508,25.299999237060547,25.209999084472656,23.0550594329834
2017-03-09,498700,25.280000686645508,25.299999237060547,25.299999237060547,25.229999542236328,23.07329750061035
2017-03-08,110800,25.350000381469727,25.290000915527344,25.350000381469727,25.280000686645508,23.06418228149414
2017-03-07,74000,25.350000381469727,25.350000381469727,25.350000381469727,25.280000686645508,23.118898391723633
2017-03-06,62800,25.31999969482422,25.34000015258789,25.34000015258789,25.280000686645508,23.109779357910156
2017-03-03,81200,25.309999465942383,25.309999465942383,25.34000015258789,25.280000686645508,23.082420349121094
2017-03-02,49200,25.31999969482422,25.299999237060547,25.34000015258789,25.280000686645508,23.07329750061035
2017-03-01,293100,25.34000015258789,25.34000015258789,25.350000381469727,25.309999465942383,23.109779357910156
2017-02-28,73200,25.309999465942383,25.34000015258789,25.350000381469727,25.309999465942383,23.109779357910156
2017-02-27,75200,25.350000381469727,25.31999969482422,25.350000381469727,25.299999237060547,23.09153938293457
2017-02-24,51700,25.690000534057617,25.700000762939453,25.700000762939453,25.649999618530273,23.07512664794922
2017-02-23,106400,25.6200008392334,25.670000076293945,25.670000076293945,25.600000381469727,23.048189163208008
2017-02-22,58700,25.600000381469727,25.6299991607666,25.6299991607666,25.59000015258789,23.012271881103516
2017-02-21,150600,25.56999969482422,25.59000015258789,25.600000381469727,25.559999465942383,22.97635841369629
2017-02-17,29400,25.549999237060547,25.549999237060547,25.59000015258789,25.520000457763672,22.94044303894043
2017-02-16,32600,25.600000381469727,25.59000015258789,25.600000381469727,25.549999237060547,22.97635841369629
2017-02-15,55200,25.530000686645508,25.579999923706055,25.579999923706055,25.530000686645508,22.967378616333008
2017-02-14,65300,25.549999237060547,25.549999237060547,25.549999237060547,25.5,22.94044303894043
2017-02-13,237600,25.479999542236328,25.530000686645508,25.530000686645508,25.479999542236328,22.922487258911133
2017-02-10,75500,25.440000534057617,25.459999084472656,25.489999771118164,25.440000534057617,22.859634399414062
2017-02-09,231300,25.5,25.479999542236328,25.549999237060547,25.459999084472656,22.877593994140625
2017-02-08,72100,25.469999313354492,25.489999771118164,25.520000457763672,25.459999084472656,22.886573791503906
2017-02-07,283800,25.450000762939453,25.459999084472656,25.469999313354492,25.420000076293945,22.859634399414062
2017-02-06,32400,25.43000030517578,25.450000762939453,25.450000762939453,25.40999984741211,22.850658416748047
2017-02-03,76300,25.389999389648438,25.40999984741211,25.40999984741211,25.3700008392334,22.814739227294922
2017-02-02,61300,25.3799991607666,25.3700008392334,25.399999618530273,25.34000015258789,22.77882957458496
2017-02-01,26400,25.299999237060547,25.34000015258789,25.350000381469727,25.299999237060547,22.751893997192383
2017-01-31,54700,25.350000381469727,25.34000015258789,25.350000381469727,25.270000457763672,22.751893997192383
2017-01-30,22100,25.360000610351562,25.350000381469727,25.360000610351562,25.270000457763672,22.7608699798584
2017-01-27,54300,25.34000015258789,25.34000015258789,25.3700008392334,25.299999237060547,22.751893997192383
2017-01-26,34700,25.25,25.31999969482422,25.34000015258789,25.239999771118164,22.73393440246582
2017-01-25,38400,25.25,25.25,25.31999969482422,25.25,22.67108154296875
2017-01-24,30800,25.270000457763672,25.280000686645508,25.350000381469727,25.270000457763672,22.698020935058594
2017-01-23,62100,25.239999771118164,25.280000686645508,25.299999237060547,25.219999313354492,22.698020935058594
2017-01-20,107800,25.270000457763672,25.229999542236328,25.329999923706055,25.219999313354492,22.653125762939453
2017-01-19,667800,25.270000457763672,25.280000686645508,25.299999237060547,25.239999771118164,22.698020935058594
2017-01-18,50800,25.270000457763672,25.260000228881836,25.299999237060547,25.25,22.680063247680664
2017-01-17,294800,25.260000228881836,25.260000228881836,25.299999237060547,25.239999771118164,22.680063247680664
2017-01-13,205900,25.25,25.260000228881836,25.280000686645508,25.219999313354492,22.680063247680664
2017-01-12,28700,25.239999771118164,25.239999771118164,25.239999771118164,25.209999084472656,22.6621036529541
2017-01-11,93400,25.209999084472656,25.229999542236328,25.239999771118164,25.190000534057617,22.653125762939453
2017-01-10,164700,25.190000534057617,25.239999771118164,25.25,25.190000534057617,22.6621036529541
2017-01-09,122100,25.25,25.18000030517578,25.270000457763672,25.15999984741211,22.608232498168945
2017-01-06,39900,25.200000762939453,25.18000030517578,25.290000915527344,25.18000030517578,22.608232498168945
2017-01-05,52400,25.239999771118164,25.15999984741211,25.25,25.09000015258789,22.590274810791016
2017-01-04,34500,25.15999984741211,25.200000762939453,25.25,25.1200008392334,22.626192092895508
2017-01-03,43600,25.139999389648438,25.1200008392334,25.18000030517578,25.100000381469727,22.554363250732422
2016-12-30,33000,25.059999465942383,25.040000915527344,25.15999984741211,25.030000686645508,22.48253059387207
2016-12-29,31500,25.15999984741211,25.059999465942383,25.15999984741211,25.059999465942383,22.500490188598633
2016-12-28,40400,25.110000610351562,25.079999923706055,25.149999618530273,25.079999923706055,22.518447875976562
2016-12-27,58600,25.200000762939453,25.079999923706055,25.229999542236328,25.059999465942383,22.518447875976562
2016-12-23,21900,25.190000534057617,25.110000610351562,25.190000534057617,25.100000381469727,22.54538345336914
2016-12-22,50100,25.049999237060547,25.139999389648438,25.149999618530273,25.049999237060547,22.572317123413086
2016-12-21,89000,25.040000915527344,25.049999237060547,25.049999237060547,24.989999771118164,22.49150848388672
2016-12-20,110600,25.079999923706055,25.010000228881836,25.149999618530273,24.93000030517578,22.455596923828125
2016-12-19,53900,25.139999389648438,25.049999237060547,25.149999618530273,25.0,22.49150848388672
2016-12-16,47100,25.09000015258789,25.010000228881836,25.100000381469727,24.950000762939453,22.455596923828125
2016-12-15,160800,25.0,24.969999313354492,25.25,24.770000457763672,22.419681549072266
2016-12-14,76900,24.979999542236328,24.979999542236328,25.049999237060547,24.81999969482422,22.428661346435547
2016-12-13,59600,24.950000762939453,24.979999542236328,25.040000915527344,24.950000762939453,22.428661346435547
2016-12-12,67600,25.0,24.940000534057617,25.010000228881836,24.90999984741211,22.392745971679688
2016-12-09,55800,24.920000076293945,24.989999771118164,25.09000015258789,24.899999618530273,22.437639236450195
2016-12-08,47400,25.100000381469727,24.90999984741211,25.1299991607666,24.899999618530273,22.36581039428711
2016-12-07,80600,24.969999313354492,25.149999618530273,25.149999618530273,24.969999313354492,22.581298828125
2016-12-06,55300,24.969999313354492,24.979999542236328,25.040000915527344,24.940000534057617,22.428661346435547
2016-12-05,71800,24.770000457763672,24.93000030517578,24.979999542236328,24.770000457763672,22.383766174316406
2016-12-02,65300,24.81999969482422,24.799999237060547,24.860000610351562,24.670000076293945,22.267044067382812
2016-12-01,73100,24.920000076293945,24.799999237060547,24.940000534057617,24.799999237060547,22.267044067382812
2016-11-30,143200,24.989999771118164,24.920000076293945,25.020000457763672,24.8700008392334,22.374792098999023
2016-11-29,73200,24.93000030517578,24.979999542236328,25.020000457763672,24.860000610351562,22.428661346435547
2016-11-28,41100,25.25,25.280000686645508,25.329999923706055,25.200000762939453,22.340669631958008
2016-11-25,21800,25.149999618530273,25.239999771118164,25.239999771118164,25.149999618530273,22.30531883239746
2016-11-23,41400,25.15999984741211,25.149999618530273,25.200000762939453,25.100000381469727,22.225784301757812
2016-11-22,137100,25.1299991607666,25.15999984741211,25.190000534057617,25.1200008392334,22.234621047973633
2016-11-21,59400,25.09000015258789,25.110000610351562,25.170000076293945,25.059999465942383,22.1904354095459
2016-11-18,66200,25.139999389648438,25.079999923706055,25.18000030517578,25.040000915527344,22.163925170898438
2016-11-17,43400,25.149999618530273,25.149999618530273,25.18000030517578,25.1200008392334,22.225784301757812
2016-11-16,102300,25.139999389648438,25.170000076293945,25.219999313354492,25.110000610351562,22.24346160888672
2016-11-15,71900,25.06999969482422,25.18000030517578,25.239999771118164,25.0,22.252296447753906
2016-11-14,140600,25.219999313354492,24.889999389648438,25.25,24.860000610351562,21.996015548706055
2016-11-11,48600,25.270000457763672,25.280000686645508,25.350000381469727,25.190000534057617,22.340669631958008
2016-11-10,77900,25.280000686645508,25.260000228881836,25.31999969482422,25.18000030517578,22.322994232177734
2016-11-09,51600,25.1200008392334,25.260000228881836,25.299999237060547,25.100000381469727,22.322994232177734
2016-11-08,74000,25.31999969482422,25.239999771118164,25.329999923706055,25.239999771118164,22.30531883239746
2016-11-07,36000,25.350000381469727,25.309999465942383,25.43000030517578,25.309999465942383,22.3671817779541
2016-11-04,24000,25.329999923706055,25.299999237060547,25.3799991607666,25.299999237060547,22.35834503173828
2016-11-03,50400,25.489999771118164,25.329999923706055,25.489999771118164,25.31999969482422,22.38485336303711
2016-11-02,39600,25.420000076293945,25.399999618530273,25.530000686645508,25.399999618530273,22.446720123291016
2016-11-01,31400,25.440000534057617,25.43000030517578,25.479999542236328,25.420000076293945,22.473228454589844
2016-10-31,32300,25.469999313354492,25.459999084472656,25.489999771118164,25.420000076293945,22.499738693237305
2016-10-28,72000,25.540000915527344,25.450000762939453,25.559999465942383,25.450000762939453,22.490903854370117
2016-10-27,22300,25.579999923706055,25.540000915527344,25.579999923706055,25.520000457763672,22.57044219970703
2016-10-26,64300,25.610000610351562,25.56999969482422,25.639999389648438,25.530000686645508,22.59695053100586
2016-10-25,48400,25.670000076293945,25.690000534057617,25.739999771118164,25.670000076293945,22.702999114990234
2016-10-24,40400,25.729999542236328,25.700000762939453,25.770000457763672,25.68000030517578,22.71183967590332
2016-10-21,130600,25.600000381469727,25.799999237060547,25.799999237060547,25.530000686645508,22.80020523071289
2016-10-20,19200,25.540000915527344,25.600000381469727,25.600000381469727,25.540000915527344,22.623462677001953
2016-10-19,52900,25.530000686645508,25.56999969482422,25.65999984741211,25.479999542236328,22.59695053100586
2016-10-18,61400,25.489999771118164,25.510000228881836,25.530000686645508,25.450000762939453,22.543930053710938
2016-10-17,63600,25.469999313354492,25.440000534057617,25.530000686645508,25.440000534057617,22.482065200805664
2016-10-14,26500,25.43000030517578,25.469999313354492,25.489999771118164,25.43000030517578,22.508577346801758
2016-10-13,45600,25.350000381469727,25.399999618530273,25.440000534057617,25.350000381469727,22.446720123291016
2016-10-12,49400,25.360000610351562,25.34000015258789,25.440000534057617,25.329999923706055,22.393695831298828
2016-10-11,34000,25.5,25.389999389648438,25.5,25.360000610351562,22.437877655029297
2016-10-10,63700,25.579999923706055,25.510000228881836,25.579999923706055,25.399999618530273,22.543930053710938
2016-10-07,35600,25.56999969482422,25.540000915527344,25.600000381469727,25.510000228881836,22.57044219970703
2016-10-06,29200,25.59000015258789,25.579999923706055,25.600000381469727,25.520000457763672,22.60578727722168
2016-10-05,36400,25.610000610351562,25.59000015258789,25.6200008392334,25.540000915527344,22.614625930786133
2016-10-04,69700,25.65999984741211,25.56999969482422,25.65999984741211,25.530000686645508,22.59695053100586
2016-10-03,47200,25.510000228881836,25.65999984741211,25.739999771118164,25.510000228881836,22.676488876342773
2016-09-30,50300,25.520000457763672,25.440000534057617,25.579999923706055,25.420000076293945,22.482065200805664
2016-09-29,90100,25.770000457763672,25.450000762939453,25.93000030517578,25.450000762939453,22.490903854370117
2016-09-28,37100,25.639999389648438,25.700000762939453,25.760000228881836,25.639999389648438,22.71183967590332
2016-09-27,76900,25.6200008392334,25.649999618530273,25.780000686645508,25.6200008392334,22.667648315429688
2016-09-26,58500,25.6200008392334,25.559999465942383,25.729999542236328,25.559999465942383,22.588115692138672
2016-09-23,120100,25.6200008392334,25.65999984741211,25.889999389648438,25.600000381469727,22.676488876342773
2016-09-22,50000,25.549999237060547,25.6299991607666,25.68000030517578,25.530000686645508,22.649974822998047
2016-09-21,61400,25.530000686645508,25.5,25.549999237060547,25.350000381469727,22.53508949279785
2016-09-20,86200,25.530000686645508,25.479999542236328,25.600000381469727,25.450000762939453,22.51741600036621
2016-09-19,83200,25.559999465942383,25.520000457763672,25.690000534057617,25.510000228881836,22.552764892578125
2016-09-16,74900,25.479999542236328,25.420000076293945,25.600000381469727,25.3799991607666,22.464393615722656
2016-09-15,114000,25.329999923706055,25.520000457763672,25.649999618530273,25.329999923706055,22.552764892578125
2016-09-14,144300,25.579999923706055,25.3799991607666,25.790000915527344,25.260000228881836,22.42904281616211
2016-09-13,59300,25.600000381469727,25.65999984741211,25.700000762939453,25.520000457763672,22.676488876342773
2016-09-12,79600,25.600000381469727,25.68000030517578,25.68000030517578,25.40999984741211,22.694164276123047
2016-09-09,50100,25.860000610351562,25.559999465942383,25.989999771118164,25.559999465942383,22.588115692138672
2016-09-08,32700,26.0,25.969999313354492,26.040000915527344,25.860000610351562,22.950441360473633
2016-09-07,38200,25.979999542236328,25.969999313354492,26.100000381469727,25.950000762939453,22.950441360473633
2016-09-06,29200,26.0,26.09000015258789,26.09000015258789,25.90999984741211,23.05649185180664
2016-09-02,35200,25.809999465942383,25.979999542236328,25.989999771118164,25.799999237060547,22.959278106689453
2016-09-01,34600,25.760000228881836,25.829999923706055,25.889999389648438,25.760000228881836,22.826719284057617
2016-08-31,42500,25.850000381469727,25.719999313354492,25.850000381469727,25.719999313354492,22.729509353637695
2016-08-30,52300,25.899999618530273,25.790000915527344,25.899999618530273,25.719999313354492,22.791372299194336
2016-08-29,47500,26.149999618530273,26.190000534057617,26.219999313354492,26.1299991607666,22.79313850402832
2016-08-26,24000,26.219999313354492,26.25,26.25,26.079999923706055,22.845361709594727
2016-08-25,52500,26.200000762939453,26.1200008392334,26.219999313354492,26.110000610351562,22.732221603393555
2016-08-24,34700,26.420000076293945,26.200000762939453,26.420000076293945,26.200000762939453,22.801843643188477
2016-08-23,31500,26.239999771118164,26.3700008392334,26.3700008392334,26.219999313354492,22.94979476928711
2016-08-22,19300,26.219999313354492,26.280000686645508,26.3799991607666,26.219999313354492,22.87146759033203
2016-08-19,40200,26.260000228881836,26.309999465942383,26.420000076293945,26.209999084472656,22.89757537841797
2016-08-18,33600,26.18000030517578,26.360000610351562,26.360000610351562,26.18000030517578,22.941091537475586
2016-08-17,57100,26.09000015258789,26.290000915527344,26.290000915527344,26.020000457763672,22.880168914794922
2016-08-16,24600,26.290000915527344,26.1299991607666,26.290000915527344,25.959999084472656,22.740921020507812
2016-08-15,76800,26.229999542236328,26.06999969482422,26.270000457763672,26.020000457763672,22.688703536987305
2016-08-12,51700,26.239999771118164,26.3700008392334,26.40999984741211,26.18000030517578,22.94979476928711
2016-08-11,48400,26.34000015258789,26.34000015258789,26.389999389648438,26.190000534057617,22.923683166503906
2016-08-10,39400,26.420000076293945,26.34000015258789,26.420000076293945,26.299999237060547,22.923683166503906
2016-08-09,52600,26.350000381469727,26.420000076293945,26.420000076293945,26.290000915527344,22.993309020996094
2016-08-08,87500,25.979999542236328,26.350000381469727,26.350000381469727,25.979999542236328,22.932388305664062
2016-08-05,38900,25.940000534057617,26.030000686645508,26.040000915527344,25.920000076293945,22.65389060974121
2016-08-04,44000,25.84000015258789,26.049999237060547,26.049999237060547,25.81999969482422,22.671297073364258
2016-08-03,47100,25.780000686645508,25.93000030517578,25.93000030517578,25.719999313354492,22.566862106323242
2016-08-02,76300,25.860000610351562,25.8700008392334,25.8799991607666,25.739999771118164,22.514646530151367
2016-08-01,67100,25.940000534057617,25.860000610351562,25.979999542236328,25.81999969482422,22.505939483642578
2016-07-29,99300,25.969999313354492,25.90999984741211,26.219999313354492,25.90999984741211,22.549455642700195
2016-07-28,42700,25.940000534057617,25.979999542236328,26.020000457763672,25.93000030517578,22.610374450683594
2016-07-27,62300,25.899999618530273,25.989999771118164,26.06999969482422,25.899999618530273,22.619077682495117
2016-07-26,50700,25.799999237060547,25.920000076293945,25.920000076293945,25.780000686645508,22.55816078186035
2016-07-25,53400,25.780000686645508,25.799999237060547,25.799999237060547,25.65999984741211,22.453720092773438
2016-07-22,111100,25.809999465942383,25.600000381469727,25.829999923706055,25.600000381469727,22.2796630859375
2016-07-21,43700,25.93000030517578,25.809999465942383,25.979999542236328,25.809999465942383,22.46242332458496
2016-07-20,38300,25.899999618530273,25.829999923706055,26.079999923706055,25.799999237060547,22.479829788208008
2016-07-19,83200,26.1299991607666,25.899999618530273,26.270000457763672,25.729999542236328,22.540754318237305
2016-07-18,39200,26.31999969482422,26.239999771118164,26.360000610351562,26.010000228881836,22.836652755737305
2016-07-15,118500,25.989999771118164,26.209999084472656,26.3799991607666,25.989999771118164,22.810544967651367
2016-07-14,60000,25.959999084472656,26.010000228881836,26.09000015258789,25.719999313354492,22.636486053466797
2016-07-13,104300,26.110000610351562,25.940000534057617,26.309999465942383,25.899999618530273,22.575563430786133
2016-07-12,89700,26.010000228881836,26.110000610351562,26.239999771118164,25.979999542236328,22.7235164642334
2016-07-11,60200,25.959999084472656,26.049999237060547,26.190000534057617,25.959999084472656,22.671297073364258
2016-07-08,51500,25.920000076293945,25.950000762939453,26.049999237060547,25.8700008392334,22.584270477294922
2016-07-07,49300,26.0,25.979999542236328,26.040000915527344,25.84000015258789,22.610374450683594
2016-07-06,64000,25.84000015258789,25.989999771118164,26.049999237060547,25.790000915527344,22.619077682495117
2016-07-05,88700,26.139999389648438,25.959999084472656,26.329999923706055,25.850000381469727,22.592967987060547
2016-07-01,66300,26.270000457763672,26.190000534057617,26.350000381469727,26.079999923706055,22.79313850402832
2016-06-30,128000,25.969999313354492,26.31999969482422,26.3799991607666,25.790000915527344,22.906278610229492
2016-06-29,85100,26.0,26.100000381469727,26.149999618530273,25.790000915527344,22.714813232421875
2016-06-28,95400,25.56999969482422,26.0,26.219999313354492,25.540000915527344,22.62778091430664
2016-06-27,95300,25.450000762939453,25.329999923706055,25.5,25.280000686645508,22.044679641723633
2016-06-24,103900,25.299999237060547,25.540000915527344,26.010000228881836,25.299999237060547,22.227449417114258
2016-06-23,67800,26.139999389648438,26.190000534057617,26.229999542236328,26.110000610351562,22.79313850402832
2016-06-22,54800,26.420000076293945,26.200000762939453,26.420000076293945,26.149999618530273,22.801843643188477
2016-06-21,42600,26.270000457763672,26.420000076293945,26.420000076293945,26.260000228881836,22.993309020996094
2016-06-20,54400,26.260000228881836,26.389999389648438,26.389999389648438,26.190000534057617,22.96719741821289
2016-06-17,48600,26.110000610351562,26.299999237060547,26.299999237060547,26.059999465942383,22.888872146606445
2016-06-16,69000,26.190000534057617,26.040000915527344,26.229999542236328,26.040000915527344,22.662595748901367
2016-06-15,86200,26.079999923706055,26.309999465942383,26.31999969482422,26.049999237060547,22.89757537841797
2016-06-14,78500,26.139999389648438,26.1299991607666,26.25,26.0,22.740921020507812
2016-06-13,22300,26.25,26.209999084472656,26.25,26.170000076293945,22.810544967651367
2016-06-10,37500,26.239999771118164,26.25,26.25,26.110000610351562,22.845361709594727
2016-06-09,89800,26.25,26.25,26.360000610351562,26.209999084472656,22.845361709594727
2016-06-08,60100,26.200000762939453,26.31999969482422,26.389999389648438,26.190000534057617,22.906278610229492
2016-06-07,57100,26.299999237060547,26.219999313354492,26.389999389648438,26.06999969482422,22.81924819946289
2016-06-06,45100,26.3700008392334,26.3700008392334,26.3700008392334,26.260000228881836,22.94979476928711
2016-06-03,74400,26.299999237060547,26.3700008392334,26.3700008392334,26.219999313354492,22.94979476928711
2016-06-02,40900,26.239999771118164,26.350000381469727,26.360000610351562,26.18000030517578,22.932388305664062
2016-06-01,96900,26.260000228881836,26.329999923706055,26.350000381469727,26.15999984741211,22.914979934692383
2016-05-31,156900,26.1200008392334,26.360000610351562,26.5,26.010000228881836,22.941091537475586
2016-05-27,71000,26.190000534057617,26.18000030517578,26.270000457763672,26.149999618530273,22.784439086914062
2016-05-26,111800,26.3799991607666,26.600000381469727,26.600000381469727,26.3799991607666,22.80358123779297
2016-05-25,46200,26.270000457763672,26.3799991607666,26.389999389648438,26.219999313354492,22.614980697631836
2016-05-24,78700,26.200000762939453,26.34000015258789,26.34000015258789,26.18000030517578,22.580690383911133
2016-05-23,59700,26.149999618530273,26.25,26.25,26.079999923706055,22.503538131713867
2016-05-20,67400,26.020000457763672,26.139999389648438,26.139999389648438,25.989999771118164,22.409231185913086
2016-05-19,64800,26.139999389648438,26.059999465942383,26.139999389648438,25.940000534057617,22.340654373168945
2016-05-18,94400,26.1200008392334,26.149999618530273,26.690000534057617,26.110000610351562,22.41780662536621
2016-05-17,31700,26.200000762939453,26.18000030517578,26.200000762939453,26.110000610351562,22.443527221679688
2016-05-16,34100,26.149999618530273,26.25,26.260000228881836,26.149999618530273,22.503538131713867
2016-05-13,47900,26.209999084472656,26.1200008392334,26.229999542236328,26.1200008392334,22.392091751098633
2016-05-12,56500,26.200000762939453,26.229999542236328,26.260000228881836,26.110000610351562,22.486387252807617
2016-05-11,45500,26.200000762939453,26.1299991607666,26.200000762939453,26.059999465942383,22.40066146850586
2016-05-10,149200,26.040000915527344,26.260000228881836,26.440000534057617,26.040000915527344,22.512107849121094
2016-05-09,46300,26.06999969482422,26.139999389648438,26.139999389648438,26.010000228881836,22.409231185913086
2016-05-06,83900,25.959999084472656,26.1200008392334,26.309999465942383,25.93000030517578,22.392091751098633
2016-05-05,11100,25.889999389648438,25.959999084472656,25.959999084472656,25.889999389648438,22.25492286682129
2016-05-04,35000,25.889999389648438,25.959999084472656,26.0,25.8799991607666,22.25492286682129
2016-05-03,40400,25.950000762939453,25.93000030517578,25.989999771118164,25.889999389648438,22.22920799255371
2016-05-02,37200,25.790000915527344,25.90999984741211,25.989999771118164,25.790000915527344,22.212060928344727
2016-04-29,65900,25.809999465942383,25.719999313354492,25.90999984741211,25.719999313354492,22.049177169799805
2016-04-28,49900,25.829999923706055,25.84000015258789,25.899999618530273,25.829999923706055,22.15205192565918
2016-04-27,41800,25.729999542236328,25.829999923706055,25.8799991607666,25.68000030517578,22.143476486206055
2016-04-26,26100,25.700000762939453,25.770000457763672,25.770000457763672,25.600000381469727,22.092042922973633
2016-04-25,34400,25.700000762939453,25.68000030517578,25.700000762939453,25.6299991607666,22.014888763427734
2016-04-22,44100,25.670000076293945,25.739999771118164,25.790000915527344,25.6299991607666,22.066326141357422
2016-04-21,38000,25.68000030517578,25.670000076293945,25.690000534057617,25.540000915527344,22.006315231323242
2016-04-20,55700,25.530000686645508,25.65999984741211,25.68000030517578,25.459999084472656,21.99774169921875
2016-04-19,169200,25.420000076293945,25.489999771118164,25.530000686645508,25.420000076293945,21.852006912231445
2016-04-18,82700,25.450000762939453,25.40999984741211,25.450000762939453,25.3799991607666,21.783418655395508
2016-04-15,307500,25.649999618530273,25.399999618530273,25.649999618530273,25.399999618530273,21.774850845336914
2016-04-14,47500,25.649999618530273,25.649999618530273,25.649999618530273,25.59000015258789,21.989168167114258
2016-04-13,61400,25.549999237060547,25.6200008392334,25.639999389648438,25.5,21.963451385498047
2016-04-12,87500,25.489999771118164,25.459999084472656,25.549999237060547,25.450000762939453,21.82628631591797
2016-04-11,80800,25.5,25.489999771118164,25.520000457763672,25.420000076293945,21.852006912231445
2016-04-08,48600,25.299999237060547,25.399999618530273,25.450000762939453,25.299999237060547,21.774850845336914
2016-04-07,94300,25.350000381469727,25.25,25.420000076293945,25.25,21.646255493164062
2016-04-06,35200,25.329999923706055,25.290000915527344,25.40999984741211,25.25,21.680551528930664
2016-04-05,51400,25.329999923706055,25.309999465942383,25.350000381469727,25.260000228881836,21.697694778442383
2016-04-04,42600,25.290000915527344,25.329999923706055,25.360000610351562,25.260000228881836,21.7148380279541
2016-04-01,77500,25.43000030517578,25.309999465942383,25.440000534057617,25.299999237060547,21.697694778442383
2016-03-31,48000,25.5,25.389999389648438,25.540000915527344,25.389999389648438,21.76627540588379
2016-03-30,60100,25.5,25.559999465942383,25.559999465942383,25.399999618530273,21.91201400756836
2016-03-29,147700,25.40999984741211,25.43000030517578,25.459999084472656,25.329999923706055,21.800565719604492
2016-03-28,83100,25.489999771118164,25.450000762939453,25.489999771118164,25.360000610351562,21.817712783813477
2016-03-24,35000,25.31999969482422,25.459999084472656,25.459999084472656,25.309999465942383,21.82628631591797
2016-03-23,50600,25.469999313354492,25.360000610351562,25.469999313354492,25.360000610351562,21.740556716918945
2016-03-22,31000,25.450000762939453,25.3799991607666,25.450000762939453,25.329999923706055,21.75770378112793
2016-03-21,36000,25.350000381469727,25.399999618530273,25.479999542236328,25.329999923706055,21.774850845336914
2016-03-18,41700,25.450000762939453,25.450000762939453,25.469999313354492,25.389999389648438,21.817712783813477
2016-03-17,129100,25.399999618530273,25.350000381469727,25.399999618530273,25.299999237060547,21.731985092163086
2016-03-16,58600,25.31999969482422,25.299999237060547,25.34000015258789,25.25,21.689123153686523
2016-03-15,55200,25.489999771118164,25.25,25.489999771118164,25.209999084472656,21.646255493164062
2016-03-14,32100,25.450000762939453,25.459999084472656,25.479999542236328,25.3799991607666,21.82628631591797
2016-03-11,48500,25.489999771118164,25.40999984741211,25.489999771118164,25.31999969482422,21.783418655395508
2016-03-10,42500,25.389999389648438,25.270000457763672,25.440000534057617,25.239999771118164,21.663402557373047
2016-03-09,30200,25.399999618530273,25.389999389648438,25.479999542236328,25.3799991607666,21.76627540588379
2016-03-08,35800,25.3799991607666,25.420000076293945,25.469999313354492,25.3799991607666,21.7919979095459
2016-03-07,33700,25.450000762939453,25.399999618530273,25.450000762939453,25.329999923706055,21.774850845336914
2016-03-04,53400,25.420000076293945,25.43000030517578,25.579999923706055,25.350000381469727,21.800565719604492
2016-03-03,26000,25.450000762939453,25.420000076293945,25.450000762939453,25.3700008392334,21.7919979095459
2016-03-02,55200,25.450000762939453,25.350000381469727,25.479999542236328,25.299999237060547,21.731985092163086
2016-03-01,173300,25.360000610351562,25.40999984741211,25.479999542236328,25.329999923706055,21.783418655395508
2016-02-29,39200,25.34000015258789,25.309999465942383,25.459999084472656,25.309999465942383,21.697694778442383
2016-02-26,60800,25.3799991607666,25.34000015258789,25.389999389648438,25.190000534057617,21.72341537475586
2016-02-25,36200,25.579999923706055,25.59000015258789,25.600000381469727,25.399999618530273,21.937734603881836
2016-02-24,60400,25.15999984741211,25.420000076293945,25.450000762939453,25.15999984741211,21.7919979095459
2016-02-23,78400,25.43000030517578,25.31999969482422,25.43000030517578,25.25,21.706266403198242
2016-02-22,58100,25.68000030517578,25.389999389648438,25.68000030517578,25.3700008392334,21.76627540588379
2016-02-19,108500,25.200000762939453,25.510000228881836,25.549999237060547,25.18000030517578,21.869152069091797
2016-02-18,85300,25.360000610351562,25.329999923706055,25.420000076293945,25.149999618530273,21.7148380279541
2016-02-17,43200,25.309999465942383,25.3700008392334,25.420000076293945,25.309999465942383,21.74913215637207
2016-02-16,109600,24.799999237060547,25.25,25.3799991607666,24.780000686645508,21.646255493164062
2016-02-12,175300,23.860000610351562,24.440000534057617,24.540000915527344,23.850000381469727,20.95186424255371
2016-02-11,253800,24.600000381469727,23.65999984741211,24.649999618530273,23.200000762939453,20.283185958862305
2016-02-10,146200,24.850000381469727,24.860000610351562,25.170000076293945,24.81999969482422,21.311920166015625
2016-02-09,198700,24.979999542236328,24.59000015258789,25.149999618530273,24.260000228881836,21.080453872680664
2016-02-08,154600,25.309999465942383,25.329999923706055,25.34000015258789,24.959999084472656,21.7148380279541
2016-02-05,105600,25.510000228881836,25.440000534057617,25.510000228881836,25.309999465942383,21.809141159057617
2016-02-04,67700,25.559999465942383,25.540000915527344,25.600000381469727,25.459999084472656,21.894872665405273
2016-02-03,67100,25.649999618530273,25.59000015258789,25.649999618530273,25.489999771118164,21.937734603881836
2016-02-02,61400,25.700000762939453,25.639999389648438,25.700000762939453,25.6200008392334,21.980592727661133
2016-02-01,55300,25.59000015258789,25.700000762939453,25.700000762939453,25.549999237060547,22.03203582763672
2016-01-29,105500,25.469999313354492,25.59000015258789,25.6299991607666,25.469999313354492,21.937734603881836
2016-01-28,48900,25.479999542236328,25.459999084472656,25.479999542236328,25.420000076293945,21.82628631591797
2016-01-27,56100,25.399999618530273,25.43000030517578,25.469999313354492,25.3700008392334,21.800565719604492
2016-01-26,145900,25.549999237060547,25.420000076293945,25.59000015258789,25.3700008392334,21.7919979095459
2016-01-25,43200,25.530000686645508,25.530000686645508,25.579999923706055,25.469999313354492,21.886295318603516
2016-01-22,112500,25.690000534057617,25.489999771118164,25.690000534057617,25.469999313354492,21.852006912231445
2016-01-21,58000,25.520000457763672,25.520000457763672,25.59000015258789,25.469999313354492,21.877721786499023
2016-01-20,94200,25.360000610351562,25.40999984741211,25.489999771118164,25.219999313354492,21.783418655395508
2016-01-19,62100,25.479999542236328,25.43000030517578,25.90999984741211,25.399999618530273,21.800565719604492
2016-01-15,59300,25.549999237060547,25.479999542236328,25.639999389648438,25.450000762939453,21.84343147277832
2016-01-14,50100,25.600000381469727,25.670000076293945,25.690000534057617,25.559999465942383,22.006315231323242
2016-01-13,34700,25.65999984741211,25.59000015258789,25.700000762939453,25.549999237060547,21.937734603881836
2016-01-12,45400,25.700000762939453,25.639999389648438,25.700000762939453,25.6200008392334,21.980592727661133
2016-01-11,25500,25.690000534057617,25.649999618530273,25.690000534057617,25.600000381469727,21.989168167114258
2016-01-08,45100,25.739999771118164,25.690000534057617,25.75,25.670000076293945,22.023460388183594
2016-01-07,22900,25.600000381469727,25.690000534057617,25.75,25.600000381469727,22.023460388183594
2016-01-06,140900,25.84000015258789,25.719999313354492,25.84000015258789,25.649999618530273,22.049177169799805
2016-01-05,89900,25.93000030517578,25.950000762939453,25.969999313354492,25.8700008392334,22.246353149414062
2016-01-04,100500,25.649999618530273,25.989999771118164,26.579999923706055,25.610000610351562,22.280643463134766
2015-12-31,8400,25.780000686645508,25.780000686645508,25.809999465942383,25.760000228881836,22.100616455078125
2015-12-30,26700,25.84000015258789,25.790000915527344,25.84000015258789,25.729999542236328,22.109189987182617
2015-12-29,58500,25.600000381469727,25.860000610351562,25.8700008392334,25.559999465942383,22.16919708251953
2015-12-28,50400,25.5,25.639999389648438,25.639999389648438,25.440000534057617,21.980592727661133
2015-12-24,13300,25.43000030517578,25.510000228881836,25.510000228881836,25.43000030517578,21.869152069091797
2015-12-23,31900,25.5,25.459999084472656,25.5,25.389999389648438,21.82628631591797
2015-12-22,69900,25.420000076293945,25.459999084472656,25.549999237060547,25.40999984741211,21.82628631591797
2015-12-21,56900,25.399999618530273,25.43000030517578,25.530000686645508,25.389999389648438,21.800565719604492
2015-12-18,61500,25.469999313354492,25.440000534057617,25.489999771118164,25.3700008392334,21.809141159057617
2015-12-17,43400,25.3700008392334,25.3700008392334,25.440000534057617,25.350000381469727,21.74913215637207
2015-12-16,46000,25.260000228881836,25.290000915527344,25.350000381469727,25.209999084472656,21.680551528930664
2015-12-15,46100,25.3700008392334,25.190000534057617,25.3700008392334,25.15999984741211,21.59482192993164
2015-12-14,74200,25.389999389648438,25.18000030517578,25.450000762939453,25.170000076293945,21.58624839782715
2015-12-11,33200,25.520000457763672,25.389999389648438,25.520000457763672,25.389999389648438,21.76627540588379
2015-12-10,23000,25.510000228881836,25.479999542236328,25.540000915527344,25.450000762939453,21.84343147277832
2015-12-09,32000,25.510000228881836,25.450000762939453,25.510000228881836,25.420000076293945,21.817712783813477
2015-12-08,17500,25.440000534057617,25.479999542236328,25.530000686645508,25.440000534057617,21.84343147277832
2015-12-07,38900,25.5,25.5,25.56999969482422,25.399999618530273,21.860576629638672
2015-12-04,25100,25.489999771118164,25.510000228881836,25.559999465942383,25.450000762939453,21.869152069091797
2015-12-03,48200,25.420000076293945,25.510000228881836,25.540000915527344,25.40999984741211,21.869152069091797
2015-12-02,98700,25.56999969482422,25.389999389648438,25.579999923706055,25.360000610351562,21.76627540588379
2015-12-01,51000,25.65999984741211,25.600000381469727,25.65999984741211,25.559999465942383,21.946304321289062
2015-11-30,42600,25.540000915527344,25.510000228881836,25.579999923706055,25.479999542236328,21.869152069091797
2015-11-27,40700,25.489999771118164,25.530000686645508,25.559999465942383,25.3700008392334,21.886295318603516
2015-11-25,44600,25.860000610351562,25.81999969482422,25.889999389648438,25.799999237060547,21.79370880126953
2015-11-24,42700,25.6299991607666,25.799999237060547,25.799999237060547,25.6299991607666,21.776826858520508
2015-11-23,34300,25.649999618530273,25.690000534057617,25.690000534057617,25.610000610351562,21.683979034423828
2015-11-20,48600,25.65999984741211,25.65999984741211,25.68000030517578,25.59000015258789,21.658658981323242
2015-11-19,30600,25.65999984741211,25.649999618530273,25.68000030517578,25.6200008392334,21.65022087097168
2015-11-18,33700,25.6299991607666,25.690000534057617,25.700000762939453,25.6299991607666,21.683979034423828
2015-11-17,34900,25.68000030517578,25.649999618530273,25.68000030517578,25.610000610351562,21.65022087097168
2015-11-16,49500,25.639999389648438,25.6299991607666,25.709999084472656,25.559999465942383,21.633337020874023
2015-11-13,38200,25.739999771118164,25.670000076293945,25.780000686645508,25.649999618530273,21.66710090637207
2015-11-12,43500,25.719999313354492,25.809999465942383,25.860000610351562,25.65999984741211,21.785266876220703
2015-11-11,43300,25.770000457763672,25.790000915527344,25.829999923706055,25.770000457763672,21.768386840820312
2015-11-10,33200,25.700000762939453,25.799999237060547,25.799999237060547,25.700000762939453,21.776826858520508
2015-11-09,46300,25.649999618530273,25.75,25.770000457763672,25.549999237060547,21.734622955322266
2015-11-06,33700,25.739999771118164,25.700000762939453,25.739999771118164,25.559999465942383,21.692424774169922
2015-11-05,38600,25.700000762939453,25.790000915527344,25.799999237060547,25.700000762939453,21.768386840820312
2015-11-04,41500,25.84000015258789,25.700000762939453,25.84000015258789,25.700000762939453,21.692424774169922
2015-11-03,44400,25.670000076293945,25.770000457763672,25.850000381469727,25.670000076293945,21.751508712768555
2015-11-02,53300,25.56999969482422,25.729999542236328,25.799999237060547,25.559999465942383,21.717741012573242
2015-10-30,75600,25.6200008392334,25.600000381469727,25.639999389648438,25.40999984741211,21.608015060424805
2015-10-29,30500,25.6200008392334,25.649999618530273,25.649999618530273,25.559999465942383,21.65022087097168
2015-10-28,33600,25.59000015258789,25.6299991607666,25.6299991607666,25.549999237060547,21.633337020874023
2015-10-27,42300,25.469999313354492,25.600000381469727,25.600000381469727,25.469999313354492,21.608015060424805
2015-10-26,38700,25.530000686645508,25.510000228881836,25.540000915527344,25.469999313354492,21.53205108642578
2015-10-23,31100,25.530000686645508,25.469999313354492,25.56999969482422,25.469999313354492,21.498287200927734
2015-10-22,52600,25.510000228881836,25.540000915527344,25.540000915527344,25.469999313354492,21.557374954223633
2015-10-21,44900,25.479999542236328,25.5,25.520000457763672,25.469999313354492,21.52360725402832
2015-10-20,79400,25.469999313354492,25.459999084472656,25.469999313354492,25.420000076293945,21.489845275878906
2015-10-19,31600,25.469999313354492,25.450000762939453,25.469999313354492,25.450000762939453,21.48140525817871
2015-10-16,85200,25.40999984741211,25.5,25.5,25.389999389648438,21.52360725402832
2015-10-15,71500,25.399999618530273,25.389999389648438,25.399999618530273,25.360000610351562,21.430761337280273
2015-10-14,27200,25.389999389648438,25.350000381469727,25.389999389648438,25.350000381469727,21.39699935913086
2015-10-13,43900,25.350000381469727,25.34000015258789,25.389999389648438,25.31999969482422,21.388559341430664
2015-10-12,54500,25.25,25.350000381469727,25.350000381469727,25.25,21.39699935913086
2015-10-09,49400,25.329999923706055,25.270000457763672,25.350000381469727,25.219999313354492,21.329477310180664
2015-10-08,34600,25.260000228881836,25.299999237060547,25.299999237060547,25.260000228881836,21.35479736328125
2015-10-07,45700,25.299999237060547,25.299999237060547,25.3799991607666,25.290000915527344,21.35479736328125
2015-10-06,40000,25.25,25.299999237060547,25.299999237060547,25.25,21.35479736328125
2015-10-05,46200,25.219999313354492,25.25,25.309999465942383,25.219999313354492,21.312591552734375
2015-10-02,39200,25.209999084472656,25.219999313354492,25.219999313354492,25.18000030517578,21.287269592285156
2015-10-01,43300,25.239999771118164,25.200000762939453,25.25,25.200000762939453,21.2703914642334
2015-09-30,55300,25.299999237060547,25.200000762939453,25.299999237060547,25.200000762939453,21.2703914642334
2015-09-29,44600,25.229999542236328,25.200000762939453,25.260000228881836,25.200000762939453,21.2703914642334
2015-09-28,28800,25.270000457763672,25.239999771118164,25.290000915527344,25.229999542236328,21.30415153503418
2015-09-25,79500,25.280000686645508,25.25,25.329999923706055,25.25,21.312591552734375
2015-09-24,28200,25.270000457763672,25.290000915527344,25.290000915527344,25.270000457763672,21.346357345581055
2015-09-23,30100,25.270000457763672,25.299999237060547,25.299999237060547,25.25,21.35479736328125
2015-09-22,59700,25.290000915527344,25.25,25.290000915527344,25.229999542236328,21.312591552734375
2015-09-21,29700,25.299999237060547,25.270000457763672,25.299999237060547,25.25,21.329477310180664
2015-09-18,23700,25.260000228881836,25.280000686645508,25.299999237060547,25.260000228881836,21.337915420532227
2015-09-17,53700,25.270000457763672,25.25,25.280000686645508,25.239999771118164,21.312591552734375
2015-09-16,67300,25.299999237060547,25.31999969482422,25.31999969482422,25.25,21.371679306030273
2015-09-15,24500,25.290000915527344,25.290000915527344,25.299999237060547,25.25,21.346357345581055
2015-09-14,30800,25.229999542236328,25.239999771118164,25.260000228881836,25.219999313354492,21.30415153503418
2015-09-11,27700,25.229999542236328,25.219999313354492,25.25,25.219999313354492,21.287269592285156
2015-09-10,30400,25.280000686645508,25.25,25.280000686645508,25.219999313354492,21.312591552734375
2015-09-09,28600,25.25,25.260000228881836,25.270000457763672,25.219999313354492,21.321035385131836
2015-09-08,19700,25.219999313354492,25.239999771118164,25.239999771118164,25.209999084472656,21.30415153503418
2015-09-04,23400,25.239999771118164,25.190000534057617,25.239999771118164,25.18000030517578,21.26194953918457
2015-09-03,53300,25.170000076293945,25.209999084472656,25.239999771118164,25.15999984741211,21.278831481933594
2015-09-02,42100,25.170000076293945,25.18000030517578,25.190000534057617,25.1200008392334,21.25350570678711
2015-09-01,30800,25.280000686645508,25.15999984741211,25.280000686645508,25.110000610351562,21.23662757873535
2015-08-31,101000,25.219999313354492,25.110000610351562,25.239999771118164,25.06999969482422,21.194427490234375
2015-08-28,63400,25.15999984741211,25.18000030517578,25.219999313354492,25.149999618530273,21.25350570678711
2015-08-27,44700,25.399999618530273,25.440000534057617,25.450000762939453,25.34000015258789,21.137025833129883
2015-08-26,74800,25.399999618530273,25.34000015258789,25.399999618530273,25.260000228881836,21.05394172668457
2015-08-25,42900,25.329999923706055,25.260000228881836,25.40999984741211,25.260000228881836,20.987472534179688
2015-08-24,143100,25.3700008392334,25.280000686645508,25.3700008392334,25.219999313354492,21.004091262817383
2015-08-21,34400,25.549999237060547,25.540000915527344,25.59000015258789,25.540000915527344,21.220117568969727
2015-08-20,29600,25.600000381469727,25.549999237060547,25.600000381469727,25.540000915527344,21.22842025756836
2015-08-19,36500,25.540000915527344,25.559999465942383,25.56999969482422,25.510000228881836,21.236730575561523
2015-08-18,38300,25.549999237060547,25.559999465942383,25.610000610351562,25.549999237060547,21.236730575561523
2015-08-17,41300,25.559999465942383,25.579999923706055,25.59000015258789,25.530000686645508,21.25334930419922
2015-08-14,33300,25.59000015258789,25.610000610351562,25.610000610351562,25.549999237060547,21.27827262878418
2015-08-13,22200,25.59000015258789,25.610000610351562,25.6200008392334,25.510000228881836,21.27827262878418
2015-08-12,32300,25.56999969482422,25.59000015258789,25.600000381469727,25.540000915527344,21.26165771484375
2015-08-11,37400,25.510000228881836,25.59000015258789,25.59000015258789,25.5,21.26165771484375
2015-08-10,31900,25.43000030517578,25.520000457763672,25.520000457763672,25.420000076293945,21.2034969329834
2015-08-07,21000,25.399999618530273,25.450000762939453,25.469999313354492,25.399999618530273,21.14533805847168
2015-08-06,27100,25.399999618530273,25.420000076293945,25.43000030517578,25.389999389648438,21.12040901184082
2015-08-05,33000,25.3700008392334,25.389999389648438,25.399999618530273,25.360000610351562,21.095483779907227
2015-08-04,87800,25.399999618530273,25.350000381469727,25.399999618530273,25.329999923706055,21.0622501373291
2015-08-03,30600,25.34000015258789,25.3700008392334,25.399999618530273,25.34000015258789,21.078868865966797
2015-07-31,25700,25.350000381469727,25.329999923706055,25.3700008392334,25.299999237060547,21.045631408691406
2015-07-30,21000,25.3700008392334,25.329999923706055,25.3700008392334,25.31999969482422,21.045631408691406
2015-07-29,29400,25.31999969482422,25.31999969482422,25.34000015258789,25.31999969482422,21.03732681274414
2015-07-28,100500,25.389999389648438,25.329999923706055,25.420000076293945,25.270000457763672,21.045631408691406
2015-07-27,26900,25.399999618530273,25.329999923706055,25.399999618530273,25.31999969482422,21.045631408691406
2015-07-24,24700,25.360000610351562,25.389999389648438,25.43000030517578,25.350000381469727,21.095483779907227
2015-07-23,149000,25.3799991607666,25.34000015258789,25.479999542236328,25.239999771118164,21.05394172668457
2015-07-22,40200,25.579999923706055,25.420000076293945,25.579999923706055,25.40999984741211,21.12040901184082
2015-07-21,29300,25.559999465942383,25.559999465942383,25.610000610351562,25.549999237060547,21.236730575561523
2015-07-20,32600,25.68000030517578,25.559999465942383,25.68000030517578,25.549999237060547,21.236730575561523
2015-07-17,39300,25.579999923706055,25.670000076293945,25.670000076293945,25.540000915527344,21.328126907348633
2015-07-16,46100,25.43000030517578,25.579999923706055,25.6200008392334,25.43000030517578,21.25334930419922
2015-07-15,100500,25.329999923706055,25.469999313354492,25.5,25.329999923706055,21.161954879760742
2015-07-14,20300,25.350000381469727,25.329999923706055,25.350000381469727,25.270000457763672,21.045631408691406
2015-07-13,35000,25.270000457763672,25.31999969482422,25.350000381469727,25.25,21.03732681274414
2015-07-10,21900,25.219999313354492,25.229999542236328,25.25,25.219999313354492,20.962549209594727
2015-07-09,32800,25.219999313354492,25.209999084472656,25.239999771118164,25.200000762939453,20.94593048095703
2015-07-08,44600,25.25,25.200000762939453,25.260000228881836,25.190000534057617,20.937620162963867
2015-07-07,16800,25.309999465942383,25.260000228881836,25.309999465942383,25.25,20.987472534179688
2015-07-06,40100,25.270000457763672,25.290000915527344,25.399999618530273,25.229999542236328,21.012399673461914
2015-07-02,22900,25.350000381469727,25.329999923706055,25.350000381469727,25.25,21.045631408691406
2015-07-01,89500,25.18000030517578,25.290000915527344,25.360000610351562,25.15999984741211,21.012399673461914
2015-06-30,64700,25.1299991607666,25.1299991607666,25.209999084472656,25.1299991607666,20.87946319580078
2015-06-29,63600,25.18000030517578,25.1200008392334,25.209999084472656,25.1200008392334,20.871156692504883
2015-06-26,67500,25.190000534057617,25.190000534057617,25.31999969482422,25.18000030517578,20.9293155670166
2015-06-25,32700,25.190000534057617,25.200000762939453,25.200000762939453,25.15999984741211,20.937620162963867
2015-06-24,40400,25.170000076293945,25.15999984741211,25.190000534057617,25.149999618530273,20.90438461303711
2015-06-23,40600,25.170000076293945,25.15999984741211,25.170000076293945,25.149999618530273,20.90438461303711
2015-06-22,37000,25.209999084472656,25.170000076293945,25.209999084472656,25.170000076293945,20.91269874572754
2015-06-19,23900,25.200000762939453,25.190000534057617,25.219999313354492,25.15999984741211,20.9293155670166
2015-06-18,107900,25.270000457763672,25.18000030517578,25.280000686645508,25.18000030517578,20.921001434326172
2015-06-17,30500,25.219999313354492,25.209999084472656,25.219999313354492,25.190000534057617,20.94593048095703
2015-06-16,39900,25.209999084472656,25.200000762939453,25.239999771118164,25.18000030517578,20.937620162963867
2015-06-15,36300,25.260000228881836,25.229999542236328,25.260000228881836,25.200000762939453,20.962549209594727
2015-06-12,17700,25.229999542236328,25.219999313354492,25.229999542236328,25.209999084472656,20.954238891601562
2015-06-11,55300,25.219999313354492,25.219999313354492,25.229999542236328,25.15999984741211,20.954238891601562
2015-06-10,83800,25.200000762939453,25.170000076293945,25.219999313354492,25.15999984741211,20.91269874572754
2015-06-09,31300,25.219999313354492,25.219999313354492,25.229999542236328,25.18000030517578,20.954238891601562
2015-06-08,30900,25.239999771118164,25.239999771118164,25.290000915527344,25.209999084472656,20.970855712890625
2015-06-05,35500,25.25,25.190000534057617,25.260000228881836,25.18000030517578,20.9293155670166
2015-06-04,31800,25.229999542236328,25.280000686645508,25.31999969482422,25.229999542236328,21.004091262817383
2015-06-03,36900,25.229999542236328,25.239999771118164,25.290000915527344,25.200000762939453,20.970855712890625
2015-06-02,57800,25.309999465942383,25.239999771118164,25.309999465942383,25.200000762939453,20.970855712890625
2015-06-01,66700,25.229999542236328,25.280000686645508,25.329999923706055,25.219999313354492,21.004091262817383
2015-05-29,46300,25.31999969482422,25.200000762939453,25.31999969482422,25.200000762939453,20.937620162963867
2015-05-28,46100,25.329999923706055,25.270000457763672,25.329999923706055,25.25,20.99578285217285
2015-05-27,44400,25.639999389648438,25.68000030517578,25.68000030517578,25.579999923706055,21.005752563476562
2015-05-26,31400,25.700000762939453,25.639999389648438,25.700000762939453,25.559999465942383,20.9730281829834
2015-05-22,25700,25.700000762939453,25.670000076293945,25.700000762939453,25.6200008392334,20.997573852539062
2015-05-21,29600,25.600000381469727,25.639999389648438,25.68000030517578,25.600000381469727,20.9730281829834
2015-05-20,46400,25.760000228881836,25.639999389648438,25.760000228881836,25.56999969482422,20.9730281829834
2015-05-19,22800,25.690000534057617,25.75,25.770000457763672,25.690000534057617,21.06300926208496
2015-05-18,32300,25.760000228881836,25.719999313354492,25.799999237060547,25.670000076293945,21.038469314575195
2015-05-15,15900,25.760000228881836,25.760000228881836,25.790000915527344,25.68000030517578,21.07119369506836
2015-05-14,43800,25.6299991607666,25.760000228881836,25.81999969482422,25.6299991607666,21.07119369506836
2015-05-13,48100,25.459999084472656,25.700000762939453,25.709999084472656,25.459999084472656,21.02211570739746
2015-05-12,49100,25.43000030517578,25.450000762939453,25.510000228881836,25.3700008392334,20.81761932373047
2015-05-11,40800,25.549999237060547,25.479999542236328,25.600000381469727,25.389999389648438,20.8421573638916
2015-05-08,47500,25.579999923706055,25.610000610351562,25.670000076293945,25.579999923706055,20.9484920501709
2015-05-07,58000,25.56999969482422,25.549999237060547,25.670000076293945,25.510000228881836,20.899412155151367
2015-05-06,84900,25.68000030517578,25.520000457763672,25.68000030517578,25.5,20.874874114990234
2015-05-05,55600,25.700000762939453,25.68000030517578,25.719999313354492,25.6299991607666,21.005752563476562
2015-05-04,67200,25.700000762939453,25.700000762939453,25.739999771118164,25.65999984741211,21.02211570739746
2015-05-01,744800,25.5,25.790000915527344,25.809999465942383,25.5,21.09572982788086
2015-04-30,41100,25.530000686645508,25.440000534057617,25.549999237060547,25.440000534057617,20.80943489074707
2015-04-29,45300,25.440000534057617,25.510000228881836,25.520000457763672,25.40999984741211,20.866697311401367
2015-04-28,157400,25.6200008392334,25.459999084472656,25.639999389648438,25.389999389648438,20.825794219970703
2015-04-27,35700,25.600000381469727,25.56999969482422,25.6299991607666,25.520000457763672,20.915773391723633
2015-04-24,33800,25.559999465942383,25.6299991607666,25.639999389648438,25.530000686645508,20.96485137939453
2015-04-23,43700,25.600000381469727,25.540000915527344,25.6200008392334,25.540000915527344,20.891237258911133
2015-04-22,101000,25.549999237060547,25.579999923706055,25.600000381469727,25.479999542236328,20.923954010009766
2015-04-21,85300,25.389999389648438,25.530000686645508,25.579999923706055,25.3799991607666,20.883054733276367
2015-04-20,71500,25.420000076293945,25.3700008392334,25.43000030517578,25.350000381469727,20.752182006835938
2015-04-17,230300,25.510000228881836,25.350000381469727,25.549999237060547,25.350000381469727,20.735816955566406
2015-04-16,30400,25.520000457763672,25.5,25.540000915527344,25.469999313354492,20.8585147857666
2015-04-15,51100,25.459999084472656,25.559999465942383,25.600000381469727,25.43000030517578,20.907594680786133
2015-04-14,63100,25.420000076293945,25.450000762939453,25.489999771118164,25.420000076293945,20.81761932373047
2015-04-13,69700,25.43000030517578,25.450000762939453,25.489999771118164,25.40999984741211,20.81761932373047
2015-04-10,67500,25.389999389648438,25.34000015258789,25.389999389648438,25.329999923706055,20.72764015197754
2015-04-09,156400,25.389999389648438,25.3700008392334,25.389999389648438,25.34000015258789,20.752182006835938
2015-04-08,77900,25.389999389648438,25.3700008392334,25.389999389648438,25.34000015258789,20.752182006835938
2015-04-07,77100,25.399999618530273,25.3700008392334,25.420000076293945,25.360000610351562,20.752182006835938
2015-04-06,35000,25.40999984741211,25.389999389648438,25.420000076293945,25.389999389648438,20.768535614013672
2015-04-02,89500,25.40999984741211,25.389999389648438,25.43000030517578,25.389999389648438,20.768535614013672
2015-04-01,51700,25.469999313354492,25.40999984741211,25.5,25.40999984741211,20.78489875793457
2015-03-31,45400,25.450000762939453,25.43000030517578,25.450000762939453,25.40999984741211,20.80125617980957
2015-03-30,37600,25.489999771118164,25.40999984741211,25.489999771118164,25.40999984741211,20.78489875793457
2015-03-27,139300,25.459999084472656,25.40999984741211,25.459999084472656,25.399999618530273,20.78489875793457
2015-03-26,45500,25.43000030517578,25.440000534057617,25.510000228881836,25.420000076293945,20.80943489074707
2015-03-25,37200,25.459999084472656,25.469999313354492,25.559999465942383,25.459999084472656,20.833974838256836
2015-03-24,38200,25.5,25.469999313354492,25.540000915527344,25.450000762939453,20.833974838256836
2015-03-23,27900,25.479999542236328,25.469999313354492,25.5,25.43000030517578,20.833974838256836
2015-03-20,61300,25.479999542236328,25.440000534057617,25.540000915527344,25.389999389648438,20.80943489074707
2015-03-19,48900,25.5,25.420000076293945,25.510000228881836,25.3799991607666,20.793075561523438
2015-03-18,33000,25.389999389648438,25.489999771118164,25.489999771118164,25.389999389648438,20.85033416748047
2015-03-17,37000,25.399999618530273,25.389999389648438,25.40999984741211,25.3799991607666,20.768535614013672
2015-03-16,39600,25.450000762939453,25.420000076293945,25.450000762939453,25.3700008392334,20.793075561523438
2015-03-13,32700,25.43000030517578,25.43000030517578,25.450000762939453,25.360000610351562,20.80125617980957
2015-03-12,26000,25.40999984741211,25.399999618530273,25.43000030517578,25.399999618530273,20.77672004699707
2015-03-11,28500,25.399999618530273,25.40999984741211,25.440000534057617,25.3799991607666,20.78489875793457
2015-03-10,79500,25.290000915527344,25.420000076293945,25.479999542236328,25.280000686645508,20.793075561523438
2015-03-09,53900,25.329999923706055,25.290000915527344,25.360000610351562,25.270000457763672,20.686742782592773
2015-03-06,61400,25.469999313354492,25.31999969482422,25.5,25.309999465942383,20.71127700805664
2015-03-05,44100,25.479999542236328,25.5,25.540000915527344,25.479999542236328,20.8585147857666
2015-03-04,83900,25.450000762939453,25.469999313354492,25.5,25.420000076293945,20.833974838256836
2015-03-03,39400,25.440000534057617,25.459999084472656,25.469999313354492,25.43000030517578,20.825794219970703
2015-03-02,103900,25.5,25.450000762939453,25.510000228881836,25.420000076293945,20.81761932373047
2015-02-27,49600,25.450000762939453,25.489999771118164,25.5,25.43000030517578,20.85033416748047
2015-02-26,31400,25.40999984741211,25.459999084472656,25.469999313354492,25.40999984741211,20.825794219970703
2015-02-25,130600,25.530000686645508,25.399999618530273,25.56999969482422,25.389999389648438,20.77672004699707
2015-02-24,26200,25.729999542236328,25.770000457763672,25.790000915527344,25.709999084472656,20.753814697265625
2015-02-23,40500,25.729999542236328,25.700000762939453,25.729999542236328,25.670000076293945,20.69744300842285
2015-02-20,31200,25.520000457763672,25.639999389648438,25.690000534057617,25.520000457763672,20.64911460876465
2015-02-19,29400,25.479999542236328,25.559999465942383,25.579999923706055,25.479999542236328,20.58469009399414
2015-02-18,66600,25.59000015258789,25.479999542236328,25.610000610351562,25.40999984741211,20.520263671875
2015-02-17,41800,25.65999984741211,25.639999389648438,25.690000534057617,25.610000610351562,20.64911460876465
2015-02-13,48800,25.700000762939453,25.610000610351562,25.700000762939453,25.610000610351562,20.624958038330078
2015-02-12,95800,25.709999084472656,25.639999389648438,25.780000686645508,25.6200008392334,20.64911460876465
2015-02-11,43100,25.6200008392334,25.6200008392334,25.690000534057617,25.600000381469727,20.633012771606445
2015-02-10,40500,25.68000030517578,25.59000015258789,25.75,25.549999237060547,20.608850479125977
2015-02-09,20800,25.530000686645508,25.65999984741211,25.68000030517578,25.530000686645508,20.665224075317383
2015-02-06,48300,25.709999084472656,25.579999923706055,25.719999313354492,25.559999465942383,20.600797653198242
2015-02-05,63600,25.75,25.65999984741211,25.760000228881836,25.65999984741211,20.665224075317383
2015-02-04,33000,25.760000228881836,25.760000228881836,25.809999465942383,25.68000030517578,20.745763778686523
2015-02-03,57600,25.75,25.709999084472656,25.760000228881836,25.68000030517578,20.705490112304688
2015-02-02,30900,25.760000228881836,25.729999542236328,25.799999237060547,25.700000762939453,20.721599578857422
2015-01-30,74000,25.760000228881836,25.729999542236328,25.8700008392334,25.729999542236328,20.721599578857422
2015-01-29,34300,25.760000228881836,25.719999313354492,25.760000228881836,25.690000534057617,20.713542938232422
2015-01-28,47700,25.760000228881836,25.729999542236328,25.760000228881836,25.68000030517578,20.721599578857422
2015-01-27,71000,25.690000534057617,25.670000076293945,25.790000915527344,25.639999389648438,20.673280715942383
2015-01-26,54500,25.68000030517578,25.670000076293945,25.739999771118164,25.639999389648438,20.673280715942383
2015-01-23,24000,25.690000534057617,25.700000762939453,25.719999313354492,25.670000076293945,20.69744300842285
2015-01-22,50800,25.700000762939453,25.649999618530273,25.829999923706055,25.649999618530273,20.65717124938965
2015-01-21,37300,25.670000076293945,25.6299991607666,25.719999313354492,25.59000015258789,20.64106559753418
2015-01-20,41200,25.68000030517578,25.639999389648438,25.700000762939453,25.600000381469727,20.64911460876465
2015-01-16,41200,25.469999313354492,25.6200008392334,25.6200008392334,25.450000762939453,20.633012771606445
2015-01-15,53700,25.549999237060547,25.530000686645508,25.59000015258789,25.479999542236328,20.560529708862305
2015-01-14,58500,25.540000915527344,25.56999969482422,25.600000381469727,25.489999771118164,20.592744827270508
2015-01-13,61900,25.5,25.540000915527344,25.59000015258789,25.5,20.568584442138672
2015-01-12,33300,25.420000076293945,25.469999313354492,25.5,25.420000076293945,20.51220703125
2015-01-09,37800,25.5,25.40999984741211,25.5,25.40999984741211,20.46388816833496
2015-01-08,87900,25.5,25.469999313354492,25.510000228881836,25.440000534057617,20.51220703125
2015-01-07,61800,25.5,25.489999771118164,25.540000915527344,25.469999313354492,20.5283145904541
2015-01-06,64900,25.530000686645508,25.459999084472656,25.530000686645508,25.420000076293945,20.5041561126709
2015-01-05,77400,25.6299991607666,25.5,25.639999389648438,25.440000534057617,20.53636932373047
2015-01-02,48600,25.520000457763672,25.700000762939453,25.81999969482422,25.520000457763672,20.69744300842285
2014-12-31,51500,25.59000015258789,25.5,25.6299991607666,25.459999084472656,20.53636932373047
2014-12-30,21100,25.440000534057617,25.56999969482422,25.6299991607666,25.440000534057617,20.592744827270508
2014-12-29,34500,25.389999389648438,25.5,25.5,25.389999389648438,20.53636932373047
2014-12-26,16500,25.350000381469727,25.389999389648438,25.40999984741211,25.350000381469727,20.447778701782227
2014-12-24,17600,25.399999618530273,25.31999969482422,25.399999618530273,25.299999237060547,20.39140510559082
2014-12-23,147000,25.399999618530273,25.350000381469727,25.420000076293945,25.299999237060547,20.415565490722656
2014-12-22,38600,25.290000915527344,25.360000610351562,25.3799991607666,25.270000457763672,20.423620223999023
2014-12-19,43900,25.260000228881836,25.329999923706055,25.43000030517578,25.239999771118164,20.399459838867188
2014-12-18,83200,25.299999237060547,25.25,25.299999237060547,25.219999313354492,20.33502960205078
2014-12-17,64200,25.239999771118164,25.219999313354492,25.299999237060547,25.15999984741211,20.310871124267578
2014-12-16,47300,25.190000534057617,25.149999618530273,25.219999313354492,25.139999389648438,20.254499435424805
2014-12-15,52300,25.25,25.170000076293945,25.280000686645508,25.149999618530273,20.270606994628906
2014-12-12,47000,25.280000686645508,25.209999084472656,25.280000686645508,25.190000534057617,20.302812576293945
2014-12-11,35800,25.280000686645508,25.25,25.440000534057617,25.25,20.33502960205078
2014-12-10,25500,25.260000228881836,25.329999923706055,25.34000015258789,25.25,20.399459838867188
2014-12-09,29400,25.219999313354492,25.290000915527344,25.309999465942383,25.219999313354492,20.36724853515625
2014-12-08,70800,25.25,25.260000228881836,25.31999969482422,25.229999542236328,20.343088150024414
2014-12-05,21400,25.290000915527344,25.219999313354492,25.309999465942383,25.219999313354492,20.310871124267578
2014-12-04,59400,25.360000610351562,25.219999313354492,25.3700008392334,25.170000076293945,20.310871124267578
2014-12-03,40800,25.520000457763672,25.3799991607666,25.520000457763672,25.360000610351562,20.439725875854492
2014-12-02,31200,25.43000030517578,25.43000030517578,25.549999237060547,25.420000076293945,20.47999382019043
2014-12-01,42900,25.56999969482422,25.540000915527344,25.56999969482422,25.420000076293945,20.568584442138672
2014-11-28,32500,25.420000076293945,25.510000228881836,25.639999389648438,25.420000076293945,20.544424057006836
2014-11-26,47300,25.510000228881836,25.510000228881836,25.549999237060547,25.420000076293945,20.544424057006836
2014-11-25,35700,25.81999969482422,25.799999237060547,25.850000381469727,25.75,20.45744514465332
2014-11-24,34300,25.809999465942383,25.81999969482422,25.889999389648438,25.760000228881836,20.473302841186523
2014-11-21,152300,25.889999389648438,25.84000015258789,25.899999618530273,25.700000762939453,20.489166259765625
2014-11-20,93700,25.860000610351562,25.84000015258789,25.950000762939453,25.81999969482422,20.489166259765625
2014-11-19,39000,25.920000076293945,25.899999618530273,25.979999542236328,25.84000015258789,20.536739349365234
2014-11-18,53600,25.969999313354492,25.899999618530273,25.989999771118164,25.899999618530273,20.536739349365234
2014-11-17,47300,25.920000076293945,25.979999542236328,25.989999771118164,25.860000610351562,20.600170135498047
2014-11-14,52200,25.799999237060547,25.950000762939453,25.950000762939453,25.799999237060547,20.576385498046875
2014-11-13,38100,25.719999313354492,25.799999237060547,25.799999237060547,25.700000762939453,20.45744514465332
2014-11-12,33500,25.760000228881836,25.75,25.780000686645508,25.68000030517578,20.417797088623047
2014-11-11,25700,25.729999542236328,25.75,25.780000686645508,25.670000076293945,20.417797088623047
2014-11-10,52000,25.75,25.739999771118164,25.770000457763672,25.719999313354492,20.409870147705078
2014-11-07,52200,25.6299991607666,25.760000228881836,25.799999237060547,25.579999923706055,20.425731658935547
2014-11-06,29500,25.6200008392334,25.610000610351562,25.6200008392334,25.579999923706055,20.30678939819336
2014-11-05,35600,25.559999465942383,25.59000015258789,25.639999389648438,25.559999465942383,20.290929794311523
2014-11-04,133700,25.530000686645508,25.600000381469727,25.670000076293945,25.530000686645508,20.298860549926758
2014-11-03,63500,25.520000457763672,25.510000228881836,25.600000381469727,25.489999771118164,20.22749900817871
2014-10-31,132400,25.450000762939453,25.530000686645508,25.530000686645508,25.389999389648438,20.243356704711914
2014-10-30,52700,25.3700008392334,25.459999084472656,25.5,25.31999969482422,20.187850952148438
2014-10-29,33600,25.389999389648438,25.3700008392334,25.399999618530273,25.34000015258789,20.116491317749023
2014-10-28,36400,25.389999389648438,25.389999389648438,25.420000076293945,25.360000610351562,20.132343292236328
2014-10-27,54400,25.31999969482422,25.360000610351562,25.399999618530273,25.280000686645508,20.10856056213379
2014-10-24,39300,25.270000457763672,25.280000686645508,25.309999465942383,25.25,20.045124053955078
2014-10-23,97000,25.229999542236328,25.239999771118164,25.280000686645508,25.219999313354492,20.013408660888672
2014-10-22,132100,25.309999465942383,25.219999313354492,25.309999465942383,25.219999313354492,19.997549057006836
2014-10-21,195100,25.34000015258789,25.280000686645508,25.350000381469727,25.260000228881836,20.045124053955078
2014-10-20,256800,25.31999969482422,25.34000015258789,25.420000076293945,25.229999542236328,20.092702865600586
2014-10-17,81900,25.43000030517578,25.299999237060547,25.540000915527344,25.299999237060547,20.06098175048828
2014-10-16,26500,25.309999465942383,25.3799991607666,25.420000076293945,25.270000457763672,20.12441635131836
2014-10-15,52100,25.280000686645508,25.360000610351562,25.399999618530273,25.260000228881836,20.10856056213379
2014-10-14,27700,25.219999313354492,25.31999969482422,25.34000015258789,25.219999313354492,20.076839447021484
2014-10-13,15800,25.31999969482422,25.25,25.31999969482422,25.239999771118164,20.021333694458008
2014-10-10,26500,25.290000915527344,25.280000686645508,25.329999923706055,25.25,20.045124053955078
2014-10-09,42500,25.389999389648438,25.309999465942383,25.399999618530273,25.290000915527344,20.06891441345215
2014-10-08,37900,25.3700008392334,25.3799991607666,25.40999984741211,25.299999237060547,20.12441635131836
2014-10-07,39500,25.420000076293945,25.399999618530273,25.459999084472656,25.399999618530273,20.14027976989746
2014-10-06,43400,25.399999618530273,25.420000076293945,25.440000534057617,25.360000610351562,20.1561336517334
2014-10-03,42100,25.440000534057617,25.389999389648438,25.440000534057617,25.360000610351562,20.132343292236328
2014-10-02,47100,25.350000381469727,25.389999389648438,25.389999389648438,25.31999969482422,20.132343292236328
2014-10-01,103300,25.450000762939453,25.309999465942383,25.450000762939453,25.280000686645508,20.06891441345215
2014-09-30,38200,25.389999389648438,25.440000534057617,25.450000762939453,25.3700008392334,20.1719913482666
2014-09-29,31800,25.329999923706055,25.389999389648438,25.399999618530273,25.309999465942383,20.132343292236328
2014-09-26,29500,25.229999542236328,25.299999237060547,25.389999389648438,25.229999542236328,20.06098175048828
2014-09-25,35500,25.290000915527344,25.270000457763672,25.290000915527344,25.229999542236328,20.037199020385742
2014-09-24,50500,25.280000686645508,25.290000915527344,25.350000381469727,25.280000686645508,20.053056716918945
2014-09-23,36900,25.229999542236328,25.399999618530273,25.399999618530273,25.229999542236328,20.14027976989746
2014-09-22,46000,25.3799991607666,25.260000228881836,25.389999389648438,25.239999771118164,20.029268264770508
2014-09-19,43500,25.450000762939453,25.350000381469727,25.489999771118164,25.350000381469727,20.100627899169922
2014-09-18,70300,25.31999969482422,25.450000762939453,25.479999542236328,25.31999969482422,20.1799259185791
2014-09-17,23900,25.31999969482422,25.31999969482422,25.360000610351562,25.31999969482422,20.076839447021484
2014-09-16,31400,25.280000686645508,25.290000915527344,25.399999618530273,25.260000228881836,20.053056716918945
2014-09-15,33300,25.229999542236328,25.350000381469727,25.350000381469727,25.170000076293945,20.100627899169922
2014-09-12,38200,25.170000076293945,25.209999084472656,25.209999084472656,25.149999618530273,19.989614486694336
2014-09-11,25900,25.260000228881836,25.229999542236328,25.280000686645508,25.149999618530273,20.005481719970703
2014-09-10,66600,25.25,25.260000228881836,25.299999237060547,25.200000762939453,20.029268264770508
2014-09-09,35400,25.299999237060547,25.239999771118164,25.31999969482422,25.209999084472656,20.013408660888672
2014-09-08,45000,25.5,25.280000686645508,25.5,25.270000457763672,20.045124053955078
2014-09-05,67200,25.469999313354492,25.420000076293945,25.510000228881836,25.329999923706055,20.1561336517334
2014-09-04,63200,25.600000381469727,25.450000762939453,25.6299991607666,25.309999465942383,20.1799259185791
2014-09-03,132700,25.65999984741211,25.65999984741211,25.700000762939453,25.59000015258789,20.346437454223633
2014-09-02,64100,25.68000030517578,25.68000030517578,25.739999771118164,25.600000381469727,20.362293243408203
2014-08-29,13700,25.739999771118164,25.719999313354492,25.75,25.670000076293945,20.394010543823242
2014-08-28,26100,25.68000030517578,25.709999084472656,25.729999542236328,25.639999389648438,20.386079788208008
2014-08-27,71700,25.600000381469727,25.709999084472656,25.770000457763672,25.540000915527344,20.386079788208008
2014-08-26,59900,25.84000015258789,25.959999084472656,25.979999542236328,25.799999237060547,20.268728256225586
2014-08-25,16300,25.829999923706055,25.81999969482422,25.829999923706055,25.780000686645508,20.159421920776367
2014-08-22,31300,25.729999542236328,25.780000686645508,25.809999465942383,25.719999313354492,20.128190994262695
2014-08-21,18100,25.790000915527344,25.780000686645508,25.799999237060547,25.729999542236328,20.128190994262695
2014-08-20,49600,25.780000686645508,25.780000686645508,25.790000915527344,25.760000228881836,20.128190994262695
2014-08-19,67200,25.790000915527344,25.770000457763672,25.790000915527344,25.770000457763672,20.120384216308594
2014-08-18,105000,25.760000228881836,25.780000686645508,25.780000686645508,25.729999542236328,20.128190994262695
2014-08-15,28300,25.719999313354492,25.760000228881836,25.780000686645508,25.719999313354492,20.112579345703125
2014-08-14,22000,25.610000610351562,25.739999771118164,25.75,25.610000610351562,20.09696388244629
2014-08-13,47700,25.59000015258789,25.649999618530273,25.65999984741211,25.56999969482422,20.026689529418945
2014-08-12,85000,25.399999618530273,25.559999465942383,25.59000015258789,25.399999618530273,19.9564208984375
2014-08-11,18700,25.43000030517578,25.399999618530273,25.489999771118164,25.3799991607666,19.831497192382812
2014-08-08,21200,25.530000686645508,25.420000076293945,25.549999237060547,25.360000610351562,19.847118377685547
2014-08-07,43400,25.329999923706055,25.520000457763672,25.540000915527344,25.290000915527344,19.925189971923828
2014-08-06,26000,25.239999771118164,25.290000915527344,25.329999923706055,25.239999771118164,19.74561882019043
2014-08-05,58200,25.31999969482422,25.209999084472656,25.329999923706055,25.190000534057617,19.68315315246582
2014-08-04,55500,25.299999237060547,25.3700008392334,25.40999984741211,25.280000686645508,19.80807876586914
2014-08-01,61400,25.399999618530273,25.290000915527344,25.469999313354492,25.260000228881836,19.74561882019043
2014-07-31,64500,25.530000686645508,25.479999542236328,25.649999618530273,25.399999618530273,19.893959045410156
2014-07-30,37600,25.610000610351562,25.649999618530273,25.670000076293945,25.610000610351562,20.026689529418945
2014-07-29,57200,25.6200008392334,25.6200008392334,25.649999618530273,25.600000381469727,20.00326919555664
2014-07-28,66900,25.59000015258789,25.6200008392334,25.649999618530273,25.59000015258789,20.00326919555664
2014-07-25,27000,25.610000610351562,25.6299991607666,25.649999618530273,25.600000381469727,20.011075973510742
2014-07-24,42400,25.690000534057617,25.6299991607666,25.690000534057617,25.610000610351562,20.011075973510742
2014-07-23,70400,25.6200008392334,25.649999618530273,25.68000030517578,25.610000610351562,20.026689529418945
2014-07-22,84000,25.649999618530273,25.6200008392334,25.68000030517578,25.600000381469727,20.00326919555664
2014-07-21,81700,25.549999237060547,25.59000015258789,25.639999389648438,25.549999237060547,19.979846954345703
2014-07-18,82600,25.59000015258789,25.479999542236328,25.700000762939453,25.479999542236328,19.893959045410156
2014-07-17,37700,25.6299991607666,25.540000915527344,25.700000762939453,25.510000228881836,19.94080924987793
2014-07-16,28200,25.65999984741211,25.65999984741211,25.719999313354492,25.649999618530273,20.034502029418945
2014-07-15,44800,25.700000762939453,25.65999984741211,25.700000762939453,25.6299991607666,20.034502029418945
2014-07-14,26100,25.780000686645508,25.709999084472656,25.790000915527344,25.709999084472656,20.073537826538086
2014-07-11,65400,25.549999237060547,25.770000457763672,25.790000915527344,25.549999237060547,20.120384216308594
2014-07-10,24300,25.6299991607666,25.6299991607666,25.649999618530273,25.600000381469727,20.011075973510742
2014-07-09,34900,25.649999618530273,25.690000534057617,25.690000534057617,25.639999389648438,20.057924270629883
2014-07-08,91200,25.510000228881836,25.690000534057617,25.719999313354492,25.510000228881836,20.057924270629883
2014-07-07,28600,25.540000915527344,25.510000228881836,25.549999237060547,25.5,19.917387008666992
2014-07-03,23400,25.40999984741211,25.5,25.540000915527344,25.350000381469727,19.909576416015625
2014-07-02,86000,25.600000381469727,25.43000030517578,25.65999984741211,25.399999618530273,19.854921340942383
2014-07-01,47900,25.649999618530273,25.559999465942383,25.649999618530273,25.510000228881836,19.9564208984375
2014-06-30,38100,25.6200008392334,25.559999465942383,25.65999984741211,25.559999465942383,19.9564208984375
2014-06-27,30600,25.59000015258789,25.549999237060547,25.6299991607666,25.549999237060547,19.948612213134766
2014-06-26,65600,25.40999984741211,25.5,25.579999923706055,25.399999618530273,19.909576416015625
2014-06-25,26100,25.479999542236328,25.440000534057617,25.520000457763672,25.420000076293945,19.862730026245117
2014-06-24,29600,25.299999237060547,25.43000030517578,25.450000762939453,25.299999237060547,19.854921340942383
2014-06-23,46000,25.350000381469727,25.360000610351562,25.3700008392334,25.290000915527344,19.800270080566406
2014-06-20,401400,25.520000457763672,25.06999969482422,25.520000457763672,25.06999969482422,19.57384490966797
2014-06-19,50900,25.540000915527344,25.440000534057617,25.540000915527344,25.399999618530273,19.862730026245117
2014-06-18,50900,25.520000457763672,25.540000915527344,25.549999237060547,25.450000762939453,19.94080924987793
2014-06-17,53500,25.5,25.510000228881836,25.510000228881836,25.40999984741211,19.917387008666992
2014-06-16,82100,25.440000534057617,25.520000457763672,25.530000686645508,25.34000015258789,19.925189971923828
2014-06-13,150400,25.34000015258789,25.389999389648438,25.450000762939453,25.309999465942383,19.823692321777344
2014-06-12,34500,25.34000015258789,25.34000015258789,25.360000610351562,25.270000457763672,19.78465461730957
2014-06-11,72900,25.329999923706055,25.31999969482422,25.34000015258789,25.270000457763672,19.769041061401367
2014-06-10,50500,25.360000610351562,25.299999237060547,25.3700008392334,25.239999771118164,19.75342559814453
2014-06-09,436700,25.329999923706055,25.31999969482422,25.350000381469727,25.260000228881836,19.769041061401367
2014-06-06,31500,25.309999465942383,25.329999923706055,25.360000610351562,25.280000686645508,19.77684211730957
2014-06-05,73900,25.190000534057617,25.229999542236328,25.299999237060547,25.18000030517578,19.69877052307129
2014-06-04,93500,25.420000076293945,25.190000534057617,25.420000076293945,25.020000457763672,19.667537689208984
2014-06-03,55000,25.56999969482422,25.40999984741211,25.56999969482422,25.40999984741211,19.839303970336914
2014-06-02,47900,25.5,25.579999923706055,25.59000015258789,25.5,19.972036361694336
2014-05-30,64000,24.989999771118164,25.469999313354492,25.549999237060547,24.989999771118164,19.886154174804688
2014-05-29,107500,25.5,25.520000457763672,25.549999237060547,25.450000762939453,19.925189971923828
2014-05-28,102300,25.450000762939453,25.469999313354492,25.5,25.40999984741211,19.886154174804688
2014-05-27,98300,25.809999465942383,25.75,25.8700008392334,25.719999313354492,19.794025421142578
2014-05-23,41200,25.860000610351562,25.81999969482422,25.8700008392334,25.75,19.84783363342285
2014-05-22,34400,25.860000610351562,25.81999969482422,25.8799991607666,25.799999237060547,19.84783363342285
2014-05-21,44100,25.850000381469727,25.799999237060547,25.8799991607666,25.799999237060547,19.83245277404785
2014-05-20,118400,25.860000610351562,25.84000015258789,25.8799991607666,25.770000457763672,19.863208770751953
2014-05-19,176500,25.850000381469727,25.799999237060547,25.8799991607666,25.780000686645508,19.83245277404785
2014-05-16,46000,25.760000228881836,25.860000610351562,25.8700008392334,25.760000228881836,19.87858772277832
2014-05-15,40600,25.760000228881836,25.790000915527344,25.799999237060547,25.760000228881836,19.824771881103516
2014-05-14,277400,25.770000457763672,25.760000228881836,25.81999969482422,25.739999771118164,19.801708221435547
2014-05-13,63300,25.719999313354492,25.809999465942383,25.850000381469727,25.719999313354492,19.840145111083984
2014-05-12,27900,25.770000457763672,25.739999771118164,25.770000457763672,25.719999313354492,19.786334991455078
2014-05-09,32400,25.799999237060547,25.729999542236328,25.799999237060547,25.719999313354492,19.77864646911621
2014-05-08,95900,25.790000915527344,25.719999313354492,25.84000015258789,25.719999313354492,19.77096176147461
2014-05-07,77500,25.780000686645508,25.790000915527344,25.799999237060547,25.709999084472656,19.824771881103516
2014-05-06,14000,25.809999465942383,25.75,25.809999465942383,25.75,19.794025421142578
2014-05-05,21400,25.719999313354492,25.809999465942383,25.829999923706055,25.719999313354492,19.840145111083984
2014-05-02,36700,25.729999542236328,25.739999771118164,25.799999237060547,25.700000762939453,19.786334991455078
2014-05-01,374600,25.790000915527344,25.770000457763672,25.809999465942383,25.700000762939453,19.80940055847168
2014-04-30,56400,25.719999313354492,25.8799991607666,25.8799991607666,25.700000762939453,19.893951416015625
2014-04-29,46600,25.729999542236328,25.739999771118164,25.739999771118164,25.65999984741211,19.786334991455078
2014-04-28,51600,25.790000915527344,25.709999084472656,25.809999465942383,25.709999084472656,19.763273239135742
2014-04-25,185700,25.700000762939453,25.829999923706055,25.829999923706055,25.600000381469727,19.855518341064453
2014-04-24,67600,25.770000457763672,25.75,25.770000457763672,25.68000030517578,19.794025421142578
2014-04-23,64000,25.75,25.709999084472656,25.799999237060547,25.709999084472656,19.763273239135742
2014-04-22,42200,25.790000915527344,25.760000228881836,25.829999923706055,25.709999084472656,19.801708221435547
2014-04-21,33900,25.700000762939453,25.719999313354492,25.790000915527344,25.68000030517578,19.77096176147461
2014-04-17,131400,25.75,25.649999618530273,25.860000610351562,25.649999618530273,19.717153549194336
2014-04-16,47700,25.81999969482422,25.770000457763672,25.84000015258789,25.760000228881836,19.80940055847168
2014-04-15,60900,25.639999389648438,25.829999923706055,25.829999923706055,25.6299991607666,19.855518341064453
2014-04-14,33600,25.65999984741211,25.649999618530273,25.719999313354492,25.6200008392334,19.717153549194336
2014-04-11,46900,25.56999969482422,25.649999618530273,25.719999313354492,25.56999969482422,19.717153549194336
2014-04-10,50400,25.579999923706055,25.639999389648438,25.68000030517578,25.579999923706055,19.70946502685547
2014-04-09,50500,25.510000228881836,25.56999969482422,25.670000076293945,25.489999771118164,19.65566062927246
2014-04-08,61500,25.610000610351562,25.520000457763672,25.6299991607666,25.5,19.617219924926758
2014-04-07,52100,25.709999084472656,25.559999465942383,25.709999084472656,25.559999465942383,19.64797019958496
2014-04-04,59000,25.690000534057617,25.719999313354492,25.75,25.600000381469727,19.77096176147461
2014-04-03,77300,25.81999969482422,25.690000534057617,25.81999969482422,25.670000076293945,19.747900009155273
2014-04-02,79700,25.920000076293945,25.739999771118164,25.969999313354492,25.729999542236328,19.786334991455078
2014-04-01,189400,25.68000030517578,26.0,26.040000915527344,25.6200008392334,19.98619842529297
2014-03-31,104700,25.489999771118164,25.709999084472656,25.709999084472656,25.469999313354492,19.763273239135742
2014-03-28,77900,25.399999618530273,25.5,25.5,25.389999389648438,19.60184669494629
2014-03-27,30800,25.360000610351562,25.420000076293945,25.43000030517578,25.34000015258789,19.540353775024414
2014-03-26,45300,25.40999984741211,25.420000076293945,25.440000534057617,25.360000610351562,19.540353775024414
2014-03-25,45100,25.389999389648438,25.389999389648438,25.420000076293945,25.31999969482422,19.517295837402344
2014-03-24,50800,25.420000076293945,25.3799991607666,25.43000030517578,25.31999969482422,19.509601593017578
2014-03-21,107800,25.34000015258789,25.440000534057617,25.440000534057617,25.270000457763672,19.55572509765625
2014-03-20,175100,25.3700008392334,25.329999923706055,25.43000030517578,25.219999313354492,19.47117042541504
2014-03-19,131700,25.3700008392334,25.479999542236328,25.59000015258789,25.31999969482422,19.586475372314453
2014-03-18,69200,25.270000457763672,25.329999923706055,25.440000534057617,25.229999542236328,19.47117042541504
2014-03-17,82700,25.350000381469727,25.200000762939453,25.399999618530273,25.18000030517578,19.371240615844727
2014-03-14,58600,25.239999771118164,25.389999389648438,25.389999389648438,25.229999542236328,19.517295837402344
2014-03-13,50200,25.229999542236328,25.299999237060547,25.299999237060547,25.219999313354492,19.44810676574707
2014-03-12,30200,25.170000076293945,25.25,25.280000686645508,25.170000076293945,19.40967559814453
2014-03-11,42400,25.219999313354492,25.18000030517578,25.270000457763672,25.149999618530273,19.355863571166992
2014-03-10,77500,25.350000381469727,25.219999313354492,25.3799991607666,25.209999084472656,19.38661003112793
2014-03-07,214500,25.200000762939453,25.350000381469727,25.459999084472656,25.170000076293945,19.486543655395508
2014-03-06,179200,25.049999237060547,25.239999771118164,25.530000686645508,24.969999313354492,19.401987075805664
2014-03-05,168000,24.969999313354492,25.020000457763672,25.040000915527344,24.90999984741211,19.23287010192871
2014-03-04,334100,24.93000030517578,24.969999313354492,24.969999313354492,24.799999237060547,19.19443702697754
2014-03-03,128200,24.90999984741211,24.860000610351562,24.90999984741211,24.850000381469727,19.109880447387695
2014-02-28,55600,24.889999389648438,24.93000030517578,24.989999771118164,24.8700008392334,19.163686752319336
2014-02-27,48900,24.850000381469727,24.850000381469727,24.8799991607666,24.809999465942383,19.10219383239746
2014-02-26,100700,24.8700008392334,24.799999237060547,24.90999984741211,24.770000457763672,19.06376075744629
2014-02-25,40300,25.010000228881836,25.079999923706055,25.100000381469727,25.010000228881836,18.97304916381836
2014-02-24,57700,25.030000686645508,25.0,25.079999923706055,24.989999771118164,18.91253089904785
2014-02-21,65600,25.0,25.06999969482422,25.1299991607666,25.0,18.965482711791992
2014-02-20,58900,25.020000457763672,24.979999542236328,25.079999923706055,24.979999542236328,18.897401809692383
2014-02-19,47800,24.950000762939453,24.979999542236328,25.079999923706055,24.940000534057617,18.897401809692383
2014-02-18,92300,24.950000762939453,24.950000762939453,24.989999771118164,24.889999389648438,18.87470817565918
2014-02-14,40800,24.809999465942383,24.8700008392334,24.950000762939453,24.809999465942383,18.814189910888672
2014-02-13,37300,24.709999084472656,24.8700008392334,24.8700008392334,24.68000030517578,18.814189910888672
2014-02-12,89600,24.600000381469727,24.729999542236328,24.84000015258789,24.600000381469727,18.70827865600586
2014-02-11,201900,24.399999618530273,24.56999969482422,24.649999618530273,24.350000381469727,18.587234497070312
2014-02-10,204700,24.34000015258789,24.360000610351562,24.389999389648438,24.329999923706055,18.428369522094727
2014-02-07,130200,24.290000915527344,24.309999465942383,24.3700008392334,24.290000915527344,18.390541076660156
2014-02-06,96000,24.329999923706055,24.260000228881836,24.3799991607666,24.260000228881836,18.35272216796875
2014-02-05,69400,24.280000686645508,24.299999237060547,24.34000015258789,24.239999771118164,18.38298225402832
2014-02-04,98100,24.350000381469727,24.31999969482422,24.3700008392334,24.270000457763672,18.398109436035156
2014-02-03,43200,24.469999313354492,24.350000381469727,24.549999237060547,24.34000015258789,18.420808792114258
2014-01-31,47100,24.469999313354492,24.450000762939453,24.549999237060547,24.399999618530273,18.49645233154297
2014-01-30,175400,24.3799991607666,24.5,24.670000076293945,24.299999237060547,18.534278869628906
2014-01-29,158500,24.329999923706055,24.280000686645508,24.43000030517578,24.25,18.36785125732422
2014-01-28,204000,24.360000610351562,24.34000015258789,24.360000610351562,24.270000457763672,18.413238525390625
2014-01-27,105400,24.399999618530273,24.34000015258789,24.399999618530273,24.25,18.413238525390625
2014-01-24,138500,24.25,24.31999969482422,24.329999923706055,24.09000015258789,18.398109436035156
2014-01-23,112200,24.3799991607666,24.299999237060547,24.3799991607666,24.229999542236328,18.38298225402832
2014-01-22,84500,24.229999542236328,24.40999984741211,24.420000076293945,24.219999313354492,18.46619415283203
2014-01-21,98500,24.219999313354492,24.219999313354492,24.309999465942383,24.100000381469727,18.322460174560547
2014-01-17,116700,24.200000762939453,24.18000030517578,24.43000030517578,24.149999618530273,18.29220199584961
2014-01-16,76000,24.040000915527344,24.209999084472656,24.309999465942383,24.040000915527344,18.31489372253418
2014-01-15,56500,24.059999465942383,24.079999923706055,24.149999618530273,24.0,18.216550827026367
2014-01-14,65800,23.850000381469727,24.020000457763672,24.059999465942383,23.850000381469727,18.171159744262695
2014-01-13,83900,23.969999313354492,23.829999923706055,24.149999618530273,23.799999237060547,18.027423858642578
2014-01-10,72800,23.829999923706055,23.899999618530273,24.010000228881836,23.829999923706055,18.080381393432617
2014-01-09,103300,23.899999618530273,23.809999465942383,24.020000457763672,23.700000762939453,18.012296676635742
2014-01-08,82900,23.719999313354492,23.81999969482422,23.889999389648438,23.520000457763672,18.01986312866211
2014-01-07,66900,23.959999084472656,23.65999984741211,23.989999771118164,23.649999618530273,17.898820877075195
2014-01-06,82900,23.68000030517578,23.8799991607666,23.8799991607666,23.68000030517578,18.065250396728516
2014-01-03,67500,23.219999313354492,23.610000610351562,23.6200008392334,23.219999313354492,17.860994338989258
2014-01-02,43900,23.31999969482422,23.260000228881836,23.31999969482422,23.200000762939453,17.59621810913086
2013-12-31,81300,23.110000610351562,23.40999984741211,23.40999984741211,23.110000610351562,17.70969581604004
2013-12-30,82200,23.15999984741211,23.100000381469727,23.170000076293945,23.100000381469727,17.47517967224121
2013-12-27,74900,23.030000686645508,23.149999618530273,23.209999084472656,23.030000686645508,17.513004302978516
2013-12-26,144100,23.0,23.030000686645508,23.229999542236328,23.0,17.42222023010254
2013-12-24,52100,23.149999618530273,23.040000915527344,23.25,23.0,17.429786682128906
2013-12-23,91500,23.200000762939453,23.15999984741211,23.399999618530273,23.139999389648438,17.520572662353516
2013-12-20,103100,23.09000015258789,23.1200008392334,23.280000686645508,23.09000015258789,17.49030876159668
2013-12-19,91800,23.170000076293945,23.1200008392334,23.25,23.06999969482422,17.49030876159668
2013-12-18,103900,23.170000076293945,23.229999542236328,23.31999969482422,23.100000381469727,17.573528289794922
2013-12-17,66600,23.149999618530273,23.18000030517578,23.239999771118164,23.100000381469727,17.535696029663086
2013-12-16,100700,23.209999084472656,23.170000076293945,23.260000228881836,23.110000610351562,17.52813148498535
2013-12-13,86200,23.09000015258789,23.3700008392334,23.3700008392334,23.09000015258789,17.67943572998047
2013-12-12,149700,23.25,23.139999389648438,23.270000457763672,22.969999313354492,17.50543975830078
2013-12-11,70200,23.530000686645508,23.229999542236328,23.530000686645508,23.209999084472656,17.573528289794922
2013-12-10,99500,23.65999984741211,23.5,23.770000457763672,23.360000610351562,17.777780532836914
2013-12-09,58600,23.780000686645508,23.6299991607666,23.969999313354492,23.6299991607666,17.87612533569336
2013-12-06,55700,23.780000686645508,23.770000457763672,23.979999542236328,23.770000457763672,17.982036590576172
2013-12-05,95100,24.15999984741211,23.780000686645508,24.15999984741211,23.65999984741211,17.989599227905273
2013-12-04,52900,24.290000915527344,24.200000762939453,24.350000381469727,24.190000534057617,18.307329177856445
2013-12-03,116400,24.260000228881836,24.360000610351562,24.3799991607666,24.200000762939453,18.428369522094727
2013-12-02,37700,24.40999984741211,24.280000686645508,24.43000030517578,24.280000686645508,18.36785125732422
2013-11-29,50700,24.399999618530273,24.40999984741211,24.5,24.3799991607666,18.46619415283203
2013-11-27,63000,24.399999618530273,24.3799991607666,24.399999618530273,24.290000915527344,18.44350242614746
2013-11-26,80300,24.360000610351562,24.350000381469727,24.420000076293945,24.309999465942383,18.420808792114258
2013-11-25,64800,24.600000381469727,24.649999618530273,24.719999313354492,24.540000915527344,18.346668243408203
2013-11-22,87700,24.469999313354492,24.639999389648438,24.690000534057617,24.459999084472656,18.339229583740234
2013-11-21,51200,24.360000610351562,24.450000762939453,24.5,24.329999923706055,18.197811126708984
2013-11-20,120600,24.260000228881836,24.329999923706055,24.459999084472656,24.260000228881836,18.108497619628906
2013-11-19,147400,24.290000915527344,24.280000686645508,24.34000015258789,24.190000534057617,18.07128143310547
2013-11-18,60600,24.190000534057617,24.260000228881836,24.309999465942383,24.15999984741211,18.056394577026367
2013-11-15,38800,24.139999389648438,24.18000030517578,24.229999542236328,24.139999389648438,17.996856689453125
2013-11-14,48200,24.059999465942383,24.139999389648438,24.280000686645508,24.059999465942383,17.967082977294922
2013-11-13,72200,24.06999969482422,24.059999465942383,24.139999389648438,24.020000457763672,17.90753746032715
2013-11-12,52300,24.100000381469727,24.1299991607666,24.25,24.100000381469727,17.959636688232422
2013-11-11,55100,24.139999389648438,24.139999389648438,24.209999084472656,24.06999969482422,17.967082977294922
2013-11-08,61300,24.200000762939453,24.040000915527344,24.200000762939453,24.010000228881836,17.89265251159668
2013-11-07,41700,24.229999542236328,24.299999237060547,24.360000610351562,24.229999542236328,18.08616828918457
2013-11-06,46000,24.270000457763672,24.239999771118164,24.329999923706055,24.219999313354492,18.04151153564453
2013-11-05,52300,24.209999084472656,24.31999969482422,24.360000610351562,24.170000076293945,18.101051330566406
2013-11-04,55900,24.239999771118164,24.25,24.299999237060547,24.15999984741211,18.048952102661133
2013-11-01,59100,24.31999969482422,24.1299991607666,24.350000381469727,24.1200008392334,17.959636688232422
2013-10-31,56400,24.239999771118164,24.309999465942383,24.389999389648438,24.239999771118164,18.09360694885254
2013-10-30,84000,24.350000381469727,24.299999237060547,24.3799991607666,24.290000915527344,18.08616828918457
2013-10-29,87300,24.260000228881836,24.3799991607666,24.389999389648438,24.25,18.14571189880371
2013-10-28,101000,24.350000381469727,24.260000228881836,24.389999389648438,24.219999313354492,18.056394577026367
2013-10-25,143800,24.239999771118164,24.360000610351562,24.360000610351562,24.100000381469727,18.130823135375977
2013-10-24,122300,24.170000076293945,24.239999771118164,24.25,23.950000762939453,18.04151153564453
2013-10-23,72800,23.899999618530273,24.079999923706055,24.139999389648438,23.809999465942383,17.92242431640625
2013-10-22,66500,23.68000030517578,24.0,24.0,23.639999389648438,17.862886428833008
2013-10-21,81600,23.56999969482422,23.700000762939453,23.700000762939453,23.440000534057617,17.63959312438965
2013-10-18,92100,23.440000534057617,23.559999465942383,23.56999969482422,23.3700008392334,17.535390853881836
2013-10-17,69000,23.1299991607666,23.270000457763672,23.360000610351562,23.09000015258789,17.319551467895508
2013-10-16,159500,23.030000686645508,23.1200008392334,23.15999984741211,22.93000030517578,17.207914352416992
2013-10-15,83300,23.399999618530273,23.020000457763672,23.399999618530273,23.010000228881836,17.13348388671875
2013-10-14,73700,23.209999084472656,23.219999313354492,23.350000381469727,23.100000381469727,17.282339096069336
2013-10-11,55900,23.100000381469727,23.229999542236328,23.229999542236328,23.059999465942383,17.289779663085938
2013-10-10,56300,23.049999237060547,23.030000686645508,23.100000381469727,22.940000534057617,17.14092445373535
2013-10-09,93500,22.979999542236328,22.90999984741211,23.020000457763672,22.889999389648438,17.051610946655273
2013-10-08,72600,23.020000457763672,22.950000762939453,23.020000457763672,22.860000610351562,17.08138084411621
2013-10-07,61300,23.059999465942383,22.920000076293945,23.1299991607666,22.899999618530273,17.059051513671875
2013-10-04,92900,22.899999618530273,23.139999389648438,23.25,22.899999618530273,17.222795486450195
2013-10-03,47300,23.09000015258789,22.899999618530273,23.100000381469727,22.899999618530273,17.044166564941406
2013-10-02,47900,23.0,23.1200008392334,23.1200008392334,22.959999084472656,17.207914352416992
2013-10-01,65600,23.219999313354492,23.030000686645508,23.219999313354492,23.020000457763672,17.14092445373535
2013-09-30,136500,23.149999618530273,23.200000762939453,23.25,23.079999923706055,17.267454147338867
2013-09-27,133800,23.09000015258789,23.149999618530273,23.229999542236328,22.920000076293945,17.230236053466797
2013-09-26,99500,22.93000030517578,23.100000381469727,23.139999389648438,22.860000610351562,17.193023681640625
2013-09-25,91600,22.780000686645508,22.809999465942383,22.850000381469727,22.739999771118164,16.97718048095703
2013-09-24,46100,22.729999542236328,22.799999237060547,22.889999389648438,22.700000762939453,16.969738006591797
2013-09-23,77100,22.899999618530273,22.739999771118164,22.940000534057617,22.68000030517578,16.92508316040039
2013-09-20,155600,22.780000686645508,22.940000534057617,22.940000534057617,22.649999618530273,17.073938369750977
2013-09-19,125000,22.899999618530273,22.81999969482422,23.020000457763672,22.770000457763672,16.984617233276367
2013-09-18,182900,22.56999969482422,22.8700008392334,22.8700008392334,22.360000610351562,17.021839141845703
2013-09-17,91100,22.520000457763672,22.540000915527344,22.540000915527344,22.399999618530273,16.77622413635254
2013-09-16,115800,22.860000610351562,22.43000030517578,22.860000610351562,22.360000610351562,16.694355010986328
2013-09-13,88900,22.59000015258789,22.559999465942383,22.700000762939453,22.5,16.791109085083008
2013-09-12,117800,22.6200008392334,22.6200008392334,22.8799991607666,21.649999618530273,16.835765838623047
2013-09-11,127200,22.600000381469727,22.610000610351562,22.649999618530273,22.469999313354492,16.82832145690918
2013-09-10,139200,23.43000030517578,22.610000610351562,23.43000030517578,22.540000915527344,16.82832145690918
2013-09-09,73800,22.729999542236328,22.760000228881836,22.81999969482422,22.649999618530273,16.93996810913086
2013-09-06,87200,22.889999389648438,22.700000762939453,22.989999771118164,22.700000762939453,16.895307540893555
2013-09-05,83200,23.170000076293945,22.790000915527344,23.170000076293945,22.760000228881836,16.962295532226562
2013-09-04,90300,23.15999984741211,23.170000076293945,23.299999237060547,23.100000381469727,17.24512481689453
2013-09-03,152400,23.459999084472656,23.149999618530273,23.459999084472656,23.1200008392334,17.230236053466797
2013-08-30,77300,23.100000381469727,23.09000015258789,23.239999771118164,23.020000457763672,17.185583114624023
2013-08-29,491600,23.09000015258789,23.079999923706055,23.219999313354492,23.0,17.178138732910156
2013-08-28,88800,23.1299991607666,23.15999984741211,23.329999923706055,22.969999313354492,17.237682342529297
2013-08-27,126300,23.5,23.420000076293945,23.729999542236328,22.829999923706055,17.134971618652344
2013-08-26,77600,23.729999542236328,23.549999237060547,23.8799991607666,23.530000686645508,17.23008155822754
2013-08-23,116600,23.260000228881836,23.43000030517578,23.5,23.25,17.142290115356445
2013-08-22,155600,22.93000030517578,23.290000915527344,23.479999542236328,22.93000030517578,17.039859771728516
2013-08-21,138700,22.989999771118164,22.959999084472656,23.3799991607666,22.84000015258789,16.798416137695312
2013-08-20,144300,22.65999984741211,22.989999771118164,23.219999313354492,22.600000381469727,16.820363998413086
2013-08-19,121900,23.0,22.6200008392334,23.079999923706055,22.549999237060547,16.549659729003906
2013-08-16,168200,23.829999923706055,23.100000381469727,23.8700008392334,22.979999542236328,16.90084457397461
2013-08-15,225700,24.149999618530273,23.90999984741211,24.170000076293945,23.829999923706055,17.493473052978516
2013-08-14,86600,24.209999084472656,24.229999542236328,24.299999237060547,24.06999969482422,17.727598190307617
2013-08-13,89300,24.399999618530273,24.3700008392334,24.43000030517578,24.219999313354492,17.830026626586914
2013-08-12,107600,24.479999542236328,24.3799991607666,24.489999771118164,24.299999237060547,17.837343215942383
2013-08-09,109500,24.209999084472656,24.469999313354492,24.520000457763672,24.209999084472656,17.90319061279297
2013-08-08,78900,24.43000030517578,24.280000686645508,24.489999771118164,24.25,17.764177322387695
2013-08-07,72300,24.5,24.420000076293945,24.510000228881836,24.3799991607666,17.866605758666992
2013-08-06,58900,24.43000030517578,24.5,24.56999969482422,24.420000076293945,17.92514419555664
2013-08-05,366800,24.729999542236328,24.489999771118164,24.760000228881836,24.440000534057617,17.917821884155273
2013-08-02,89400,24.530000686645508,24.59000015258789,24.649999618530273,24.469999313354492,17.990985870361328
2013-08-01,74600,24.670000076293945,24.5,24.670000076293945,24.5,17.92514419555664
2013-07-31,154300,24.5,24.65999984741211,24.700000762939453,24.459999084472656,18.04220199584961
2013-07-30,79600,24.549999237060547,24.5,24.610000610351562,24.5,17.92514419555664
2013-07-29,48800,24.649999618530273,24.520000457763672,24.719999313354492,24.5,17.939773559570312
2013-07-26,53000,24.690000534057617,24.729999542236328,24.799999237060547,24.6200008392334,18.09341812133789
2013-07-25,77300,24.719999313354492,24.690000534057617,24.809999465942383,24.610000610351562,18.064149856567383
2013-07-24,50400,24.850000381469727,24.760000228881836,24.8799991607666,24.709999084472656,18.115367889404297
2013-07-23,66400,24.850000381469727,24.8799991607666,24.989999771118164,24.739999771118164,18.20315933227539
2013-07-22,55600,24.809999465942383,24.760000228881836,24.959999084472656,24.729999542236328,18.115367889404297
2013-07-19,165200,24.809999465942383,24.700000762939453,24.93000030517578,24.700000762939453,18.07146644592285
2013-07-18,93200,24.959999084472656,24.860000610351562,25.139999389648438,24.850000381469727,18.188528060913086
2013-07-17,67800,24.989999771118164,24.959999084472656,25.219999313354492,24.920000076293945,18.261695861816406
2013-07-16,83600,24.860000610351562,24.989999771118164,25.049999237060547,24.860000610351562,18.28364372253418
2013-07-15,80300,24.850000381469727,24.940000534057617,25.049999237060547,24.729999542236328,18.247058868408203
2013-07-12,115200,24.959999084472656,24.770000457763672,24.979999542236328,24.709999084472656,18.1226806640625
2013-07-11,118500,24.899999618530273,24.8700008392334,24.899999618530273,24.649999618530273,18.195846557617188
2013-07-10,110100,24.549999237060547,24.510000228881836,24.549999237060547,24.309999465942383,17.932458877563477
2013-07-09,85600,24.530000686645508,24.350000381469727,24.540000915527344,24.329999923706055,17.815391540527344
2013-07-08,239700,24.530000686645508,24.3700008392334,24.600000381469727,24.219999313354492,17.830026626586914
2013-07-05,148200,24.489999771118164,24.5,24.600000381469727,24.299999237060547,17.92514419555664
2013-07-03,70600,24.5,24.530000686645508,24.670000076293945,24.43000030517578,17.947086334228516
2013-07-02,132200,24.600000381469727,24.540000915527344,24.700000762939453,24.40999984741211,17.95440101623535
2013-07-01,64200,24.719999313354492,23.889999389648438,24.799999237060547,23.889999389648438,17.47884178161621
2013-06-28,78300,24.899999618530273,24.65999984741211,24.940000534057617,24.649999618530273,18.04220199584961
2013-06-27,52800,24.610000610351562,24.959999084472656,25.149999618530273,24.579999923706055,18.261695861816406
2013-06-26,76800,24.360000610351562,24.600000381469727,24.739999771118164,24.329999923706055,17.998302459716797
2013-06-25,160400,24.600000381469727,24.270000457763672,24.670000076293945,24.0,17.756860733032227
2013-06-24,181000,24.81999969482422,24.59000015258789,24.81999969482422,24.329999923706055,17.990985870361328
2013-06-21,186400,24.790000915527344,25.190000534057617,25.190000534057617,24.520000457763672,18.429967880249023
2013-06-20,173500,24.850000381469727,24.700000762939453,25.049999237060547,24.450000762939453,18.07146644592285
2013-06-19,84100,25.899999618530273,25.170000076293945,25.899999618530273,25.1200008392334,18.41533660888672
2013-06-18,46300,25.229999542236328,25.469999313354492,25.549999237060547,25.209999084472656,18.634828567504883
2013-06-17,93700,25.280000686645508,25.399999618530273,25.520000457763672,25.209999084472656,18.5836124420166
2013-06-14,78700,24.739999771118164,25.200000762939453,25.200000762939453,24.690000534057617,18.43729019165039
2013-06-13,170600,24.0,24.729999542236328,24.739999771118164,23.43000030517578,18.09341812133789
2013-06-12,413500,24.5,24.0,24.989999771118164,23.6299991607666,17.559324264526367
2013-06-11,146100,24.989999771118164,24.350000381469727,25.059999465942383,24.329999923706055,17.815391540527344
2013-06-10,61500,25.06999969482422,25.059999465942383,25.09000015258789,24.940000534057617,18.334854125976562
2013-06-07,37900,24.959999084472656,25.049999237060547,25.200000762939453,24.959999084472656,18.327539443969727
2013-06-06,67600,25.139999389648438,25.0,25.139999389648438,24.809999465942383,18.290958404541016
2013-06-05,61300,25.170000076293945,25.049999237060547,25.209999084472656,25.049999237060547,18.327539443969727
2013-06-04,108700,25.399999618530273,25.18000030517578,25.489999771118164,25.049999237060547,18.422651290893555
2013-06-03,77500,26.020000457763672,25.399999618530273,26.110000610351562,25.350000381469727,18.5836124420166
2013-05-31,58700,26.309999465942383,26.100000381469727,26.3700008392334,26.040000915527344,19.095760345458984
2013-05-30,51900,26.350000381469727,26.329999923706055,26.450000762939453,26.200000762939453,19.264036178588867
2013-05-29,67900,26.399999618530273,26.290000915527344,26.520000457763672,26.190000534057617,19.23477554321289
2013-05-28,45100,26.81999969482422,26.809999465942383,26.899999618530273,26.799999237060547,19.32402992248535
2013-05-24,37800,26.639999389648438,26.81999969482422,26.81999969482422,26.549999237060547,19.331241607666016
2013-05-23,47700,26.670000076293945,26.709999084472656,26.709999084472656,26.540000915527344,19.251955032348633
2013-05-22,50900,26.670000076293945,26.75,26.81999969482422,26.670000076293945,19.280786514282227
2013-05-21,72100,26.6299991607666,26.719999313354492,26.75,26.549999237060547,19.25916290283203
2013-05-20,127700,26.719999313354492,26.700000762939453,26.75,26.549999237060547,19.2447509765625
2013-05-17,30100,26.559999465942383,26.690000534057617,26.729999542236328,26.559999465942383,19.23754119873047
2013-05-16,91700,26.649999618530273,26.65999984741211,26.65999984741211,26.549999237060547,19.215917587280273
2013-05-15,128000,26.690000534057617,26.700000762939453,26.770000457763672,26.56999969482422,19.2447509765625
2013-05-14,49300,26.799999237060547,26.739999771118164,26.860000610351562,26.649999618530273,19.273578643798828
2013-05-13,61800,26.84000015258789,26.799999237060547,26.899999618530273,26.780000686645508,19.316822052001953
2013-05-10,39600,26.93000030517578,26.809999465942383,26.93000030517578,26.75,19.32402992248535
2013-05-09,47200,26.8799991607666,26.899999618530273,26.940000534057617,26.790000915527344,19.388900756835938
2013-05-08,112500,26.81999969482422,26.940000534057617,26.959999084472656,26.700000762939453,19.417736053466797
2013-05-07,152400,26.75,26.93000030517578,26.93000030517578,26.729999542236328,19.410526275634766
2013-05-06,38100,26.770000457763672,26.799999237060547,26.860000610351562,26.75,19.316822052001953
2013-05-03,18800,26.81999969482422,26.829999923706055,26.889999389648438,26.780000686645508,19.33844757080078
2013-05-02,55900,26.59000015258789,26.760000228881836,26.8799991607666,26.59000015258789,19.28799819946289
2013-05-01,25300,26.56999969482422,26.670000076293945,26.729999542236328,26.530000686645508,19.22312355041504
2013-04-30,31200,26.530000686645508,26.670000076293945,26.739999771118164,26.530000686645508,19.22312355041504
2013-04-29,34400,26.31999969482422,26.600000381469727,26.6200008392334,26.31999969482422,19.172672271728516
2013-04-26,21700,26.309999465942383,26.34000015258789,26.3700008392334,26.299999237060547,18.985265731811523
2013-04-25,28800,26.239999771118164,26.350000381469727,26.399999618530273,26.239999771118164,18.992473602294922
2013-04-24,125100,26.200000762939453,26.290000915527344,26.350000381469727,26.149999618530273,18.94923210144043
2013-04-23,107800,25.920000076293945,26.170000076293945,26.329999923706055,25.520000457763672,18.862735748291016
2013-04-22,64100,26.3799991607666,26.280000686645508,26.489999771118164,26.25,18.942020416259766
2013-04-19,94500,26.5,26.209999084472656,26.559999465942383,26.209999084472656,18.891563415527344
2013-04-18,30500,26.329999923706055,26.440000534057617,26.450000762939453,26.31999969482422,19.057344436645508
2013-04-17,32400,26.350000381469727,26.3799991607666,26.3799991607666,26.299999237060547,19.014095306396484
2013-04-16,60500,26.399999618530273,26.350000381469727,26.450000762939453,26.25,18.992473602294922
2013-04-15,54700,26.209999084472656,26.3700008392334,26.3799991607666,26.200000762939453,19.006887435913086
2013-04-12,27400,26.190000534057617,26.280000686645508,26.280000686645508,26.18000030517578,18.942020416259766
2013-04-11,46100,26.25,26.200000762939453,26.309999465942383,26.15999984741211,18.884355545043945
2013-04-10,31900,26.270000457763672,26.25,26.34000015258789,26.25,18.920394897460938
2013-04-09,43400,26.260000228881836,26.309999465942383,26.34000015258789,26.25,18.963645935058594
2013-04-08,30500,26.360000610351562,26.299999237060547,26.360000610351562,26.280000686645508,18.956438064575195
2013-04-05,17100,26.25,26.350000381469727,26.389999389648438,26.25,18.992473602294922
2013-04-04,31000,26.31999969482422,26.34000015258789,26.389999389648438,26.25,18.985265731811523
2013-04-03,42900,26.450000762939453,26.309999465942383,26.469999313354492,26.309999465942383,18.963645935058594
2013-04-02,54900,26.360000610351562,26.360000610351562,26.450000762939453,26.290000915527344,18.99968147277832
2013-04-01,45200,26.3799991607666,26.360000610351562,26.3799991607666,26.299999237060547,18.99968147277832
2013-03-28,180700,26.34000015258789,26.3799991607666,26.459999084472656,26.31999969482422,19.014095306396484
2013-03-27,137400,26.600000381469727,26.399999618530273,26.610000610351562,26.299999237060547,19.02851676940918
2013-03-26,45400,26.6299991607666,26.639999389648438,26.690000534057617,26.59000015258789,19.20149803161621
2013-03-25,37400,26.790000915527344,26.65999984741211,26.790000915527344,26.6299991607666,19.215917587280273
2013-03-22,51900,26.6299991607666,26.700000762939453,26.729999542236328,26.6299991607666,19.2447509765625
2013-03-21,48500,26.540000915527344,26.68000030517578,26.729999542236328,26.540000915527344,19.23033332824707
2013-03-20,44300,26.670000076293945,26.610000610351562,26.729999542236328,26.520000457763672,19.17987823486328
2013-03-19,30100,26.760000228881836,26.719999313354492,26.760000228881836,26.65999984741211,19.25916290283203
2013-03-18,37800,26.520000457763672,26.6200008392334,26.6299991607666,26.520000457763672,19.18708610534668
2013-03-15,41500,26.719999313354492,26.68000030517578,26.729999542236328,26.56999969482422,19.23033332824707
2013-03-14,49000,26.520000457763672,26.649999618530273,26.649999618530273,26.510000228881836,19.20870590209961
2013-03-13,39400,26.540000915527344,26.549999237060547,26.610000610351562,26.530000686645508,19.136625289916992
2013-03-12,21200,26.700000762939453,26.610000610351562,26.700000762939453,26.540000915527344,19.17987823486328
2013-03-11,23300,26.520000457763672,26.540000915527344,26.56999969482422,26.440000534057617,19.129423141479492
2013-03-08,36600,26.56999969482422,26.540000915527344,26.65999984741211,26.389999389648438,19.129423141479492
2013-03-07,38400,26.489999771118164,26.610000610351562,26.6200008392334,26.489999771118164,19.17987823486328
2013-03-06,54000,26.559999465942383,26.540000915527344,26.600000381469727,26.520000457763672,19.129423141479492
2013-03-05,56700,26.5,26.59000015258789,26.68000030517578,26.5,19.16546058654785
2013-03-04,70400,26.399999618530273,26.5,26.59000015258789,26.399999618530273,19.1005916595459
2013-03-01,32400,26.309999465942383,26.40999984741211,26.43000030517578,26.309999465942383,19.03571891784668
2013-02-28,46500,26.360000610351562,26.34000015258789,26.479999542236328,26.34000015258789,18.985265731811523
2013-02-27,79600,26.459999084472656,26.360000610351562,26.5,26.350000381469727,18.99968147277832
2013-02-26,47700,26.559999465942383,26.850000381469727,26.899999618530273,26.549999237060547,19.065994262695312
2013-02-25,56700,26.520000457763672,26.6299991607666,26.65999984741211,26.520000457763672,18.909772872924805
2013-02-22,61600,26.440000534057617,26.510000228881836,26.68000030517578,26.440000534057617,18.82456398010254
2013-02-21,54400,26.469999313354492,26.489999771118164,26.5,26.399999618530273,18.81036376953125
2013-02-20,38700,26.40999984741211,26.440000534057617,26.5,26.399999618530273,18.774860382080078
2013-02-19,30300,26.389999389648438,26.420000076293945,26.479999542236328,26.389999389648438,18.760658264160156
2013-02-15,43000,26.399999618530273,26.450000762939453,26.450000762939453,26.309999465942383,18.781959533691406
2013-02-14,45300,26.290000915527344,26.3799991607666,26.399999618530273,26.290000915527344,18.732250213623047
2013-02-13,70400,26.459999084472656,26.350000381469727,26.469999313354492,26.209999084472656,18.710948944091797
2013-02-12,81600,26.18000030517578,26.399999618530273,26.489999771118164,26.18000030517578,18.7464542388916
2013-02-11,31200,26.18000030517578,26.18000030517578,26.239999771118164,26.149999618530273,18.590234756469727
2013-02-08,42600,26.170000076293945,26.219999313354492,26.25,26.170000076293945,18.618637084960938
2013-02-07,45500,26.149999618530273,26.209999084472656,26.260000228881836,26.149999618530273,18.611534118652344
2013-02-06,52600,26.170000076293945,26.149999618530273,26.219999313354492,26.1299991607666,18.568925857543945
2013-02-05,65000,26.149999618530273,26.200000762939453,26.299999237060547,26.139999389648438,18.604433059692383
2013-02-04,57400,26.18000030517578,26.170000076293945,26.239999771118164,26.100000381469727,18.583133697509766
2013-02-01,67000,26.209999084472656,26.229999542236328,26.350000381469727,26.200000762939453,18.6257381439209
2013-01-31,61000,26.299999237060547,26.190000534057617,26.34000015258789,26.15999984741211,18.597335815429688
2013-01-30,64600,26.350000381469727,26.34000015258789,26.43000030517578,26.299999237060547,18.703847885131836
2013-01-29,77300,26.399999618530273,26.31999969482422,26.450000762939453,26.290000915527344,18.68964195251465
2013-01-28,53700,26.3799991607666,26.399999618530273,26.459999084472656,26.3799991607666,18.7464542388916
2013-01-25,64600,26.450000762939453,26.459999084472656,26.5,26.3700008392334,18.78905487060547
2013-01-24,42200,26.450000762939453,26.43000030517578,26.479999542236328,26.399999618530273,18.76775550842285
2013-01-23,62800,26.420000076293945,26.34000015258789,26.549999237060547,26.290000915527344,18.703847885131836
2013-01-22,73800,26.239999771118164,26.5,26.579999923706055,26.229999542236328,18.817462921142578
2013-01-18,74800,26.15999984741211,26.3700008392334,26.3700008392334,26.020000457763672,18.725147247314453
2013-01-17,72300,26.079999923706055,26.15999984741211,26.15999984741211,26.030000686645508,18.576032638549805
2013-01-16,53100,25.940000534057617,26.079999923706055,26.079999923706055,25.940000534057617,18.51922035217285
2013-01-15,46700,26.010000228881836,26.010000228881836,26.030000686645508,25.899999618530273,18.469518661499023
2013-01-14,51000,25.950000762939453,26.020000457763672,26.030000686645508,25.850000381469727,18.476619720458984
2013-01-11,64500,25.920000076293945,25.889999389648438,26.040000915527344,25.8700008392334,18.384307861328125
2013-01-10,52200,26.010000228881836,25.989999771118164,26.020000457763672,25.899999618530273,18.45531463623047
2013-01-09,113900,25.920000076293945,25.940000534057617,26.040000915527344,25.8700008392334,18.419815063476562
2013-01-08,138100,25.950000762939453,25.899999618530273,26.079999923706055,25.84000015258789,18.391407012939453
2013-01-07,64200,25.799999237060547,25.899999618530273,25.950000762939453,25.799999237060547,18.391407012939453
2013-01-04,48100,25.559999465942383,25.899999618530273,25.920000076293945,25.520000457763672,18.391407012939453
2013-01-03,61900,25.31999969482422,25.559999465942383,25.559999465942383,25.31999969482422,18.149978637695312
2013-01-02,53600,25.559999465942383,25.34000015258789,25.559999465942383,25.290000915527344,17.993755340576172
2012-12-31,57500,25.3799991607666,25.15999984741211,25.3799991607666,25.149999618530273,17.86594009399414
2012-12-28,34300,25.3799991607666,25.260000228881836,25.3799991607666,25.200000762939453,17.93695068359375
2012-12-27,47200,25.239999771118164,25.290000915527344,25.299999237060547,25.170000076293945,17.958250045776367
2012-12-26,42400,25.389999389648438,25.299999237060547,25.389999389648438,25.229999542236328,17.965349197387695
2012-12-24,41900,25.31999969482422,25.25,25.31999969482422,25.200000762939453,17.92984962463379
2012-12-21,55900,25.239999771118164,25.280000686645508,25.3700008392334,25.239999771118164,17.951147079467773
2012-12-20,54700,25.25,25.3799991607666,25.389999389648438,25.219999313354492,18.022157669067383
2012-12-19,78200,25.31999969482422,25.260000228881836,25.31999969482422,25.170000076293945,17.93695068359375
2012-12-18,55100,25.25,25.260000228881836,25.290000915527344,25.100000381469727,17.93695068359375
2012-12-17,66400,25.190000534057617,25.25,25.270000457763672,25.15999984741211,17.92984962463379
2012-12-14,78500,25.229999542236328,25.18000030517578,25.239999771118164,25.139999389648438,17.880138397216797
2012-12-13,32100,25.190000534057617,25.149999618530273,25.200000762939453,25.1200008392334,17.85883903503418
2012-12-12,95800,25.1299991607666,25.15999984741211,25.200000762939453,25.100000381469727,17.86594009399414
2012-12-11,61200,25.25,25.139999389648438,25.25,25.139999389648438,17.85173225402832
2012-12-10,41000,25.309999465942383,25.1299991607666,25.309999465942383,25.100000381469727,17.844633102416992
2012-12-07,48700,25.139999389648438,25.139999389648438,25.18000030517578,25.100000381469727,17.85173225402832
2012-12-06,164700,25.190000534057617,25.149999618530273,25.25,25.110000610351562,17.85883903503418
2012-12-05,75100,25.459999084472656,25.1299991607666,25.459999084472656,25.059999465942383,17.844633102416992
2012-12-04,65500,25.399999618530273,25.260000228881836,25.40999984741211,25.260000228881836,17.93695068359375
2012-12-03,99600,25.459999084472656,25.329999923706055,25.459999084472656,25.299999237060547,17.98665428161621
2012-11-30,54600,25.420000076293945,25.399999618530273,25.5,25.3799991607666,18.036354064941406
2012-11-29,48200,25.399999618530273,25.350000381469727,25.440000534057617,25.31999969482422,18.000856399536133
2012-11-28,39800,25.25,25.31999969482422,25.440000534057617,25.25,17.97955322265625
2012-11-27,70800,25.670000076293945,25.709999084472656,25.8700008392334,25.649999618530273,17.973865509033203
2012-11-26,37000,25.610000610351562,25.649999618530273,25.670000076293945,25.510000228881836,17.931926727294922
2012-11-23,37500,25.510000228881836,25.649999618530273,25.649999618530273,25.510000228881836,17.931926727294922
2012-11-21,36400,25.649999618530273,25.56999969482422,25.729999542236328,25.5,17.87599754333496
2012-11-20,81100,25.540000915527344,25.59000015258789,25.739999771118164,25.440000534057617,17.889976501464844
2012-11-19,76000,25.479999542236328,25.510000228881836,25.540000915527344,25.309999465942383,17.83405113220215
2012-11-16,123300,25.049999237060547,25.350000381469727,25.489999771118164,25.049999237060547,17.722196578979492
2012-11-15,111100,25.170000076293945,25.100000381469727,25.360000610351562,24.8799991607666,17.54742431640625
2012-11-14,71200,25.670000076293945,25.329999923706055,25.700000762939453,25.309999465942383,17.708215713500977
2012-11-13,43600,25.770000457763672,25.709999084472656,25.790000915527344,25.709999084472656,17.973865509033203
2012-11-12,43300,25.760000228881836,25.780000686645508,25.8799991607666,25.65999984741211,18.022808074951172
2012-11-09,38800,25.770000457763672,25.690000534057617,25.81999969482422,25.670000076293945,17.959890365600586
2012-11-08,40300,25.8799991607666,25.739999771118164,25.90999984741211,25.700000762939453,17.994842529296875
2012-11-07,58400,25.899999618530273,25.799999237060547,25.920000076293945,25.790000915527344,18.036788940429688
2012-11-06,52800,26.06999969482422,25.920000076293945,26.079999923706055,25.90999984741211,18.120683670043945
2012-11-05,40100,25.959999084472656,26.020000457763672,26.09000015258789,25.950000762939453,18.190593719482422
2012-11-02,38500,25.899999618530273,25.969999313354492,25.979999542236328,25.850000381469727,18.155637741088867
2012-11-01,45200,25.780000686645508,25.860000610351562,25.93000030517578,25.780000686645508,18.078731536865234
2012-10-31,58800,25.6299991607666,25.8700008392334,25.8799991607666,25.6299991607666,18.085731506347656
2012-10-26,63000,25.610000610351562,25.709999084472656,25.75,25.600000381469727,17.973865509033203
2012-10-25,52500,25.690000534057617,25.610000610351562,25.75,25.56999969482422,17.90396499633789
2012-10-24,44400,25.739999771118164,25.65999984741211,25.739999771118164,25.579999923706055,17.938915252685547
2012-10-23,62900,25.68000030517578,25.690000534057617,25.700000762939453,25.530000686645508,17.959890365600586
2012-10-22,49800,25.700000762939453,25.700000762939453,25.860000610351562,25.670000076293945,17.966882705688477
2012-10-19,138400,25.899999618530273,25.350000381469727,25.950000762939453,25.350000381469727,17.722196578979492
2012-10-18,81200,25.969999313354492,25.989999771118164,26.040000915527344,25.8700008392334,18.16962242126465
2012-10-17,44900,25.81999969482422,26.09000015258789,26.149999618530273,25.81999969482422,18.23952865600586
2012-10-16,60700,25.90999984741211,25.969999313354492,25.979999542236328,25.860000610351562,18.155637741088867
2012-10-15,54200,25.90999984741211,25.8700008392334,25.950000762939453,25.81999969482422,18.085731506347656
2012-10-12,34400,25.940000534057617,25.989999771118164,26.040000915527344,25.90999984741211,18.16962242126465
2012-10-11,49900,25.799999237060547,25.90999984741211,25.950000762939453,25.75,18.113691329956055
2012-10-10,44600,25.979999542236328,25.8700008392334,25.979999542236328,25.59000015258789,18.085731506347656
2012-10-09,54100,25.780000686645508,25.889999389648438,25.90999984741211,25.6299991607666,18.09971046447754
2012-10-08,59300,25.739999771118164,25.770000457763672,25.780000686645508,25.639999389648438,18.01582145690918
2012-10-05,37500,25.65999984741211,25.690000534057617,25.75,25.600000381469727,17.959890365600586
2012-10-04,39400,25.6299991607666,25.700000762939453,25.700000762939453,25.540000915527344,17.966882705688477
2012-10-03,68500,25.549999237060547,25.56999969482422,25.59000015258789,25.459999084472656,17.87599754333496
2012-10-02,53900,25.540000915527344,25.559999465942383,25.600000381469727,25.5,17.869007110595703
2012-10-01,94500,25.079999923706055,25.649999618530273,25.649999618530273,25.079999923706055,17.931926727294922
2012-09-28,55800,25.270000457763672,25.270000457763672,25.350000381469727,25.18000030517578,17.6662654876709
2012-09-27,69900,25.200000762939453,25.260000228881836,25.309999465942383,25.149999618530273,17.659273147583008
2012-09-26,75000,24.899999618530273,25.139999389648438,25.170000076293945,24.8700008392334,17.575382232666016
2012-09-25,97600,24.8799991607666,25.030000686645508,25.139999389648438,24.829999923706055,17.498485565185547
2012-09-24,113500,25.020000457763672,24.760000228881836,25.1299991607666,24.760000228881836,17.30972671508789
2012-09-21,101600,25.1299991607666,25.0,25.219999313354492,25.0,17.477510452270508
2012-09-20,119200,25.270000457763672,25.1299991607666,25.280000686645508,25.079999923706055,17.568391799926758
2012-09-19,80100,25.479999542236328,25.25,25.489999771118164,25.149999618530273,17.652286529541016
2012-09-18,69100,25.520000457763672,25.350000381469727,25.579999923706055,25.31999969482422,17.722196578979492
2012-09-17,64900,25.649999618530273,25.459999084472656,25.649999618530273,25.450000762939453,17.799095153808594
2012-09-14,62000,25.68000030517578,25.600000381469727,25.75,25.530000686645508,17.896970748901367
2012-09-13,74900,25.579999923706055,25.65999984741211,25.690000534057617,25.579999923706055,17.938915252685547
2012-09-12,55600,25.459999084472656,25.579999923706055,25.579999923706055,25.450000762939453,17.88298988342285
2012-09-11,61100,25.309999465942383,25.43000030517578,25.520000457763672,25.309999465942383,17.77812385559082
2012-09-10,69800,25.200000762939453,25.3799991607666,25.3799991607666,25.15999984741211,17.743167877197266
2012-09-07,56800,25.15999984741211,25.25,25.25,25.15999984741211,17.652286529541016
2012-09-06,126200,25.200000762939453,25.170000076293945,25.350000381469727,25.1299991607666,17.596357345581055
2012-09-05,62700,25.18000030517578,25.139999389648438,25.200000762939453,25.059999465942383,17.575382232666016
2012-09-04,52100,25.06999969482422,25.18000030517578,25.190000534057617,25.049999237060547,17.603349685668945
2012-08-31,87900,25.1299991607666,24.979999542236328,25.200000762939453,24.93000030517578,17.463533401489258
2012-08-30,128400,25.200000762939453,25.100000381469727,25.299999237060547,25.100000381469727,17.54742431640625
2012-08-29,151600,25.299999237060547,25.209999084472656,25.360000610351562,25.190000534057617,17.62432098388672
2012-08-28,73900,25.559999465942383,25.639999389648438,25.649999618530273,25.530000686645508,17.64668846130371
2012-08-27,64600,25.5,25.559999465942383,25.579999923706055,25.459999084472656,17.591632843017578
2012-08-24,108200,25.5,25.489999771118164,25.530000686645508,25.489999771118164,17.543453216552734
2012-08-23,58300,25.5,25.520000457763672,25.59000015258789,25.459999084472656,17.564105987548828
2012-08-22,70300,25.459999084472656,25.5,25.510000228881836,25.440000534057617,17.550342559814453
2012-08-21,45900,25.520000457763672,25.459999084472656,25.549999237060547,25.459999084472656,17.52280616760254
2012-08-20,57800,25.540000915527344,25.450000762939453,25.549999237060547,25.440000534057617,17.51592445373535
2012-08-17,102700,25.5,25.5,25.520000457763672,25.43000030517578,17.550342559814453
2012-08-16,76600,25.549999237060547,25.489999771118164,25.549999237060547,25.440000534057617,17.543453216552734
2012-08-15,202900,25.450000762939453,25.479999542236328,25.530000686645508,25.299999237060547,17.536571502685547
2012-08-14,61200,25.579999923706055,25.459999084472656,25.579999923706055,25.459999084472656,17.52280616760254
2012-08-13,75100,25.579999923706055,25.450000762939453,25.600000381469727,25.0,17.51592445373535
2012-08-10,62200,25.540000915527344,25.549999237060547,25.6299991607666,25.450000762939453,17.58475112915039
2012-08-09,56800,25.450000762939453,25.520000457763672,25.540000915527344,25.420000076293945,17.564105987548828
2012-08-08,66300,25.40999984741211,25.399999618530273,25.479999542236328,25.389999389648438,17.481510162353516
2012-08-07,67300,25.399999618530273,25.420000076293945,25.469999313354492,25.350000381469727,17.495277404785156
2012-08-06,156600,25.469999313354492,25.450000762939453,25.5,25.299999237060547,17.51592445373535
2012-08-03,75600,25.299999237060547,25.350000381469727,25.450000762939453,25.290000915527344,17.447101593017578
2012-08-02,45600,25.149999618530273,25.280000686645508,25.280000686645508,25.139999389648438,17.39891815185547
2012-08-01,44000,25.18000030517578,25.149999618530273,25.239999771118164,25.030000686645508,17.3094539642334
2012-07-31,118600,25.399999618530273,25.049999237060547,25.40999984741211,25.049999237060547,17.240623474121094
2012-07-30,74900,25.229999542236328,25.31999969482422,25.43000030517578,25.190000534057617,17.426454544067383
2012-07-27,85300,25.079999923706055,25.239999771118164,25.25,25.06999969482422,17.371395111083984
2012-07-26,179400,25.1200008392334,25.149999618530273,25.170000076293945,25.030000686645508,17.3094539642334
2012-07-25,101700,24.950000762939453,25.100000381469727,25.1200008392334,24.920000076293945,17.275039672851562
2012-07-24,155400,25.040000915527344,24.950000762939453,25.059999465942383,24.829999923706055,17.171802520751953
2012-07-23,153800,25.239999771118164,24.989999771118164,25.25,24.979999542236328,17.199329376220703
2012-07-20,129500,25.190000534057617,25.350000381469727,25.389999389648438,25.149999618530273,17.447101593017578
2012-07-19,117000,25.149999618530273,25.239999771118164,25.280000686645508,25.139999389648438,17.371395111083984
2012-07-18,160700,24.969999313354492,25.139999389648438,25.170000076293945,24.920000076293945,17.302566528320312
2012-07-17,93000,24.899999618530273,25.0,25.0,24.81999969482422,17.20621109008789
2012-07-16,92700,24.799999237060547,24.950000762939453,24.989999771118164,24.770000457763672,17.171802520751953
2012-07-13,158700,24.690000534057617,24.799999237060547,24.8700008392334,24.68000030517578,17.068567276000977
2012-07-12,102100,24.3799991607666,24.68000030517578,24.68000030517578,24.299999237060547,16.98597526550293
2012-07-11,196600,24.31999969482422,24.479999542236328,24.540000915527344,24.170000076293945,16.848325729370117
2012-07-10,356800,24.549999237060547,24.350000381469727,24.739999771118164,24.280000686645508,16.758852005004883
2012-07-09,231600,24.389999389648438,24.610000610351562,24.649999618530273,24.34000015258789,16.93779754638672
2012-07-06,177600,24.399999618530273,24.389999389648438,24.479999542236328,24.280000686645508,16.78638458251953
2012-07-05,203000,24.530000686645508,24.479999542236328,24.670000076293945,24.360000610351562,16.848325729370117
2012-07-03,140000,24.3799991607666,24.649999618530273,24.649999618530273,24.3799991607666,16.9653263092041
2012-07-02,101600,24.40999984741211,24.479999542236328,24.489999771118164,24.290000915527344,16.848325729370117
2012-06-29,200700,24.280000686645508,24.43000030517578,24.43000030517578,24.049999237060547,16.81391143798828
2012-06-28,111500,23.8700008392334,24.149999618530273,24.18000030517578,23.850000381469727,16.62120246887207
2012-06-27,133800,23.920000076293945,23.989999771118164,24.079999923706055,23.809999465942383,16.51108169555664
2012-06-26,82500,23.65999984741211,23.850000381469727,23.889999389648438,23.540000915527344,16.41472816467285
2012-06-25,133300,23.399999618530273,23.56999969482422,23.600000381469727,23.399999618530273,16.222017288208008
2012-06-22,171300,23.56999969482422,23.65999984741211,23.75,23.3799991607666,16.283966064453125
2012-06-21,126900,23.450000762939453,23.459999084472656,23.6299991607666,23.25,16.146312713623047
2012-06-20,160200,23.239999771118164,23.350000381469727,23.3700008392334,23.059999465942383,16.07060432434082
2012-06-19,130500,23.049999237060547,23.1299991607666,23.149999618530273,22.899999618530273,15.919185638427734
2012-06-18,159600,22.700000762939453,22.90999984741211,22.93000030517578,22.549999237060547,15.76777458190918
2012-06-15,141100,22.450000762939453,22.690000534057617,22.770000457763672,22.280000686645508,15.61635971069336
2012-06-14,126300,22.459999084472656,22.389999389648438,22.579999923706055,22.15999984741211,15.409884452819824
2012-06-13,165700,22.3700008392334,22.389999389648438,22.579999923706055,22.229999542236328,15.409884452819824
2012-06-12,535000,22.200000762939453,22.450000762939453,22.530000686645508,21.649999618530273,15.451180458068848
2012-06-11,243500,23.020000457763672,22.06999969482422,23.020000457763672,22.010000228881836,15.189642906188965
2012-06-08,195400,23.18000030517578,23.149999618530273,23.190000534057617,22.940000534057617,15.932953834533691
2012-06-07,80100,23.329999923706055,23.09000015258789,23.510000228881836,23.06999969482422,15.891660690307617
2012-06-06,153200,23.040000915527344,23.18000030517578,23.34000015258789,22.959999084472656,15.95359992980957
2012-06-05,204100,22.559999465942383,22.84000015258789,22.989999771118164,22.559999465942383,15.719594955444336
2012-06-04,220200,22.559999465942383,22.5,22.559999465942383,22.229999542236328,15.485594749450684
2012-06-01,56400,22.200000762939453,22.399999618530273,22.56999969482422,22.200000762939453,15.416765213012695
2012-05-31,126500,23.100000381469727,22.65999984741211,23.1299991607666,22.450000762939453,15.59571361541748
2012-05-30,148600,23.25,22.950000762939453,23.389999389648438,22.860000610351562,15.795306205749512
2012-05-29,257100,23.850000381469727,23.860000610351562,23.899999618530273,23.6200008392334,16.14769172668457
2012-05-25,77600,23.3700008392334,23.559999465942383,23.670000076293945,23.260000228881836,15.944658279418945
2012-05-24,145200,22.709999084472656,23.3799991607666,23.389999389648438,22.709999084472656,15.82283878326416
2012-05-23,219000,22.540000915527344,22.84000015258789,22.8700008392334,22.280000686645508,15.457382202148438
2012-05-22,125300,22.25,22.719999313354492,23.040000915527344,22.239999771118164,15.37617015838623
2012-05-21,143400,20.969999313354492,22.110000610351562,22.34000015258789,20.969999313354492,14.96334171295166
2012-05-18,245600,22.34000015258789,20.969999313354492,22.34000015258789,20.829999923706055,14.191825866699219
2012-05-17,243500,23.270000457763672,22.139999389648438,23.31999969482422,22.09000015258789,14.983646392822266
2012-05-16,301700,23.81999969482422,23.350000381469727,23.81999969482422,23.350000381469727,15.80254077911377
2012-05-15,399000,23.809999465942383,23.729999542236328,23.899999618530273,23.649999618530273,16.059703826904297
2012-05-14,278400,23.920000076293945,23.8700008392334,24.020000457763672,23.809999465942383,16.154457092285156
2012-05-11,349800,24.010000228881836,24.06999969482422,24.31999969482422,24.010000228881836,16.28980827331543
2012-05-10,90500,24.06999969482422,24.110000610351562,24.149999618530273,23.979999542236328,16.316883087158203
2012-05-09,421900,23.850000381469727,23.959999084472656,24.010000228881836,23.809999465942383,16.215368270874023
2012-05-08,298100,24.040000915527344,24.040000915527344,24.100000381469727,23.8700008392334,16.269506454467773
2012-05-07,125000,23.829999923706055,24.040000915527344,24.139999389648438,23.809999465942383,16.269506454467773
2012-05-04,147600,23.719999313354492,23.90999984741211,23.969999313354492,23.719999313354492,16.1815242767334
2012-05-03,135200,23.440000534057617,23.799999237060547,23.809999465942383,23.440000534057617,16.107080459594727
2012-05-02,128000,23.3700008392334,23.440000534057617,23.649999618530273,23.3700008392334,15.863442420959473
2012-05-01,78700,23.649999618530273,23.549999237060547,23.760000228881836,23.489999771118164,15.937889099121094
2012-04-30,127000,23.329999923706055,23.600000381469727,23.649999618530273,23.329999923706055,15.971725463867188
2012-04-27,96500,23.229999542236328,23.40999984741211,23.479999542236328,23.229999542236328,15.8431396484375
2012-04-26,114300,23.350000381469727,23.239999771118164,23.389999389648438,23.209999084472656,15.728092193603516
2012-04-25,86000,23.440000534057617,23.440000534057617,23.600000381469727,23.399999618530273,15.863442420959473
2012-04-24,72300,23.149999618530273,23.389999389648438,23.469999313354492,23.149999618530273,15.829607963562012
2012-04-23,165200,23.270000457763672,23.149999618530273,23.270000457763672,22.940000534057617,15.667182922363281
2012-04-20,153900,23.579999923706055,23.329999923706055,23.59000015258789,23.31999969482422,15.788999557495117
2012-04-19,112000,23.520000457763672,23.540000915527344,23.6299991607666,23.479999542236328,15.931119918823242
2012-04-18,170900,23.75,23.469999313354492,23.770000457763672,23.459999084472656,15.883749961853027
2012-04-17,93700,23.729999542236328,23.739999771118164,23.860000610351562,23.68000030517578,16.06647300720215
2012-04-16,193800,23.649999618530273,23.649999618530273,23.690000534057617,23.579999923706055,16.00556755065918
2012-04-13,69300,23.729999542236328,23.549999237060547,23.729999542236328,23.549999237060547,15.937889099121094
2012-04-12,195900,23.549999237060547,23.670000076293945,23.670000076293945,23.549999237060547,16.01909828186035
2012-04-11,98900,24.520000457763672,23.600000381469727,24.6200008392334,23.59000015258789,15.971725463867188
2012-04-10,159100,23.93000030517578,23.56999969482422,24.040000915527344,23.520000457763672,15.951422691345215
2012-04-09,91700,24.030000686645508,23.969999313354492,24.049999237060547,23.75,16.22212791442871
2012-04-05,376600,24.149999618530273,24.1200008392334,24.190000534057617,24.059999465942383,16.323650360107422
2012-04-04,231900,24.260000228881836,24.170000076293945,24.309999465942383,24.1200008392334,16.357486724853516
2012-04-03,191500,24.200000762939453,24.31999969482422,24.40999984741211,24.15999984741211,16.459001541137695
2012-04-02,204300,24.06999969482422,24.209999084472656,24.25,23.969999313354492,16.38455581665039
2012-03-30,169100,24.280000686645508,24.100000381469727,24.399999618530273,24.09000015258789,16.310108184814453
2012-03-29,138100,24.170000076293945,24.25,24.270000457763672,24.1200008392334,16.41162872314453
2012-03-28,169100,24.219999313354492,24.290000915527344,24.290000915527344,24.149999618530273,16.438703536987305
2012-03-27,298900,24.09000015258789,24.25,24.290000915527344,23.940000534057617,16.41162872314453
2012-03-26,181900,23.950000762939453,24.040000915527344,24.139999389648438,23.920000076293945,16.269506454467773
2012-03-23,179500,23.760000228881836,23.950000762939453,23.950000762939453,23.690000534057617,16.208595275878906
2012-03-22,259300,23.579999923706055,23.719999313354492,23.770000457763672,23.549999237060547,16.052936553955078
2012-03-21,320800,23.700000762939453,23.770000457763672,23.780000686645508,23.530000686645508,16.086776733398438
2012-03-20,199800,23.729999542236328,23.639999389648438,23.739999771118164,23.3799991607666,15.998798370361328
2012-03-19,200300,23.68000030517578,23.739999771118164,23.84000015258789,23.59000015258789,16.06647300720215
2012-03-16,299500,23.649999618530273,23.6200008392334,23.770000457763672,23.579999923706055,15.985262870788574
2012-03-15,157100,23.6299991607666,23.559999465942383,23.670000076293945,23.350000381469727,15.944658279418945
2012-03-14,244200,23.510000228881836,23.479999542236328,23.56999969482422,23.31999969482422,15.890519142150879
2012-03-13,360500,23.610000610351562,23.440000534057617,23.700000762939453,23.309999465942383,15.863442420959473
2012-03-12,122100,23.3700008392334,23.469999313354492,23.579999923706055,23.25,15.883749961853027
2012-03-09,99200,23.170000076293945,23.260000228881836,23.329999923706055,23.09000015258789,15.741626739501953
2012-03-08,212000,22.920000076293945,23.09000015258789,23.1200008392334,22.889999389648438,15.626577377319336
2012-03-07,223100,22.729999542236328,22.860000610351562,22.940000534057617,22.690000534057617,15.470917701721191
2012-03-06,527900,22.790000915527344,22.670000076293945,22.790000915527344,22.0,15.342331886291504
2012-03-05,166900,22.809999465942383,22.860000610351562,22.950000762939453,22.68000030517578,15.470917701721191
2012-03-02,297100,22.600000381469727,22.81999969482422,22.899999618530273,22.489999771118164,15.443846702575684
2012-03-01,285000,22.719999313354492,22.579999923706055,22.739999771118164,22.399999618530273,15.281425476074219
2012-02-29,355300,22.389999389648438,22.59000015258789,22.690000534057617,22.31999969482422,15.288188934326172
2012-02-28,258800,22.25,22.299999237060547,22.389999389648438,22.15999984741211,15.09192943572998
2012-02-27,174200,22.579999923706055,22.5,22.600000381469727,22.5,14.957931518554688
2012-02-24,238000,22.610000610351562,22.520000457763672,22.670000076293945,22.450000762939453,14.971223831176758
2012-02-23,406100,22.56999969482422,22.450000762939453,22.75,22.360000610351562,14.924689292907715
2012-02-22,115800,22.399999618530273,22.450000762939453,22.549999237060547,22.329999923706055,14.924689292907715
2012-02-21,98900,22.34000015258789,22.399999618530273,22.530000686645508,22.25,14.891448974609375
2012-02-17,94300,22.329999923706055,22.149999618530273,22.360000610351562,22.1299991607666,14.725250244140625
2012-02-16,127700,22.200000762939453,22.15999984741211,22.219999313354492,22.09000015258789,14.731895446777344
2012-02-15,171600,22.299999237060547,22.15999984741211,22.309999465942383,22.139999389648438,14.731895446777344
2012-02-14,128900,22.25,22.049999237060547,22.270000457763672,22.040000915527344,14.658768653869629
2012-02-13,106300,22.06999969482422,22.200000762939453,22.329999923706055,21.950000762939453,14.758492469787598
2012-02-10,84500,22.270000457763672,21.850000381469727,22.360000610351562,21.850000381469727,14.525808334350586
2012-02-09,118900,22.3799991607666,22.229999542236328,22.3799991607666,22.1299991607666,14.778434753417969
2012-02-08,408100,22.3700008392334,22.290000915527344,22.5,22.209999084472656,14.818324089050293
2012-02-07,73900,21.959999084472656,22.209999084472656,22.399999618530273,21.959999084472656,14.765137672424316
2012-02-06,115800,22.200000762939453,22.25,22.350000381469727,22.1200008392334,14.791731834411621
2012-02-03,140400,22.049999237060547,22.200000762939453,22.329999923706055,22.0,14.758492469787598
2012-02-02,664200,21.940000534057617,21.850000381469727,22.0,21.399999618530273,14.525808334350586
2012-02-01,103500,21.790000915527344,21.850000381469727,21.889999389648438,21.719999313354492,14.525808334350586
2012-01-31,285600,21.690000534057617,21.610000610351562,21.729999542236328,21.469999313354492,14.36626148223877
2012-01-30,147600,21.790000915527344,21.5,21.850000381469727,21.469999313354492,14.293129920959473
2012-01-27,70000,21.780000686645508,21.8700008392334,21.950000762939453,21.75,14.539109230041504
2012-01-26,105000,21.600000381469727,21.649999618530273,21.829999923706055,21.600000381469727,14.392854690551758
2012-01-25,292700,21.5,21.549999237060547,21.739999771118164,21.270000457763672,14.326371192932129
2012-01-24,234300,21.40999984741211,21.5,21.649999618530273,21.290000915527344,14.293129920959473
2012-01-23,382000,21.850000381469727,21.440000534057617,22.059999465942383,21.399999618530273,14.253244400024414
2012-01-20,75100,21.81999969482422,21.739999771118164,22.010000228881836,21.639999389648438,14.45268440246582
2012-01-19,247300,21.950000762939453,21.649999618530273,22.18000030517578,21.6299991607666,14.392854690551758
2012-01-18,54200,21.649999618530273,21.84000015258789,21.950000762939453,21.579999923706055,14.519161224365234
2012-01-17,68100,21.549999237060547,21.579999923706055,21.690000534057617,21.440000534057617,14.346315383911133
2012-01-13,139900,20.84000015258789,21.329999923706055,21.40999984741211,20.709999084472656,14.180115699768066
2012-01-12,63400,20.639999389648438,20.93000030517578,20.979999542236328,20.59000015258789,13.914198875427246
2012-01-11,60200,20.540000915527344,20.489999771118164,20.739999771118164,20.43000030517578,13.621685981750488
2012-01-10,101000,20.889999389648438,20.709999084472656,21.1200008392334,20.68000030517578,13.767938613891602
2012-01-09,99200,20.959999084472656,20.84000015258789,20.959999084472656,20.809999465942383,13.854366302490234
2012-01-06,73700,20.469999313354492,20.829999923706055,20.829999923706055,20.469999313354492,13.847718238830566
2012-01-05,93000,19.690000534057617,20.5,20.59000015258789,19.59000015258789,13.628338813781738
2012-01-04,300100,19.3799991607666,19.8700008392334,19.979999542236328,19.3799991607666,13.209513664245605
2012-01-03,31800,19.579999923706055,19.459999084472656,19.719999313354492,19.459999084472656,12.936946868896484
2011-12-30,58400,19.350000381469727,19.469999313354492,19.510000228881836,19.030000686645508,12.943594932556152
2011-12-29,79100,18.899999618530273,19.209999084472656,19.299999237060547,18.709999084472656,12.770746231079102
2011-12-28,47800,18.959999084472656,18.799999237060547,18.989999771118164,18.520000457763672,12.49817943572998
2011-12-27,57200,19.280000686645508,18.979999542236328,19.329999923706055,18.959999084472656,12.61784553527832
2011-12-23,44100,19.600000381469727,19.399999618530273,19.600000381469727,19.200000762939453,12.897058486938477
2011-12-22,89700,19.469999313354492,19.469999313354492,19.739999771118164,19.329999923706055,12.943594932556152
2011-12-21,66000,19.389999389648438,19.469999313354492,19.520000457763672,19.280000686645508,12.943594932556152
2011-12-20,96000,19.600000381469727,19.510000228881836,19.75,19.329999923706055,12.970186233520508
2011-12-19,46800,19.719999313354492,19.56999969482422,19.719999313354492,19.25,13.010074615478516
2011-12-16,67400,20.0,19.530000686645508,20.0,19.520000457763672,12.983485221862793
2011-12-15,81200,20.270000457763672,19.809999465942383,20.270000457763672,19.479999542236328,13.169625282287598
2011-12-14,51900,19.81999969482422,19.989999771118164,20.0,19.6299991607666,13.289287567138672
2011-12-13,85000,19.860000610351562,19.959999084472656,20.219999313354492,19.649999618530273,13.269344329833984
2011-12-12,37100,20.110000610351562,19.770000457763672,20.110000610351562,19.729999542236328,13.143033027648926
2011-12-09,33700,20.09000015258789,20.229999542236328,20.239999771118164,19.959999084472656,13.44883918762207
2011-12-08,24400,20.149999618530273,19.989999771118164,20.170000076293945,19.959999084472656,13.289287567138672
2011-12-07,229100,20.010000228881836,20.280000686645508,20.299999237060547,20.010000228881836,13.482081413269043
2011-12-06,69800,19.770000457763672,20.110000610351562,20.299999237060547,19.770000457763672,13.369065284729004
2011-12-05,57500,19.6200008392334,19.920000076293945,19.920000076293945,19.469999313354492,13.242752075195312
2011-12-02,30300,19.5,19.389999389648438,19.770000457763672,19.3799991607666,12.890410423278809
2011-12-01,24000,19.670000076293945,19.420000076293945,19.920000076293945,19.350000381469727,12.910356521606445
2011-11-30,44600,20.440000534057617,19.799999237060547,20.440000534057617,19.780000686645508,13.16297721862793
2011-11-29,34500,19.889999389648438,19.760000228881836,20.020000457763672,19.700000762939453,13.136384010314941
2011-11-28,104400,20.149999618530273,20.3700008392334,20.56999969482422,20.06999969482422,13.277324676513672
2011-11-25,14600,19.639999389648438,19.850000381469727,19.90999984741211,19.360000610351562,12.938383102416992
2011-11-23,52800,19.3700008392334,19.549999237060547,19.639999389648438,18.8700008392334,12.742841720581055
2011-11-22,30500,19.75,19.760000228881836,19.950000762939453,19.729999542236328,12.879718780517578
2011-11-21,42900,19.84000015258789,19.93000030517578,20.0,19.5,12.99052619934082
2011-11-18,45900,20.149999618530273,20.100000381469727,20.309999465942383,19.959999084472656,13.101337432861328
2011-11-17,81600,20.149999618530273,20.049999237060547,20.280000686645508,19.969999313354492,13.068744659423828
2011-11-16,48900,20.469999313354492,20.209999084472656,20.5,20.209999084472656,13.173033714294434
2011-11-15,38000,20.360000610351562,20.540000915527344,20.6299991607666,20.360000610351562,13.388129234313965
2011-11-14,39400,20.760000228881836,20.579999923706055,20.829999923706055,20.43000030517578,13.414202690124512
2011-11-11,37300,20.360000610351562,20.829999923706055,20.829999923706055,20.299999237060547,13.577152252197266
2011-11-10,61500,20.239999771118164,20.079999923706055,20.389999389648438,19.969999313354492,13.088297843933105
2011-11-09,61500,20.34000015258789,20.149999618530273,20.459999084472656,20.09000015258789,13.133925437927246
2011-11-08,57400,20.8799991607666,20.75,20.989999771118164,20.709999084472656,13.525009155273438
2011-11-07,43100,20.979999542236328,20.8700008392334,21.18000030517578,20.829999923706055,13.603225708007812
2011-11-04,34700,20.829999923706055,20.920000076293945,21.030000686645508,20.709999084472656,13.635815620422363
2011-11-03,44100,20.959999084472656,20.760000228881836,20.989999771118164,20.690000534057617,13.531527519226074
2011-11-02,72600,20.459999084472656,20.68000030517578,21.1200008392334,20.459999084472656,13.479382514953613
2011-11-01,56300,20.510000228881836,20.420000076293945,20.93000030517578,20.239999771118164,13.309913635253906
2011-10-31,41300,21.639999389648438,21.350000381469727,21.639999389648438,21.219999313354492,13.916089057922363
2011-10-28,71100,21.649999618530273,21.75,21.850000381469727,21.479999542236328,14.176817893981934
2011-10-27,109200,21.700000762939453,21.649999618530273,21.8700008392334,21.350000381469727,14.111639976501465
2011-10-26,77700,20.690000534057617,20.989999771118164,21.030000686645508,20.579999923706055,13.681445121765137
2011-10-25,60700,20.649999618530273,20.530000686645508,20.65999984741211,20.440000534057617,13.381614685058594
2011-10-24,38200,20.360000610351562,20.639999389648438,20.649999618530273,20.299999237060547,13.453310012817383
2011-10-21,45700,20.299999237060547,20.209999084472656,20.299999237060547,19.959999084472656,13.173033714294434
2011-10-20,90300,20.200000762939453,19.850000381469727,20.40999984741211,19.5,12.938383102416992
2011-10-19,54400,20.350000381469727,20.25,20.420000076293945,20.15999984741211,13.19910717010498
2011-10-18,59400,19.600000381469727,20.25,20.40999984741211,19.579999923706055,13.19910717010498
2011-10-17,50700,19.84000015258789,19.8700008392334,20.020000457763672,19.709999084472656,12.951421737670898
2011-10-14,51600,20.190000534057617,19.799999237060547,20.239999771118164,19.540000915527344,12.905793190002441
2011-10-13,55800,20.260000228881836,19.81999969482422,20.260000228881836,19.739999771118164,12.918828964233398
2011-10-12,53300,20.200000762939453,20.299999237060547,20.479999542236328,20.0,13.231698036193848
2011-10-11,45000,19.690000534057617,19.809999465942383,19.920000076293945,19.440000534057617,12.912311553955078
2011-10-10,89100,19.75,19.690000534057617,20.219999313354492,19.530000686645508,12.834092140197754
2011-10-07,70800,19.489999771118164,19.6200008392334,19.68000030517578,19.06999969482422,12.788468360900879
2011-10-06,65000,18.139999389648438,19.290000915527344,19.290000915527344,18.0,12.573370933532715
2011-10-05,110900,17.100000381469727,17.959999084472656,18.09000015258789,16.950000762939453,11.706466674804688
2011-10-04,363700,17.860000610351562,16.950000762939453,17.860000610351562,16.3799991607666,11.048141479492188
2011-10-03,103600,19.350000381469727,18.0,19.440000534057617,17.850000381469727,11.732540130615234
2011-09-30,82500,18.790000915527344,19.40999984741211,19.520000457763672,18.739999771118164,12.651585578918457
2011-09-29,125100,19.729999542236328,19.049999237060547,19.729999542236328,18.940000534057617,12.416937828063965
2011-09-28,40100,19.6200008392334,19.280000686645508,19.6200008392334,19.18000030517578,12.566853523254395
2011-09-27,241200,19.350000381469727,19.5,20.1299991607666,19.190000534057617,12.71025276184082
2011-09-26,56900,19.06999969482422,18.90999984741211,19.06999969482422,18.489999771118164,12.325685501098633
2011-09-23,55900,18.729999542236328,18.809999465942383,19.0,18.1299991607666,12.260502815246582
2011-09-22,86300,18.700000762939453,18.690000534057617,18.950000762939453,18.329999923706055,12.182286262512207
2011-09-21,63400,18.950000762939453,19.06999969482422,19.25,18.799999237060547,12.429971694946289
2011-09-20,61000,19.1200008392334,18.799999237060547,19.31999969482422,18.799999237060547,12.253984451293945
2011-09-19,54200,19.270000457763672,19.18000030517578,19.299999237060547,19.049999237060547,12.501672744750977
2011-09-16,50300,19.780000686645508,19.43000030517578,19.799999237060547,19.389999389648438,12.664627075195312
2011-09-15,71400,19.799999237060547,19.579999923706055,19.8700008392334,19.479999542236328,12.762397766113281
2011-09-14,51600,19.229999542236328,19.309999465942383,19.479999542236328,19.0,12.586405754089355
2011-09-13,66200,19.5,19.229999542236328,19.649999618530273,19.170000076293945,12.53426456451416
2011-09-12,78800,20.290000915527344,19.450000762939453,20.43000030517578,19.25,12.677660942077637
2011-09-09,85900,20.75,20.639999389648438,20.760000228881836,20.190000534057617,13.453310012817383
2011-09-08,149100,21.139999389648438,20.739999771118164,21.290000915527344,20.549999237060547,13.518491744995117
2011-09-07,91700,21.190000534057617,21.139999389648438,21.3700008392334,21.0,13.779212951660156
2011-09-06,82600,20.399999618530273,20.850000381469727,20.969999313354492,20.010000228881836,13.590191841125488
2011-09-02,48400,20.75,20.719999313354492,21.079999923706055,20.34000015258789,13.50545597076416
2011-09-01,114000,21.709999084472656,21.079999923706055,21.709999084472656,20.90999984741211,13.740106582641602
2011-08-31,85100,21.68000030517578,21.540000915527344,22.100000381469727,21.5,14.03994083404541
2011-08-30,42800,21.549999237060547,21.719999313354492,21.780000686645508,21.329999923706055,14.157262802124023
2011-08-29,53300,21.450000762939453,21.780000686645508,21.889999389648438,21.3700008392334,13.936954498291016
2011-08-26,55000,20.610000610351562,21.1299991607666,21.260000228881836,20.610000610351562,13.521021842956543
2011-08-25,74000,20.530000686645508,20.780000686645508,20.84000015258789,20.5,13.297057151794434
2011-08-24,55300,19.899999618530273,20.459999084472656,20.6200008392334,19.899999618530273,13.092286109924316
2011-08-23,69500,20.100000381469727,20.100000381469727,20.149999618530273,19.479999542236328,12.86192512512207
2011-08-22,61100,21.030000686645508,19.770000457763672,21.030000686645508,19.65999984741211,12.650757789611816
2011-08-19,83700,20.280000686645508,20.479999542236328,20.6299991607666,19.799999237060547,13.105086326599121
2011-08-18,57200,20.899999618530273,20.25,20.899999618530273,20.1299991607666,12.957911491394043
2011-08-17,46700,21.31999969482422,21.360000610351562,21.649999618530273,21.110000610351562,13.668198585510254
2011-08-16,67000,21.450000762939453,21.25,21.649999618530273,21.09000015258789,13.597809791564941
2011-08-15,79100,20.600000381469727,21.600000381469727,21.719999313354492,20.600000381469727,13.821770668029785
2011-08-12,118800,19.020000457763672,20.389999389648438,20.420000076293945,19.020000457763672,13.047496795654297
2011-08-11,163500,17.479999542236328,19.18000030517578,19.25,17.31999969482422,12.273221015930176
2011-08-10,186700,18.799999237060547,17.8700008392334,18.989999771118164,17.31999969482422,11.434953689575195
2011-08-09,280700,17.010000228881836,19.329999923706055,19.450000762939453,16.93000030517578,12.369205474853516
2011-08-08,383200,18.989999771118164,16.950000762939453,18.989999771118164,15.5,10.8462495803833
2011-08-05,271600,21.239999771118164,20.219999313354492,21.239999771118164,18.389999389648438,12.938714981079102
2011-08-04,130900,22.59000015258789,21.31999969482422,22.6200008392334,20.90999984741211,13.642600059509277
2011-08-03,63400,22.600000381469727,22.670000076293945,22.729999542236328,22.540000915527344,14.50645923614502
2011-08-02,48000,22.56999969482422,22.670000076293945,22.799999237060547,22.56999969482422,14.50645923614502
2011-08-01,56000,22.540000915527344,22.649999618530273,22.850000381469727,22.540000915527344,14.49366283416748
2011-07-29,63300,22.610000610351562,22.389999389648438,22.610000610351562,22.06999969482422,14.327290534973145
2011-07-28,41200,22.649999618530273,22.600000381469727,22.780000686645508,22.540000915527344,14.461668968200684
2011-07-27,51600,22.850000381469727,22.729999542236328,23.010000228881836,22.649999618530273,14.544852256774902
2011-07-26,60700,22.850000381469727,23.0,23.34000015258789,22.850000381469727,14.717625617980957
2011-07-25,41300,23.1299991607666,22.760000228881836,23.139999389648438,22.760000228881836,14.564051628112793
2011-07-22,31700,23.309999465942383,23.170000076293945,23.420000076293945,23.1299991607666,14.826408386230469
2011-07-21,143200,23.31999969482422,23.260000228881836,23.530000686645508,23.229999542236328,14.883997917175293
2011-07-20,48700,23.290000915527344,23.239999771118164,23.290000915527344,22.989999771118164,14.871197700500488
2011-07-19,95600,23.079999923706055,23.190000534057617,23.229999542236328,22.780000686645508,14.83920955657959
2011-07-18,50800,23.290000915527344,23.079999923706055,23.299999237060547,23.079999923706055,14.768816947937012
2011-07-15,45100,23.200000762939453,23.459999084472656,23.459999084472656,23.079999923706055,15.011981964111328
2011-07-14,66900,23.5,23.200000762939453,23.5,23.15999984741211,14.845608711242676
2011-07-13,52200,23.43000030517578,23.489999771118164,23.59000015258789,23.43000030517578,15.031172752380371
2011-07-12,57200,23.649999618530273,23.489999771118164,23.75,23.450000762939453,15.031172752380371
2011-07-11,60500,23.84000015258789,23.780000686645508,23.899999618530273,23.65999984741211,15.216747283935547
2011-07-08,30900,23.68000030517578,23.93000030517578,23.950000762939453,23.68000030517578,15.31273078918457
2011-07-07,39000,23.809999465942383,23.809999465942383,23.860000610351562,23.770000457763672,15.235942840576172
2011-07-06,46700,23.65999984741211,23.860000610351562,23.860000610351562,23.549999237060547,15.267940521240234
2011-07-05,64600,23.56999969482422,23.75,23.75,23.56999969482422,15.19754695892334
2011-07-01,40500,23.559999465942383,23.56999969482422,23.739999771118164,23.510000228881836,15.082367897033691
2011-06-30,68000,23.260000228881836,23.610000610351562,23.729999542236328,23.260000228881836,15.107967376708984
2011-06-29,132600,23.360000610351562,23.290000915527344,23.420000076293945,23.260000228881836,14.903197288513184
2011-06-28,37100,23.0,23.350000381469727,23.3799991607666,23.0,14.941590309143066
2011-06-27,60500,23.049999237060547,22.959999084472656,23.139999389648438,22.920000076293945,14.69202995300293
2011-06-24,50700,23.200000762939453,23.079999923706055,23.270000457763672,23.0,14.768816947937012
2011-06-23,86500,23.09000015258789,23.229999542236328,23.309999465942383,22.93000030517578,14.864806175231934
2011-06-22,82200,23.040000915527344,23.18000030517578,23.239999771118164,23.0,14.832808494567871
2011-06-21,142400,22.75,23.010000228881836,23.100000381469727,22.739999771118164,14.724026679992676
2011-06-20,70000,23.15999984741211,22.790000915527344,23.170000076293945,22.760000228881836,14.58324909210205
2011-06-17,47500,23.270000457763672,23.25,23.459999084472656,23.139999389648438,14.877601623535156
2011-06-16,181600,23.719999313354492,23.09000015258789,23.889999389648438,23.0,14.775216102600098
2011-06-15,142400,23.75,23.850000381469727,24.049999237060547,23.75,15.261539459228516
2011-06-14,83400,23.639999389648438,23.790000915527344,23.829999923706055,23.639999389648438,15.223140716552734
2011-06-13,76200,23.600000381469727,23.649999618530273,23.690000534057617,23.559999465942383,15.133557319641113
2011-06-10,48900,23.399999618530273,23.530000686645508,23.610000610351562,23.3799991607666,15.056769371032715
2011-06-09,104100,23.440000534057617,23.440000534057617,23.520000457763672,23.25,14.99917984008789
2011-06-08,69400,23.979999542236328,23.56999969482422,23.979999542236328,23.520000457763672,15.082367897033691
2011-06-07,48300,24.020000457763672,23.90999984741211,24.020000457763672,23.8799991607666,15.299935340881348
2011-06-06,35800,23.8700008392334,23.899999618530273,24.030000686645508,23.809999465942383,15.293529510498047
2011-06-03,53900,23.850000381469727,23.93000030517578,23.989999771118164,23.719999313354492,15.31273078918457
2011-06-02,61800,23.850000381469727,23.850000381469727,23.950000762939453,23.81999969482422,15.261539459228516
2011-06-01,76600,23.850000381469727,23.899999618530273,24.0,23.850000381469727,15.293529510498047
2011-05-31,107700,24.059999465942383,23.850000381469727,24.149999618530273,23.760000228881836,15.261539459228516
2011-05-27,109500,24.219999313354492,24.049999237060547,24.219999313354492,24.010000228881836,15.389518737792969
2011-05-26,48900,24.350000381469727,24.5,24.59000015258789,24.350000381469727,15.422792434692383
2011-05-25,63200,24.530000686645508,24.40999984741211,24.530000686645508,24.3700008392334,15.36613655090332
2011-05-24,38400,24.450000762939453,24.510000228881836,24.540000915527344,24.43000030517578,15.429089546203613
2011-05-23,67700,24.280000686645508,24.5,24.5,24.280000686645508,15.422792434692383
2011-05-20,26700,24.299999237060547,24.479999542236328,24.479999542236328,24.280000686645508,15.410202980041504
2011-05-19,60100,24.350000381469727,24.3700008392334,24.450000762939453,24.25,15.340961456298828
2011-05-18,51600,24.280000686645508,24.40999984741211,24.43000030517578,24.280000686645508,15.36613655090332
2011-05-17,90400,24.43000030517578,24.290000915527344,24.469999313354492,24.190000534057617,15.29059886932373
2011-05-16,93500,24.469999313354492,24.520000457763672,24.579999923706055,24.260000228881836,15.435384750366211
2011-05-13,55700,24.309999465942383,24.43000030517578,24.489999771118164,24.309999465942383,15.378728866577148
2011-05-12,77000,24.030000686645508,24.309999465942383,24.399999618530273,24.030000686645508,15.303184509277344
2011-05-11,88900,24.0,24.100000381469727,24.200000762939453,23.969999313354492,15.170990943908691
2011-05-10,71100,23.81999969482422,23.989999771118164,24.0,23.81999969482422,15.10174560546875
2011-05-09,64000,23.780000686645508,23.84000015258789,23.920000076293945,23.760000228881836,15.007320404052734
2011-05-06,42300,23.6200008392334,23.809999465942383,23.84000015258789,23.59000015258789,14.988435745239258
2011-05-05,45800,23.559999465942383,23.639999389648438,23.68000030517578,23.489999771118164,14.881424903869629
2011-05-04,61000,23.440000534057617,23.549999237060547,23.68000030517578,23.440000534057617,14.824761390686035
2011-05-03,56000,23.399999618530273,23.530000686645508,23.56999969482422,23.399999618530273,14.812176704406738
2011-05-02,46000,23.350000381469727,23.34000015258789,23.3700008392334,23.18000030517578,14.692575454711914
2011-04-29,48000,23.200000762939453,23.260000228881836,23.299999237060547,23.079999923706055,14.642210006713867
2011-04-28,40000,23.219999313354492,23.200000762939453,23.280000686645508,23.170000076293945,14.60444164276123
2011-04-27,44700,23.0,23.209999084472656,23.229999542236328,22.969999313354492,14.610734939575195
2011-04-26,70100,22.920000076293945,23.1200008392334,23.149999618530273,22.829999923706055,14.554078102111816
2011-04-25,68400,22.989999771118164,23.0,23.0,22.799999237060547,14.478536605834961
2011-04-21,36200,22.889999389648438,22.920000076293945,22.940000534057617,22.780000686645508,14.428178787231445
2011-04-20,79400,22.739999771118164,22.920000076293945,22.920000076293945,22.68000030517578,14.428178787231445
2011-04-19,41100,22.5,22.6299991607666,22.690000534057617,22.479999542236328,14.245624542236328
2011-04-18,34000,22.559999465942383,22.479999542236328,22.6299991607666,22.450000762939453,14.151199340820312
2011-04-15,41100,22.780000686645508,22.700000762939453,22.790000915527344,22.690000534057617,14.289690017700195
2011-04-14,31300,22.790000915527344,22.739999771118164,22.799999237060547,22.690000534057617,14.314874649047852
2011-04-13,40000,22.809999465942383,22.809999465942383,22.90999984741211,22.719999313354492,14.358935356140137
2011-04-12,47300,22.899999618530273,22.809999465942383,22.969999313354492,22.799999237060547,14.358935356140137
2011-04-11,42100,22.889999389648438,22.889999389648438,23.010000228881836,22.8799991607666,14.409296035766602
2011-04-08,95900,22.959999084472656,22.90999984741211,23.049999237060547,22.8799991607666,14.421887397766113
2011-04-07,60500,23.0,22.979999542236328,23.15999984741211,22.969999313354492,14.465950965881348
2011-04-06,35000,23.030000686645508,23.030000686645508,23.110000610351562,23.0,14.49742317199707
2011-04-05,67200,22.760000228881836,23.040000915527344,23.06999969482422,22.760000228881836,14.5037202835083
2011-04-04,88700,22.809999465942383,22.81999969482422,22.93000030517578,22.75,14.365227699279785
2011-04-01,33300,22.770000457763672,22.850000381469727,22.959999084472656,22.690000534057617,14.384114265441895
2011-03-31,35500,22.59000015258789,22.770000457763672,22.81999969482422,22.549999237060547,14.33375358581543
2011-03-30,66200,22.600000381469727,22.540000915527344,22.700000762939453,22.540000915527344,14.188968658447266
2011-03-29,43800,22.540000915527344,22.6200008392334,22.690000534057617,22.5,14.23932933807373
2011-03-28,65700,22.549999237060547,22.489999771118164,22.600000381469727,22.40999984741211,14.157495498657227
2011-03-25,94700,22.59000015258789,22.530000686645508,22.700000762939453,22.530000686645508,14.1826753616333
2011-03-24,63000,22.649999618530273,22.6200008392334,22.780000686645508,22.610000610351562,14.23932933807373
2011-03-23,64000,22.65999984741211,22.700000762939453,22.790000915527344,22.56999969482422,14.289690017700195
2011-03-22,60100,22.690000534057617,22.639999389648438,22.709999084472656,22.600000381469727,14.251917839050293
2011-03-21,62800,22.889999389648438,22.639999389648438,22.889999389648438,22.6299991607666,14.251917839050293
2011-03-18,83600,22.690000534057617,22.809999465942383,22.84000015258789,22.56999969482422,14.358935356140137
2011-03-17,62700,22.799999237060547,22.549999237060547,22.799999237060547,22.549999237060547,14.195262908935547
2011-03-16,46100,22.690000534057617,22.6299991607666,22.770000457763672,22.56999969482422,14.245624542236328
2011-03-15,66000,22.59000015258789,22.639999389648438,22.709999084472656,22.549999237060547,14.251917839050293
2011-03-14,51600,22.760000228881836,22.790000915527344,22.809999465942383,22.700000762939453,14.346343040466309
2011-03-11,147400,22.59000015258789,22.860000610351562,22.950000762939453,22.450000762939453,14.390412330627441
2011-03-10,70700,22.6299991607666,22.68000030517578,22.700000762939453,22.549999237060547,14.277101516723633
2011-03-09,97800,22.56999969482422,22.6299991607666,22.700000762939453,22.5,14.245624542236328
2011-03-08,62000,22.469999313354492,22.510000228881836,22.700000762939453,22.3799991607666,14.170088768005371
2011-03-07,62800,22.489999771118164,22.399999618530273,22.559999465942383,22.389999389648438,14.100839614868164
2011-03-04,72000,22.209999084472656,22.450000762939453,22.459999084472656,22.1299991607666,14.132312774658203
2011-03-03,52500,22.149999618530273,22.229999542236328,22.239999771118164,22.1299991607666,13.993825912475586
2011-03-02,264400,22.260000228881836,22.06999969482422,22.260000228881836,21.5,13.893097877502441
2011-03-01,53200,22.3799991607666,22.219999313354492,22.479999542236328,22.219999313354492,13.987532615661621
2011-02-28,56600,22.3700008392334,22.360000610351562,22.469999313354492,22.350000381469727,14.07565689086914
2011-02-25,62600,22.459999084472656,22.3700008392334,22.520000457763672,22.3700008392334,14.081952095031738
2011-02-24,60600,22.850000381469727,22.850000381469727,22.899999618530273,22.739999771118164,14.133569717407227
2011-02-23,70800,22.8700008392334,22.8700008392334,22.950000762939453,22.68000030517578,14.145946502685547
2011-02-22,60500,22.770000457763672,22.81999969482422,22.979999542236328,22.770000457763672,14.115015983581543
2011-02-18,50800,22.799999237060547,23.110000610351562,23.1200008392334,22.799999237060547,14.29439640045166
2011-02-17,37700,22.899999618530273,22.790000915527344,22.969999313354492,22.790000915527344,14.09645938873291
2011-02-16,91900,22.719999313354492,22.950000762939453,23.0,22.719999313354492,14.195425987243652
2011-02-15,51700,22.56999969482422,22.739999771118164,22.93000030517578,22.56999969482422,14.06553840637207
2011-02-14,84100,22.81999969482422,22.68000030517578,22.860000610351562,22.639999389648438,14.028422355651855
2011-02-11,46700,22.6200008392334,22.899999618530273,22.899999618530273,22.59000015258789,14.164501190185547
2011-02-10,66800,22.43000030517578,22.780000686645508,22.84000015258789,22.3799991607666,14.090276718139648
2011-02-09,66800,22.510000228881836,22.549999237060547,22.729999542236328,22.3799991607666,13.948009490966797
2011-02-08,84600,22.170000076293945,22.489999771118164,22.489999771118164,22.170000076293945,13.910901069641113
2011-02-07,42900,22.5,22.25,22.6200008392334,22.190000534057617,13.762449264526367
2011-02-04,90500,22.360000610351562,22.479999542236328,22.719999313354492,22.31999969482422,13.904714584350586
2011-02-03,77100,21.959999084472656,22.360000610351562,22.489999771118164,21.950000762939453,13.830488204956055
2011-02-02,37300,21.700000762939453,22.06999969482422,22.079999923706055,21.700000762939453,13.651107788085938
2011-02-01,89600,21.5,21.81999969482422,21.860000610351562,21.479999542236328,13.496478080749512
2011-01-31,418900,21.31999969482422,21.540000915527344,21.549999237060547,21.280000686645508,13.323291778564453
2011-01-28,57300,21.520000457763672,21.329999923706055,21.549999237060547,21.329999923706055,13.193395614624023
2011-01-27,101900,21.459999084472656,21.540000915527344,21.549999237060547,21.399999618530273,13.323291778564453
2011-01-26,546700,21.299999237060547,21.389999389648438,21.520000457763672,21.290000915527344,13.230508804321289
2011-01-25,66700,21.530000686645508,21.40999984741211,21.530000686645508,21.3799991607666,13.242877960205078
2011-01-24,30100,21.5,21.479999542236328,21.610000610351562,21.459999084472656,13.286178588867188
2011-01-21,61400,21.510000228881836,21.450000762939453,21.600000381469727,21.40999984741211,13.267623901367188
2011-01-20,65100,21.510000228881836,21.579999923706055,21.610000610351562,21.510000228881836,13.348030090332031
2011-01-19,55900,21.59000015258789,21.549999237060547,21.639999389648438,21.469999313354492,13.329476356506348
2011-01-18,35800,21.670000076293945,21.6299991607666,21.81999969482422,21.559999465942383,13.378954887390137
2011-01-14,60300,21.700000762939453,21.690000534057617,21.989999771118164,21.690000534057617,13.4160737991333
2011-01-13,95000,21.850000381469727,21.75,21.989999771118164,21.719999313354492,13.453184127807617
2011-01-12,90000,21.65999984741211,21.8700008392334,22.100000381469727,21.6200008392334,13.527406692504883
2011-01-11,76100,21.649999618530273,21.6200008392334,21.770000457763672,21.610000610351562,13.372773170471191
2011-01-10,61500,21.510000228881836,21.670000076293945,21.760000228881836,21.510000228881836,13.403697967529297
2011-01-07,48700,21.989999771118164,21.700000762939453,22.0,21.68000030517578,13.422252655029297
2011-01-06,118900,21.860000610351562,21.950000762939453,22.030000686645508,21.860000610351562,13.576891899108887
2011-01-05,85000,21.799999237060547,21.90999984741211,22.010000228881836,21.739999771118164,13.552148818969727
2011-01-04,121900,21.6200008392334,21.799999237060547,21.799999237060547,21.440000534057617,13.484108924865723
2011-01-03,96500,21.770000457763672,21.65999984741211,21.770000457763672,21.540000915527344,13.397513389587402
2010-12-31,38300,21.3700008392334,21.639999389648438,21.68000030517578,21.200000762939453,13.38514232635498
2010-12-30,42400,21.100000381469727,21.229999542236328,21.299999237060547,20.950000762939453,13.131545066833496
2010-12-29,53700,21.030000686645508,21.020000457763672,21.15999984741211,20.899999618530273,13.0016508102417
2010-12-28,77900,20.700000762939453,20.899999618530273,20.899999618530273,20.600000381469727,12.9274263381958
2010-12-27,54400,20.540000915527344,20.68000030517578,20.739999771118164,20.399999618530273,12.79134750366211
2010-12-23,100300,20.600000381469727,20.540000915527344,20.770000457763672,20.450000762939453,12.704751014709473
2010-12-22,66900,20.34000015258789,20.639999389648438,20.770000457763672,20.34000015258789,12.76660442352295
2010-12-21,87600,20.229999542236328,20.5,20.6200008392334,20.100000381469727,12.680011749267578
2010-12-20,73000,20.93000030517578,20.270000457763672,20.969999313354492,20.229999542236328,12.537751197814941
2010-12-17,53000,20.6299991607666,20.860000610351562,21.0,20.489999771118164,12.902685165405273
2010-12-16,227400,20.979999542236328,20.540000915527344,20.979999542236328,20.1200008392334,12.704751014709473
2010-12-15,121500,21.059999465942383,20.850000381469727,21.3799991607666,20.75,12.896499633789062
2010-12-14,63300,21.549999237060547,21.209999084472656,21.639999389648438,21.209999084472656,13.119175910949707
2010-12-13,60700,21.649999618530273,21.670000076293945,21.739999771118164,21.5,13.403697967529297
2010-12-10,91000,21.389999389648438,21.75,21.760000228881836,21.31999969482422,13.453184127807617
2010-12-09,73100,21.43000030517578,21.549999237060547,21.65999984741211,21.329999923706055,13.329476356506348
2010-12-08,45500,21.5,21.43000030517578,21.59000015258789,21.3700008392334,13.255247116088867
2010-12-07,62700,21.649999618530273,21.59000015258789,21.809999465942383,21.450000762939453,13.354216575622559
2010-12-06,122200,21.5,21.700000762939453,21.760000228881836,21.239999771118164,13.422252655029297
2010-12-03,70000,21.56999969482422,21.579999923706055,21.700000762939453,21.520000457763672,13.348030090332031
2010-12-02,99400,21.920000076293945,21.690000534057617,22.0,21.6200008392334,13.4160737991333
2010-12-01,89900,22.059999465942383,22.0,22.389999389648438,22.0,13.607815742492676
2010-11-30,119400,21.979999542236328,21.889999389648438,21.989999771118164,21.5,13.539772987365723
2010-11-29,70600,22.229999542236328,22.100000381469727,22.260000228881836,21.770000457763672,13.669669151306152
2010-11-26,71600,22.59000015258789,22.510000228881836,22.59000015258789,22.3799991607666,13.677096366882324
2010-11-24,105200,22.520000457763672,22.579999923706055,22.899999618530273,22.520000457763672,13.71962833404541
2010-11-23,149200,22.700000762939453,22.520000457763672,22.700000762939453,22.350000381469727,13.683165550231934
2010-11-22,117600,22.809999465942383,22.75,22.84000015258789,22.520000457763672,13.822917938232422
2010-11-19,49800,22.81999969482422,22.84000015258789,22.950000762939453,22.809999465942383,13.87760066986084
2010-11-18,47000,22.760000228881836,22.959999084472656,22.979999542236328,22.700000762939453,13.950512886047363
2010-11-17,56500,22.5,22.649999618530273,22.799999237060547,22.3700008392334,13.76215648651123
2010-11-16,123600,22.799999237060547,22.670000076293945,22.829999923706055,22.399999618530273,13.774308204650879
2010-11-15,79200,22.850000381469727,22.8799991607666,22.959999084472656,22.850000381469727,13.90190601348877
2010-11-12,53400,22.8700008392334,22.8799991607666,22.969999313354492,22.84000015258789,13.90190601348877
2010-11-11,71500,23.09000015258789,22.969999313354492,23.139999389648438,22.950000762939453,13.95659351348877
2010-11-10,76200,23.170000076293945,23.149999618530273,23.280000686645508,23.059999465942383,14.065957069396973
2010-11-09,85600,23.18000030517578,23.260000228881836,23.309999465942383,23.149999618530273,14.132792472839355
2010-11-08,112700,23.09000015258789,23.260000228881836,23.350000381469727,23.059999465942383,14.132792472839355
2010-11-05,110600,23.030000686645508,23.1299991607666,23.25,23.030000686645508,14.053803443908691
2010-11-04,128300,22.989999771118164,23.09000015258789,23.229999542236328,22.959999084472656,14.029502868652344
2010-11-03,129100,22.90999984741211,22.93000030517578,23.06999969482422,22.799999237060547,13.93228816986084
2010-11-02,231200,23.06999969482422,23.030000686645508,23.25,22.950000762939453,13.993043899536133
2010-11-01,68300,22.920000076293945,23.079999923706055,23.100000381469727,22.90999984741211,14.02342414855957
2010-10-29,81500,22.81999969482422,22.90999984741211,23.020000457763672,22.799999237060547,13.920136451721191
2010-10-28,40600,22.829999923706055,22.90999984741211,22.950000762939453,22.729999542236328,13.920136451721191
2010-10-27,73100,22.760000228881836,22.829999923706055,22.889999389648438,22.709999084472656,13.871522903442383
2010-10-26,226200,22.219999313354492,22.760000228881836,22.850000381469727,22.219999313354492,13.828991889953613
2010-10-25,134200,22.6299991607666,22.43000030517578,22.68000030517578,22.3799991607666,13.62848949432373
2010-10-22,91600,22.450000762939453,22.600000381469727,22.709999084472656,22.43000030517578,13.731778144836426
2010-10-21,118400,22.450000762939453,22.420000076293945,22.559999465942383,22.3700008392334,13.622406959533691
2010-10-20,160500,22.540000915527344,22.5,22.649999618530273,22.329999923706055,13.671018600463867
2010-10-19,181900,22.639999389648438,22.639999389648438,22.889999389648438,22.510000228881836,13.756077766418457
2010-10-18,39000,22.65999984741211,22.760000228881836,22.850000381469727,22.6200008392334,13.828991889953613
2010-10-15,194400,23.280000686645508,22.760000228881836,23.290000915527344,22.6299991607666,13.828991889953613
2010-10-14,206900,23.3700008392334,23.209999084472656,23.3700008392334,23.15999984741211,14.102412223815918
2010-10-13,95900,23.469999313354492,23.3700008392334,23.469999313354492,23.290000915527344,14.199629783630371
2010-10-12,970800,23.3700008392334,23.3799991607666,23.5,23.280000686645508,14.205702781677246
2010-10-11,78400,23.280000686645508,23.360000610351562,23.3799991607666,23.149999618530273,14.19355297088623
2010-10-08,67300,23.360000610351562,23.329999923706055,23.360000610351562,23.209999084472656,14.175323486328125
2010-10-07,58700,23.34000015258789,23.459999084472656,23.5,23.290000915527344,14.254316329956055
2010-10-06,87100,23.360000610351562,23.329999923706055,23.420000076293945,23.190000534057617,14.175323486328125
2010-10-05,96400,23.280000686645508,23.389999389648438,23.43000030517578,23.280000686645508,14.211782455444336
2010-10-04,98100,23.239999771118164,23.31999969482422,23.43000030517578,23.18000030517578,14.169248580932617
2010-10-01,72700,23.3700008392334,23.229999542236328,23.440000534057617,23.15999984741211,14.114564895629883
2010-09-30,186400,23.3700008392334,23.3799991607666,23.68000030517578,23.350000381469727,14.205702781677246
2010-09-29,195500,23.280000686645508,23.389999389648438,23.5,23.149999618530273,14.211782455444336
2010-09-28,148300,23.43000030517578,23.34000015258789,23.719999313354492,23.270000457763672,14.181403160095215
2010-09-27,75200,23.459999084472656,23.40999984741211,23.56999969482422,23.350000381469727,14.223933219909668
2010-09-24,110900,23.489999771118164,23.479999542236328,23.739999771118164,23.479999542236328,14.26646614074707
2010-09-23,207900,23.299999237060547,23.43000030517578,23.5,23.100000381469727,14.236085891723633
2010-09-22,307800,23.399999618530273,23.299999237060547,23.600000381469727,23.149999618530273,14.157094955444336
2010-09-21,368300,23.920000076293945,23.450000762939453,23.950000762939453,23.309999465942383,14.248241424560547
2010-09-20,277500,23.940000534057617,23.940000534057617,24.06999969482422,23.850000381469727,14.545964241027832
2010-09-17,572600,23.6200008392334,23.940000534057617,24.280000686645508,23.6200008392334,14.545964241027832
2010-09-16,396000,23.25,23.649999618530273,23.690000534057617,23.200000762939453,14.369757652282715
2010-09-15,458200,23.049999237060547,23.229999542236328,23.25,23.0,14.114564895629883
2010-09-14,106600,22.940000534057617,23.049999237060547,23.100000381469727,22.940000534057617,14.005199432373047
2010-09-13,135300,23.0,23.020000457763672,23.049999237060547,22.920000076293945,13.986968994140625
2010-09-10,147800,22.780000686645508,22.979999542236328,23.09000015258789,22.690000534057617,13.962667465209961
2010-09-09,116800,22.469999313354492,22.850000381469727,22.889999389648438,22.420000076293945,13.883673667907715
2010-09-08,107200,22.299999237060547,22.43000030517578,22.469999313354492,22.299999237060547,13.62848949432373
2010-09-07,84000,22.149999618530273,22.290000915527344,22.31999969482422,21.93000030517578,13.543423652648926
2010-09-03,56800,22.260000228881836,22.170000076293945,22.299999237060547,22.1299991607666,13.470508575439453
2010-09-02,70200,22.280000686645508,22.239999771118164,22.3700008392334,22.219999313354492,13.513042449951172
2010-09-01,62100,22.190000534057617,22.25,22.290000915527344,22.139999389648438,13.51911735534668
2010-08-31,102700,21.989999771118164,22.100000381469727,22.139999389648438,21.739999771118164,13.427977561950684
2010-08-30,90700,22.31999969482422,22.1200008392334,22.31999969482422,21.780000686645508,13.4401273727417
2010-08-27,76300,22.299999237060547,22.469999313354492,22.469999313354492,22.110000610351562,13.41096019744873
2010-08-26,93000,22.229999542236328,22.25,22.3799991607666,22.049999237060547,13.279659271240234
2010-08-25,68300,22.239999771118164,22.239999771118164,22.360000610351562,22.079999923706055,13.273690223693848
2010-08-24,70400,22.110000610351562,22.229999542236328,22.329999923706055,22.0,13.267722129821777
2010-08-23,100100,22.06999969482422,22.149999618530273,22.219999313354492,22.0,13.219975471496582
2010-08-20,65700,21.959999084472656,21.969999313354492,21.989999771118164,21.81999969482422,13.112545013427734
2010-08-19,97100,21.950000762939453,21.8799991607666,22.0,21.770000457763672,13.058828353881836
2010-08-18,352600,21.540000915527344,21.889999389648438,21.950000762939453,21.5,13.064794540405273
2010-08-17,87000,21.549999237060547,21.5,21.6200008392334,21.399999618530273,12.832027435302734
2010-08-16,126500,21.020000457763672,21.309999465942383,21.389999389648438,21.020000457763672,12.71863079071045
2010-08-13,72300,20.959999084472656,21.149999618530273,21.290000915527344,20.8700008392334,12.623135566711426
2010-08-12,146400,20.020000457763672,20.8700008392334,20.940000534057617,15.210000038146973,12.45602035522461
2010-08-11,95700,20.979999542236328,20.860000610351562,20.989999771118164,20.59000015258789,12.450057029724121
2010-08-10,66200,21.25,21.049999237060547,21.270000457763672,21.030000686645508,12.56345272064209
2010-08-09,69500,21.0,21.200000762939453,21.200000762939453,20.940000534057617,12.652978897094727
2010-08-06,64400,20.68000030517578,20.899999618530273,20.920000076293945,20.6200008392334,12.473925590515137
2010-08-05,63600,20.68000030517578,20.649999618530273,20.719999313354492,20.510000228881836,12.324715614318848
2010-08-04,69200,20.5,20.639999389648438,20.639999389648438,20.3799991607666,12.31874942779541
2010-08-03,64500,20.34000015258789,20.43000030517578,20.549999237060547,20.260000228881836,12.193410873413086
2010-08-02,77700,20.239999771118164,20.389999389648438,20.420000076293945,20.239999771118164,12.169541358947754
2010-07-30,77400,19.8700008392334,20.149999618530273,20.309999465942383,19.8700008392334,12.026300430297852
2010-07-29,89700,20.020000457763672,20.110000610351562,20.200000762939453,19.81999969482422,12.002423286437988
2010-07-28,62500,20.0,20.059999465942383,20.139999389648438,20.0,11.97258186340332
2010-07-27,184200,19.610000610351562,19.940000534057617,19.979999542236328,19.610000610351562,11.900960922241211
2010-07-26,110900,19.280000686645508,19.450000762939453,19.579999923706055,19.280000686645508,11.608510971069336
2010-07-23,47400,19.229999542236328,19.389999389648438,19.399999618530273,19.020000457763672,11.572699546813965
2010-07-22,57600,19.170000076293945,19.200000762939453,19.299999237060547,19.110000610351562,11.459300994873047
2010-07-21,68800,19.170000076293945,19.020000457763672,19.290000915527344,18.8799991607666,11.351868629455566
2010-07-20,70300,18.610000610351562,19.030000686645508,19.09000015258789,18.610000610351562,11.357836723327637
2010-07-19,110700,18.510000228881836,18.75,18.84000015258789,18.510000228881836,11.19072437286377
2010-07-16,144600,18.579999923706055,18.549999237060547,18.6200008392334,18.350000381469727,11.071354866027832
2010-07-15,44400,18.59000015258789,18.540000915527344,18.639999389648438,18.489999771118164,11.065388679504395
2010-07-14,119100,18.489999771118164,18.520000457763672,18.610000610351562,18.459999084472656,11.053450584411621
2010-07-13,50300,18.350000381469727,18.40999984741211,18.540000915527344,18.329999923706055,10.987796783447266
2010-07-12,67400,18.270000457763672,18.299999237060547,18.5,18.18000030517578,10.922143936157227
2010-07-09,46300,18.010000228881836,18.149999618530273,18.270000457763672,17.989999771118164,10.832619667053223
2010-07-08,77600,17.90999984741211,18.030000686645508,18.1299991607666,17.860000610351562,10.761000633239746
2010-07-07,107900,17.770000457763672,17.969999313354492,18.09000015258789,17.770000457763672,10.725188255310059
2010-07-06,51800,17.809999465942383,17.809999465942383,17.90999984741211,17.709999084472656,10.629693984985352
2010-07-02,37100,17.65999984741211,17.709999084472656,17.780000686645508,17.399999618530273,10.570013999938965
2010-07-01,40400,17.639999389648438,17.649999618530273,17.700000762939453,17.43000030517578,10.534200668334961
2010-06-30,70800,17.229999542236328,17.579999923706055,17.709999084472656,17.229999542236328,10.492422103881836
2010-06-29,112100,17.489999771118164,17.260000228881836,17.489999771118164,17.15999984741211,10.301434516906738
2010-06-28,115200,17.709999084472656,17.5,17.709999084472656,17.5,10.444673538208008
2010-06-25,77600,17.479999542236328,17.709999084472656,17.850000381469727,17.280000686645508,10.570013999938965
2010-06-24,71000,17.610000610351562,17.3700008392334,17.610000610351562,17.260000228881836,10.367088317871094
2010-06-23,56900,17.40999984741211,17.549999237060547,17.65999984741211,17.34000015258789,10.474520683288574
2010-06-22,158100,17.43000030517578,17.600000381469727,17.709999084472656,17.43000030517578,10.50436019897461
2010-06-21,40400,17.75,17.68000030517578,17.75,17.59000015258789,10.552106857299805
2010-06-18,42800,17.440000534057617,17.639999389648438,17.719999313354492,17.399999618530273,10.528230667114258
2010-06-17,33200,17.709999084472656,17.600000381469727,17.719999313354492,17.459999084472656,10.50436019897461
2010-06-16,87200,17.479999542236328,17.420000076293945,17.75,17.3700008392334,10.396928787231445
2010-06-15,71100,17.600000381469727,17.420000076293945,17.6299991607666,17.40999984741211,10.396928787231445
2010-06-14,92700,17.389999389648438,17.440000534057617,17.649999618530273,17.270000457763672,10.408865928649902
2010-06-11,81700,16.950000762939453,17.110000610351562,17.239999771118164,16.950000762939453,10.211909294128418
2010-06-10,86400,17.170000076293945,16.950000762939453,17.170000076293945,16.950000762939453,10.116415977478027
2010-06-09,70500,16.649999618530273,16.8799991607666,16.959999084472656,16.600000381469727,10.074636459350586
2010-06-08,120500,16.459999084472656,16.700000762939453,16.75,16.459999084472656,9.967205047607422
2010-06-07,141000,16.579999923706055,16.530000686645508,16.68000030517578,16.479999542236328,9.865739822387695
2010-06-04,77900,16.559999465942383,16.610000610351562,16.75,16.479999542236328,9.91348648071289
2010-06-03,70500,16.940000534057617,16.81999969482422,16.989999771118164,16.75,10.038825035095215
2010-06-02,160700,16.65999984741211,16.799999237060547,16.889999389648438,16.65999984741211,10.026887893676758
2010-06-01,32400,16.65999984741211,16.700000762939453,17.010000228881836,16.65999984741211,9.967205047607422
2010-05-28,67400,17.31999969482422,17.06999969482422,17.31999969482422,16.959999084472656,10.188035011291504
2010-05-27,112800,17.18000030517578,17.209999084472656,17.290000915527344,16.920000076293945,10.27159309387207
2010-05-26,107800,16.899999618530273,16.8700008392334,17.290000915527344,16.610000610351562,9.831125259399414
2010-05-25,79200,16.690000534057617,16.780000686645508,16.799999237060547,16.280000686645508,9.778677940368652
2010-05-24,58500,17.020000457763672,17.15999984741211,17.290000915527344,16.649999618530273,10.00012493133545
2010-05-21,111400,16.200000762939453,17.06999969482422,17.1200008392334,15.789999961853027,9.947678565979004
2010-05-20,115100,16.25,16.200000762939453,16.5,15.84000015258789,9.44067668914795
2010-05-19,171500,17.049999237060547,16.84000015258789,17.049999237060547,16.280000686645508,9.813641548156738
2010-05-18,147500,17.329999923706055,17.040000915527344,17.579999923706055,17.040000915527344,9.930194854736328
2010-05-17,109900,17.520000457763672,17.040000915527344,17.709999084472656,16.739999771118164,9.930194854736328
2010-05-14,96200,18.100000381469727,17.6200008392334,18.100000381469727,17.459999084472656,10.268192291259766
2010-05-13,87800,18.079999923706055,18.190000534057617,18.389999389648438,18.0,10.600367546081543
2010-05-12,66800,17.8700008392334,18.059999465942383,18.260000228881836,17.860000610351562,10.524608612060547
2010-05-11,68500,17.649999618530273,17.690000534057617,17.8700008392334,17.510000228881836,10.30898666381836
2010-05-10,238600,18.010000228881836,17.940000534057617,18.899999618530273,17.6200008392334,10.45467758178711
2010-05-07,567300,16.739999771118164,17.139999389648438,17.93000030517578,15.5,9.988470077514648
2010-05-06,564500,18.3700008392334,16.420000076293945,18.469999313354492,15.15999984741211,9.568885803222656
2010-05-05,184500,18.8700008392334,18.709999084472656,18.93000030517578,18.170000076293945,10.903399467468262
2010-05-04,61900,19.469999313354492,19.170000076293945,19.469999313354492,19.15999984741211,11.171468734741211
2010-05-03,36600,19.309999465942383,19.610000610351562,19.610000610351562,19.309999465942383,11.42788314819336
2010-04-30,66600,19.25,19.329999923706055,19.450000762939453,19.229999542236328,11.264710426330566
2010-04-29,252200,19.299999237060547,19.309999465942383,19.360000610351562,19.100000381469727,11.253052711486816
2010-04-28,93700,19.59000015258789,19.350000381469727,19.670000076293945,19.270000457763672,11.276365280151367
2010-04-27,64600,19.969999313354492,19.559999465942383,19.969999313354492,19.459999084472656,11.3987455368042
2010-04-26,57000,19.200000762939453,19.81999969482422,19.860000610351562,19.010000228881836,11.550262451171875
2010-04-23,52400,19.84000015258789,19.860000610351562,19.989999771118164,19.760000228881836,11.573570251464844
2010-04-22,124000,19.850000381469727,19.829999923706055,19.850000381469727,19.700000762939453,11.556086540222168
2010-04-21,94200,19.8700008392334,19.81999969482422,19.90999984741211,19.780000686645508,11.550262451171875
2010-04-20,138200,20.0,19.90999984741211,20.06999969482422,19.860000610351562,11.602714538574219
2010-04-19,45200,19.850000381469727,19.950000762939453,19.989999771118164,19.850000381469727,11.626019477844238
2010-04-16,92100,20.0,19.950000762939453,20.059999465942383,19.850000381469727,11.626019477844238
2010-04-15,87600,19.90999984741211,19.899999618530273,19.959999084472656,19.799999237060547,11.596880912780762
2010-04-14,171700,20.049999237060547,19.93000030517578,20.059999465942383,19.899999618530273,11.614365577697754
2010-04-13,62000,19.100000381469727,20.0,20.149999618530273,19.100000381469727,11.655158996582031
2010-04-12,71200,19.84000015258789,19.90999984741211,19.989999771118164,19.829999923706055,11.602714538574219
2010-04-09,82200,19.75,19.809999465942383,19.81999969482422,19.6299991607666,11.54443359375
2010-04-08,67500,19.860000610351562,19.700000762939453,19.860000610351562,19.649999618530273,11.480329513549805
2010-04-07,56000,19.959999084472656,19.899999618530273,19.959999084472656,19.850000381469727,11.596880912780762
2010-04-06,64500,20.049999237060547,19.969999313354492,20.09000015258789,19.860000610351562,11.637674331665039
2010-04-05,61400,20.079999923706055,20.059999465942383,20.200000762939453,20.0,11.690123558044434
2010-04-01,68600,20.399999618530273,20.09000015258789,20.399999618530273,19.90999984741211,11.707606315612793
2010-03-31,65800,20.34000015258789,20.34000015258789,20.3799991607666,20.25,11.85329818725586
2010-03-30,51900,20.389999389648438,20.399999618530273,20.399999618530273,20.31999969482422,11.888259887695312
2010-03-29,56100,20.219999313354492,20.3799991607666,20.389999389648438,20.200000762939453,11.876605033874512
2010-03-26,34200,20.219999313354492,20.260000228881836,20.329999923706055,20.219999313354492,11.80667495727539
2010-03-25,71800,20.350000381469727,20.219999313354492,20.440000534057617,20.219999313354492,11.783361434936523
2010-03-24,68500,20.200000762939453,20.31999969482422,20.34000015258789,20.059999465942383,11.841639518737793
2010-03-23,93200,20.15999984741211,20.25,20.31999969482422,20.100000381469727,11.800846099853516
2010-03-22,49600,20.0,20.200000762939453,20.200000762939453,19.899999618530273,11.771710395812988
2010-03-19,64300,20.1299991607666,20.1299991607666,20.219999313354492,20.040000915527344,11.73091983795166
2010-03-18,80100,20.170000076293945,20.190000534057617,20.280000686645508,20.09000015258789,11.765881538391113
2010-03-17,134400,20.1299991607666,20.190000534057617,20.200000762939453,19.940000534057617,11.765881538391113
2010-03-16,95200,20.049999237060547,20.229999542236328,20.239999771118164,20.020000457763672,11.789189338684082
2010-03-15,93500,19.969999313354492,19.920000076293945,20.079999923706055,19.739999771118164,11.608538627624512
2010-03-12,105700,19.809999465942383,19.969999313354492,20.059999465942383,19.75,11.637674331665039
2010-03-11,67600,19.81999969482422,19.860000610351562,19.899999618530273,19.770000457763672,11.573570251464844
2010-03-10,99200,19.899999618530273,19.850000381469727,19.899999618530273,19.799999237060547,11.567743301391602
2010-03-09,76400,19.799999237060547,19.829999923706055,19.850000381469727,19.75,11.556086540222168
2010-03-08,381800,19.81999969482422,19.81999969482422,19.899999618530273,19.780000686645508,11.550262451171875
2010-03-05,122400,19.790000915527344,19.780000686645508,19.920000076293945,19.700000762939453,11.526952743530273
2010-03-04,75600,19.770000457763672,19.799999237060547,19.90999984741211,19.719999313354492,11.538606643676758
2010-03-03,153900,19.790000915527344,19.799999237060547,20.049999237060547,19.700000762939453,11.538606643676758
2010-03-02,72500,19.549999237060547,19.700000762939453,19.84000015258789,19.549999237060547,11.480329513549805
2010-03-01,86700,19.510000228881836,19.520000457763672,19.549999237060547,19.299999237060547,11.375436782836914
2010-02-26,94400,19.25,19.450000762939453,19.450000762939453,19.18000030517578,11.33464241027832
2010-02-25,138100,19.360000610351562,19.239999771118164,19.399999618530273,19.049999237060547,11.212262153625488
2010-02-24,87600,19.84000015258789,19.809999465942383,19.950000762939453,19.790000915527344,11.312496185302734
2010-02-23,74900,19.850000381469727,19.920000076293945,19.940000534057617,19.709999084472656,11.375313758850098
2010-02-22,86900,19.799999237060547,19.8700008392334,19.959999084472656,19.68000030517578,11.346762657165527
2010-02-19,101300,19.6200008392334,19.790000915527344,19.790000915527344,19.520000457763672,11.301074028015137
2010-02-18,96300,19.239999771118164,19.6200008392334,19.719999313354492,19.239999771118164,11.203997611999512
2010-02-17,113900,18.760000228881836,19.229999542236328,19.25,18.75,10.98128604888916
2010-02-16,87400,18.40999984741211,18.780000686645508,18.84000015258789,18.360000610351562,10.724313735961914
2010-02-12,62900,18.229999542236328,18.40999984741211,18.40999984741211,18.170000076293945,10.513026237487793
2010-02-11,101200,18.43000030517578,18.34000015258789,18.489999771118164,18.299999237060547,10.473053932189941
2010-02-10,114900,18.670000076293945,18.530000686645508,18.670000076293945,18.360000610351562,10.581552505493164
2010-02-09,170900,18.260000228881836,18.479999542236328,18.479999542236328,17.940000534057617,10.553001403808594
2010-02-08,67500,18.049999237060547,18.18000030517578,18.25,17.940000534057617,10.381685256958008
2010-02-05,110700,18.34000015258789,18.190000534057617,18.34000015258789,17.829999923706055,10.387396812438965
2010-02-04,90100,18.469999313354492,18.34000015258789,18.479999542236328,18.200000762939453,10.473053932189941
2010-02-03,223300,18.5,18.5,18.75,18.450000762939453,10.564423561096191
2010-02-02,235500,18.5,18.670000076293945,18.790000915527344,18.5,10.661497116088867
2010-02-01,556800,18.559999465942383,18.5,18.579999923706055,18.299999237060547,10.564423561096191
2010-01-29,135200,18.600000381469727,18.399999618530273,18.600000381469727,18.31999969482422,10.507314682006836
2010-01-28,108700,18.579999923706055,18.420000076293945,18.600000381469727,18.3700008392334,10.518733978271484
2010-01-27,215000,18.75,18.600000381469727,18.799999237060547,18.440000534057617,10.621528625488281
2010-01-26,114700,18.790000915527344,18.809999465942383,18.979999542236328,18.75,10.741442680358887
2010-01-25,106800,19.020000457763672,18.969999313354492,19.149999618530273,18.75,10.832815170288086
2010-01-22,93900,19.110000610351562,19.049999237060547,19.200000762939453,18.8799991607666,10.878498077392578
2010-01-21,96000,19.209999084472656,19.110000610351562,19.3700008392334,19.0,10.912761688232422
2010-01-20,76600,19.489999771118164,19.31999969482422,19.520000457763672,19.229999542236328,11.032681465148926
2010-01-19,36000,19.360000610351562,19.489999771118164,19.530000686645508,19.309999465942383,11.129759788513184
2010-01-15,39700,19.399999618530273,19.469999313354492,19.510000228881836,19.360000610351562,11.11833667755127
2010-01-14,68200,19.43000030517578,19.5,19.600000381469727,19.40999984741211,11.135469436645508
2010-01-13,65400,19.739999771118164,19.5,19.75,19.5,11.135469436645508
2010-01-12,93600,19.729999542236328,19.59000015258789,19.940000534057617,19.479999542236328,11.186863899230957
2010-01-11,103200,19.15999984741211,19.6200008392334,19.790000915527344,19.15999984741211,11.203997611999512
2010-01-08,52800,18.8799991607666,19.15999984741211,19.25,18.8700008392334,10.941314697265625
2010-01-07,46900,18.959999084472656,19.06999969482422,19.1299991607666,18.850000381469727,10.889918327331543
2010-01-06,137000,18.93000030517578,18.959999084472656,19.149999618530273,18.600000381469727,10.827104568481445
2010-01-05,69900,18.200000762939453,18.93000030517578,18.940000534057617,18.1299991607666,10.809971809387207
2010-01-04,75700,17.809999465942383,18.1299991607666,18.149999618530273,17.799999237060547,10.353132247924805
2009-12-31,61300,17.860000610351562,17.90999984741211,18.09000015258789,17.84000015258789,10.227499961853027
2009-12-30,54500,17.829999923706055,18.0,18.0,17.770000457763672,10.278894424438477
2009-12-29,44400,17.8799991607666,17.799999237060547,17.940000534057617,17.709999084472656,10.16468620300293
2009-12-28,95300,18.049999237060547,17.850000381469727,18.110000610351562,17.780000686645508,10.193242073059082
2009-12-24,43700,17.760000228881836,18.15999984741211,18.15999984741211,17.709999084472656,10.370264053344727
2009-12-23,76200,17.68000030517578,17.8700008392334,17.899999618530273,17.68000030517578,10.204658508300781
2009-12-22,67600,17.700000762939453,17.68000030517578,17.739999771118164,17.649999618530273,10.096158027648926
2009-12-21,50900,17.700000762939453,17.729999542236328,17.780000686645508,17.670000076293945,10.124711036682129
2009-12-18,66100,17.700000762939453,17.649999618530273,17.739999771118164,17.579999923706055,10.079025268554688
2009-12-17,73100,17.6200008392334,17.75,17.760000228881836,17.450000762939453,10.136133193969727
2009-12-16,128400,17.18000030517578,17.600000381469727,17.649999618530273,17.18000030517578,10.0504789352417
2009-12-15,119600,17.170000076293945,17.260000228881836,17.280000686645508,16.940000534057617,9.856321334838867
2009-12-14,90300,17.420000076293945,17.139999389648438,17.420000076293945,16.979999542236328,9.787792205810547
2009-12-11,71900,16.829999923706055,17.34000015258789,17.489999771118164,16.829999923706055,9.90200138092041
2009-12-10,49100,16.8700008392334,16.8799991607666,16.920000076293945,16.610000610351562,9.639321327209473
2009-12-09,145600,16.829999923706055,16.790000915527344,17.0,16.510000228881836,9.587925910949707
2009-12-08,64700,16.670000076293945,16.829999923706055,16.8700008392334,16.6200008392334,9.610766410827637
2009-12-07,119900,16.520000457763672,16.700000762939453,16.719999313354492,16.479999542236328,9.536531448364258
2009-12-04,120700,16.610000610351562,16.540000915527344,16.610000610351562,16.440000534057617,9.445162773132324
2009-12-03,84000,16.5,16.520000457763672,16.600000381469727,16.450000762939453,9.43374252319336
2009-12-02,105500,16.290000915527344,16.450000762939453,16.459999084472656,16.280000686645508,9.393769264221191
2009-12-01,95800,16.829999923706055,16.40999984741211,16.979999542236328,16.399999618530273,9.370928764343262
2009-11-30,89000,16.940000534057617,16.829999923706055,17.020000457763672,16.670000076293945,9.610766410827637
2009-11-27,72600,17.15999984741211,17.15999984741211,17.260000228881836,16.799999237060547,9.799213409423828
2009-11-25,61800,17.739999771118164,17.799999237060547,17.799999237060547,17.6200008392334,9.937408447265625
2009-11-24,48600,17.56999969482422,17.739999771118164,17.75,17.520000457763672,9.903911590576172
2009-11-23,111400,17.479999542236328,17.59000015258789,17.790000915527344,17.469999313354492,9.820169448852539
2009-11-20,38600,17.3799991607666,17.469999313354492,17.549999237060547,17.15999984741211,9.753174781799316
2009-11-19,68500,17.3799991607666,17.43000030517578,17.43000030517578,16.93000030517578,9.730844497680664
2009-11-18,65400,17.489999771118164,17.440000534057617,17.670000076293945,17.049999237060547,9.736430168151855
2009-11-17,84700,17.350000381469727,17.579999923706055,17.579999923706055,17.299999237060547,9.81458854675293
2009-11-16,82800,17.079999923706055,17.440000534057617,17.440000534057617,17.079999923706055,9.736430168151855
2009-11-13,81200,17.15999984741211,17.09000015258789,17.15999984741211,16.719999313354492,9.541029930114746
2009-11-12,87200,16.549999237060547,16.969999313354492,16.979999542236328,16.309999465942383,9.474035263061523
2009-11-11,78600,16.68000030517578,16.579999923706055,17.079999923706055,16.559999465942383,9.256303787231445
2009-11-10,294400,16.3799991607666,16.639999389648438,16.75,16.3799991607666,9.289800643920898
2009-11-09,111900,16.149999618530273,16.420000076293945,16.489999771118164,16.1299991607666,9.166980743408203
2009-11-06,72900,15.920000076293945,16.030000686645508,16.149999618530273,15.920000076293945,8.94925308227539
2009-11-05,105500,16.049999237060547,16.0,16.049999237060547,15.760000228881836,8.932502746582031
2009-11-04,101100,16.0,15.930000305175781,16.100000381469727,15.550000190734863,8.893424034118652
2009-11-03,146200,15.739999771118164,15.84000015258789,16.219999313354492,15.5,8.843175888061523
2009-11-02,93200,16.56999969482422,16.31999969482422,16.709999084472656,16.100000381469727,9.111151695251465
2009-10-30,38800,16.459999084472656,16.600000381469727,16.739999771118164,16.299999237060547,9.267470359802246
2009-10-29,96100,16.049999237060547,16.600000381469727,16.600000381469727,16.049999237060547,9.267470359802246
2009-10-28,194500,16.920000076293945,15.699999809265137,16.920000076293945,15.319999694824219,8.76501750946045
2009-10-27,122900,17.15999984741211,16.920000076293945,17.209999084472656,16.770000457763672,9.446121215820312
2009-10-26,221100,16.81999969482422,17.0,17.5,16.81999969482422,9.490784645080566
2009-10-23,70300,16.610000610351562,16.739999771118164,16.8700008392334,16.479999542236328,9.34562873840332
2009-10-22,159100,16.8799991607666,16.6200008392334,16.950000762939453,16.420000076293945,9.278637886047363
2009-10-21,76600,16.760000228881836,16.700000762939453,16.84000015258789,16.420000076293945,9.323298454284668
2009-10-20,54300,16.809999465942383,16.799999237060547,17.040000915527344,16.690000534057617,9.37912654876709
2009-10-19,73500,16.860000610351562,16.719999313354492,16.989999771118164,16.700000762939453,9.334463119506836
2009-10-16,147000,16.899999618530273,16.860000610351562,16.979999542236328,16.809999465942383,9.412623405456543
2009-10-15,191400,16.8799991607666,16.899999618530273,16.989999771118164,16.850000381469727,9.434953689575195
2009-10-14,108900,16.989999771118164,16.799999237060547,17.030000686645508,16.770000457763672,9.37912654876709
2009-10-13,65000,16.950000762939453,16.920000076293945,17.0,16.84000015258789,9.446121215820312
2009-10-12,39800,16.889999389648438,16.950000762939453,16.979999542236328,16.799999237060547,9.462869644165039
2009-10-09,84700,16.770000457763672,16.8799991607666,16.989999771118164,16.770000457763672,9.423789978027344
2009-10-08,76500,16.8799991607666,16.799999237060547,16.969999313354492,16.739999771118164,9.37912654876709
2009-10-07,61300,16.809999465942383,16.75,16.84000015258789,16.549999237060547,9.351212501525879
2009-10-06,144000,16.579999923706055,16.75,16.84000015258789,16.549999237060547,9.351212501525879
2009-10-05,98000,16.469999313354492,16.469999313354492,16.600000381469727,16.270000457763672,9.194892883300781
2009-10-02,78700,16.450000762939453,16.510000228881836,16.530000686645508,15.970000267028809,9.217225074768066
2009-10-01,74500,16.5,16.649999618530273,16.670000076293945,16.389999389648438,9.29538345336914
2009-09-30,75200,16.739999771118164,16.68000030517578,16.75,16.329999923706055,9.312134742736816
2009-09-29,101500,16.459999084472656,16.75,16.75,16.350000381469727,9.351212501525879
2009-09-28,121400,16.6200008392334,16.579999923706055,16.709999084472656,16.209999084472656,9.256303787231445
2009-09-25,102700,16.1200008392334,16.34000015258789,16.440000534057617,16.1200008392334,9.12231731414795
2009-09-24,100700,15.880000114440918,16.190000534057617,16.43000030517578,15.869999885559082,9.038576126098633
2009-09-23,77400,15.680000305175781,16.0,16.0,15.65999984741211,8.932502746582031
2009-09-22,73400,15.6899995803833,15.729999542236328,15.789999961853027,15.579999923706055,8.781765937805176
2009-09-21,64600,15.260000228881836,15.6899995803833,15.699999809265137,15.260000228881836,8.75943374633789
2009-09-18,100400,15.359999656677246,15.630000114440918,15.65999984741211,15.220000267028809,8.725935935974121
2009-09-17,114000,15.0,15.329999923706055,15.350000381469727,14.800000190734863,8.558452606201172
2009-09-16,283300,15.3100004196167,14.899999618530273,15.3100004196167,14.699999809265137,8.318390846252441
2009-09-15,213000,15.119999885559082,14.949999809265137,15.449999809265137,14.850000381469727,8.346307754516602
2009-09-14,155600,15.109999656677246,15.039999961853027,15.34000015258789,14.75,8.396551132202148
2009-09-11,114200,14.800000190734863,15.0600004196167,15.460000038146973,14.75,8.40771770477295
2009-09-10,148000,14.079999923706055,14.789999961853027,14.819999694824219,13.880000114440918,8.256983757019043
2009-09-09,78200,13.520000457763672,13.819999694824219,14.029999732971191,13.520000457763672,7.71544885635376
2009-09-08,122300,13.829999923706055,13.699999809265137,13.930000305175781,13.630000114440918,7.648454189300537
2009-09-04,63600,13.630000114440918,13.710000038146973,13.90999984741211,13.449999809265137,7.654035568237305
2009-09-03,68600,13.699999809265137,13.75,13.8100004196167,13.460000038146973,7.676368713378906
2009-09-02,115100,13.300000190734863,13.40999984741211,13.720000267028809,13.260000228881836,7.4865546226501465
2009-09-01,265600,12.770000457763672,13.609999656677246,14.25,12.390000343322754,7.598211765289307
2009-08-31,152500,13.100000381469727,12.880000114440918,13.460000038146973,12.609999656677246,7.1906609535217285
2009-08-28,303000,13.720000267028809,13.75,14.989999771118164,13.09000015258789,7.676368713378906
2009-08-27,686000,13.289999961853027,13.670000076293945,13.670000076293945,11.880000114440918,7.409512042999268
2009-08-26,258600,14.520000457763672,13.600000381469727,14.649999618530273,13.5,7.371567249298096
2009-08-25,233800,15.380000114440918,14.399999618530273,15.640000343322754,14.359999656677246,7.805188179016113
2009-08-24,241900,14.710000038146973,15.260000228881836,15.75,14.710000038146973,8.271333694458008
2009-08-21,353200,13.210000038146973,14.510000228881836,14.65999984741211,13.210000038146973,7.864813327789307
2009-08-20,613900,17.540000915527344,13.369999885559082,17.540000915527344,13.210000038146973,7.24690055847168
2009-08-19,48100,17.15999984741211,17.469999313354492,17.549999237060547,17.1200008392334,9.469212532043457
2009-08-18,55400,17.200000762939453,17.329999923706055,17.469999313354492,17.100000381469727,9.393329620361328
2009-08-17,86700,17.469999313354492,17.06999969482422,17.5,16.950000762939453,9.25240421295166
2009-08-14,58500,17.770000457763672,17.5,17.940000534057617,17.5,9.485474586486816
2009-08-13,79600,17.729999542236328,17.739999771118164,18.010000228881836,17.469999313354492,9.615560531616211
2009-08-12,200100,18.110000610351562,17.6299991607666,18.299999237060547,17.489999771118164,9.55593490600586
2009-08-11,215900,17.65999984741211,18.059999465942383,18.209999084472656,17.059999465942383,9.789010047912598
2009-08-10,97800,17.450000762939453,17.850000381469727,17.950000762939453,17.450000762939453,9.675187110900879
2009-08-07,145300,17.450000762939453,17.600000381469727,17.809999465942383,17.43000030517578,9.539678573608398
2009-08-06,141500,16.809999465942383,17.209999084472656,17.399999618530273,16.799999237060547,9.32828426361084
2009-08-05,185100,16.649999618530273,16.799999237060547,16.829999923706055,16.489999771118164,9.106054306030273
2009-08-04,170000,16.549999237060547,16.649999618530273,16.649999618530273,16.40999984741211,9.024749755859375
2009-08-03,121500,16.280000686645508,16.5,16.600000381469727,16.280000686645508,8.943446159362793
2009-07-31,883900,15.979999542236328,15.949999809265137,16.0,15.609999656677246,8.64533519744873
2009-07-30,228400,15.600000381469727,15.699999809265137,15.75,15.510000228881836,8.509825706481934
2009-07-29,80600,15.5,15.5,15.569999694824219,15.380000114440918,8.401419639587402
2009-07-28,30000,15.569999694824219,15.569999694824219,15.720000267028809,15.5,8.439359664916992
2009-07-27,86500,15.8100004196167,15.75,15.930000305175781,15.640000343322754,8.53692626953125
2009-07-24,78000,15.800000190734863,15.789999961853027,15.819999694824219,15.569999694824219,8.55860710144043
2009-07-23,81500,15.350000381469727,15.800000190734863,15.819999694824219,15.319999694824219,8.564026832580566
2009-07-22,86900,15.380000114440918,15.34000015258789,15.470000267028809,14.899999618530273,8.314696311950684
2009-07-21,149700,14.640000343322754,15.039999961853027,15.109999656677246,14.5600004196167,8.15208625793457
2009-07-20,431700,15.510000228881836,14.630000114440918,16.0,14.050000190734863,7.929852485656738
2009-07-17,33100,15.739999771118164,15.550000190734863,15.739999771118164,15.369999885559082,8.428521156311035
2009-07-16,74400,15.329999923706055,15.569999694824219,15.600000381469727,15.09000015258789,8.439359664916992
2009-07-15,174400,15.850000381469727,15.319999694824219,15.850000381469727,15.300000190734863,8.303853988647461
2009-07-14,156600,14.989999771118164,15.300000190734863,15.300000190734863,14.800000190734863,8.29301643371582
2009-07-13,117400,14.729999542236328,14.850000381469727,14.850000381469727,14.600000381469727,8.049101829528809
2009-07-10,71500,14.470000267028809,14.619999885559082,14.619999885559082,14.279999732971191,7.924435615539551
2009-07-09,107100,14.609999656677246,14.550000190734863,14.609999656677246,14.270000457763672,7.886492729187012
2009-07-08,87900,14.170000076293945,14.300000190734863,14.329999923706055,13.880000114440918,7.750985622406006
2009-07-07,34900,14.199999809265137,14.1899995803833,14.289999961853027,13.800000190734863,7.691364765167236
2009-07-06,43000,13.979999542236328,14.199999809265137,14.210000038146973,13.960000038146973,7.6967854499816895
2009-07-02,47000,14.369999885559082,14.15999984741211,14.5,14.15999984741211,7.675103187561035
2009-07-01,54400,14.670000076293945,14.609999656677246,14.850000381469727,14.239999771118164,7.9190168380737305
2009-06-30,46400,14.220000267028809,14.5,14.5,14.170000076293945,7.8593926429748535
2009-06-29,75000,14.149999618530273,14.130000114440918,14.479999542236328,14.0600004196167,7.658843517303467
2009-06-26,55400,13.949999809265137,14.09000015258789,14.09000015258789,13.859999656677246,7.637160301208496
2009-06-25,50100,13.5,13.84000015258789,13.890000343322754,13.5,7.501656532287598
2009-06-24,27400,13.399999618530273,13.40999984741211,13.550000190734863,13.319999694824219,7.268584728240967
2009-06-23,28400,13.239999771118164,13.130000114440918,13.300000190734863,13.09000015258789,7.116815567016602
2009-06-22,68200,13.65999984741211,13.350000381469727,13.6899995803833,13.289999961853027,7.236063003540039
2009-06-19,44700,13.510000228881836,13.989999771118164,14.09000015258789,13.510000228881836,7.582958698272705
2009-06-18,75400,13.359999656677246,13.430000305175781,13.65999984741211,13.239999771118164,7.279424667358398
2009-06-17,183600,14.40999984741211,13.449999809265137,14.489999771118164,12.789999961853027,7.2902655601501465
2009-06-16,94800,14.40999984741211,14.380000114440918,14.5600004196167,14.229999542236328,7.794349193572998
2009-06-15,63100,14.369999885559082,14.5600004196167,14.5600004196167,14.199999809265137,7.891915321350098
2009-06-12,139100,14.270000457763672,14.359999656677246,14.390000343322754,14.140000343322754,7.78350830078125
2009-06-11,169300,14.5600004196167,14.350000381469727,14.5600004196167,14.149999618530273,7.7780890464782715
2009-06-10,100700,14.489999771118164,14.289999961853027,14.489999771118164,14.130000114440918,7.74556827545166
2009-06-09,154800,14.0,14.109999656677246,14.380000114440918,13.920000076293945,7.6480021476745605
2009-06-08,69500,14.40999984741211,14.0,14.40999984741211,14.0,7.588379383087158
2009-06-05,50600,14.350000381469727,14.430000305175781,14.460000038146973,13.930000305175781,7.821450710296631
2009-06-04,108800,14.550000190734863,14.119999885559082,14.550000190734863,13.9399995803833,7.653420448303223
2009-06-03,42700,14.5600004196167,14.5,14.680000305175781,14.420000076293945,7.8593926429748535
2009-06-02,51200,14.25,14.649999618530273,14.989999771118164,14.25,7.940695762634277
2009-06-01,81600,14.680000305175781,14.600000381469727,14.890000343322754,14.489999771118164,7.913595199584961
2009-05-29,129800,14.069999694824219,14.569999694824219,14.569999694824219,13.699999809265137,7.897336006164551
2009-05-28,70300,14.890000343322754,14.020000457763672,14.890000343322754,13.899999618530273,7.59921932220459
2009-05-27,100900,14.270000457763672,14.75,14.75,14.210000038146973,7.779171943664551
2009-05-26,65100,13.829999923706055,14.180000305175781,14.25,13.720000267028809,7.478553771972656
2009-05-22,39700,13.989999771118164,13.890000343322754,14.079999923706055,13.699999809265137,7.325607776641846
2009-05-21,77600,13.829999923706055,13.880000114440918,14.130000114440918,13.670000076293945,7.320331573486328
2009-05-20,166500,13.949999809265137,14.25,14.380000114440918,13.300000190734863,7.515471935272217
2009-05-19,130800,12.880000114440918,13.699999809265137,13.729999542236328,12.880000114440918,7.225400447845459
2009-05-18,92300,12.8100004196167,12.880000114440918,13.09000015258789,12.579999923706055,6.792929649353027
2009-05-15,59100,12.479999542236328,12.699999809265137,12.729999542236328,12.40999984741211,6.697998523712158
2009-05-14,78100,12.25,12.489999771118164,12.489999771118164,12.050000190734863,6.587245941162109
2009-05-13,113700,12.59000015258789,11.90999984741211,12.619999885559082,11.800000190734863,6.281352519989014
2009-05-12,109200,13.199999809265137,13.039999961853027,13.4399995803833,12.649999618530273,6.877316951751709
2009-05-11,89400,12.9399995803833,13.140000343322754,13.25,12.819999694824219,6.930057048797607
2009-05-08,100100,12.720000267028809,12.949999809265137,12.989999771118164,12.470000267028809,6.829850673675537
2009-05-07,225500,11.680000305175781,12.15999984741211,12.380000114440918,11.680000305175781,6.413201808929443
2009-05-06,117000,11.09000015258789,11.5,11.5,11.0,6.065117359161377
2009-05-05,110200,10.739999771118164,10.859999656677246,10.949999809265137,10.449999809265137,5.727580547332764
2009-05-04,123200,10.020000457763672,10.380000114440918,10.5,9.9399995803833,5.474427700042725
2009-05-01,39400,9.600000381469727,9.960000038146973,9.979999542236328,9.600000381469727,5.252920150756836
2009-04-30,221500,9.880000114440918,9.550000190734863,10.0,9.5,5.036685943603516
2009-04-29,87600,9.859999656677246,9.5,9.859999656677246,9.390000343322754,5.010315418243408
2009-04-28,27600,9.279999732971191,9.399999618530273,9.449999809265137,9.229999542236328,4.957574844360352
2009-04-27,76600,9.399999618530273,9.399999618530273,9.75,9.270000457763672,4.957574844360352
2009-04-24,74900,9.489999771118164,9.6899995803833,9.6899995803833,9.40999984741211,5.110523223876953
2009-04-23,54900,9.979999542236328,9.369999885559082,9.979999542236328,9.300000190734863,4.941751003265381
2009-04-22,91000,9.039999961853027,9.300000190734863,9.680000305175781,8.8100004196167,4.9048357009887695
2009-04-21,101100,9.109999656677246,9.25,9.359999656677246,8.65999984741211,4.878465175628662
2009-04-20,101900,9.989999771118164,9.100000381469727,10.350000381469727,9.0,4.799354076385498
2009-04-17,120700,9.800000190734863,10.289999961853027,10.350000381469727,9.59000015258789,5.4269609451293945
2009-04-16,88200,9.130000114440918,9.720000267028809,9.729999542236328,9.109999656677246,5.126343727111816
2009-04-15,54300,9.0,9.1899995803833,9.1899995803833,8.770000457763672,4.84682035446167
2009-04-14,153900,9.930000305175781,9.109999656677246,9.930000305175781,9.010000228881836,4.804627895355225
2009-04-13,140300,8.569999694824219,9.199999809265137,9.390000343322754,8.569999694824219,4.852093696594238
2009-04-09,172900,8.569999694824219,8.6899995803833,8.84000015258789,8.40999984741211,4.583119869232178
2009-04-08,149000,7.989999771118164,8.270000457763672,8.569999694824219,7.809999942779541,4.361610412597656
2009-04-07,79100,7.519999980926514,7.699999809265137,7.75,7.449999809265137,4.0609917640686035
2009-04-06,77200,7.440000057220459,7.599999904632568,7.650000095367432,7.159999847412109,4.008252143859863
2009-04-03,124500,7.349999904632568,7.539999961853027,7.539999961853027,7.130000114440918,3.9766080379486084
2009-04-02,178900,7.25,7.28000020980835,7.590000152587891,7.199999809265137,3.8394834995269775
2009-04-01,409000,6.400000095367432,6.800000190734863,6.800000190734863,6.199999809265137,3.5863304138183594
2009-03-31,506600,6.389999866485596,6.400000095367432,6.550000190734863,6.179999828338623,3.3753702640533447
2009-03-30,269100,6.559999942779541,6.150000095367432,6.559999942779541,6.0,3.2435200214385986
2009-03-27,597500,7.059999942779541,6.800000190734863,7.059999942779541,6.650000095367432,3.5863304138183594
2009-03-26,231500,7.179999828338623,7.099999904632568,7.239999771118164,7.03000020980835,3.744551420211792
2009-03-25,358800,7.239999771118164,7.0,7.679999828338623,6.880000114440918,3.6918108463287354
2009-03-24,288400,6.900000095367432,7.099999904632568,7.389999866485596,6.820000171661377,3.744551420211792
2009-03-23,282900,7.0,7.099999904632568,7.159999847412109,6.920000076293945,3.744551420211792
2009-03-20,47400,7.150000095367432,6.510000228881836,7.239999771118164,6.5,3.4333841800689697
2009-03-19,94500,7.0,7.170000076293945,7.570000171661377,7.0,3.7814688682556152
2009-03-18,118800,6.739999771118164,7.0,7.0,6.550000190734863,3.6918108463287354
2009-03-17,158600,6.519999980926514,6.679999828338623,6.949999809265137,6.460000038146973,3.523042678833008
2009-03-16,185600,6.5,6.210000038146973,6.650000095367432,6.150000095367432,3.2751636505126953
2009-03-13,222800,5.360000133514404,5.840000152587891,6.230000019073486,5.360000133514404,3.0800251960754395
2009-03-12,320400,4.400000095367432,5.050000190734863,5.199999809265137,4.400000095367432,2.6633777618408203
2009-03-11,120100,4.190000057220459,4.539999961853027,4.699999809265137,4.050000190734863,2.3944029808044434
2009-03-10,101200,3.2899999618530273,4.019999980926514,4.050000190734863,3.2100000381469727,2.1201541423797607
2009-03-09,90000,3.0199999809265137,2.9700000286102295,3.190000057220459,2.9600000381469727,1.5663822889328003
2009-03-06,161800,3.509999990463257,3.25,4.099999904632568,3.0399999618530273,1.714054822921753
2009-03-05,133300,3.990000009536743,3.569999933242798,4.170000076293945,3.4600000381469727,1.8828232288360596
2009-03-04,195500,5.099999904632568,4.5,5.099999904632568,3.990000009536743,2.3733069896698
2009-03-03,144300,4.409999847412109,4.53000020980835,4.849999904632568,4.320000171661377,2.3891289234161377
2009-03-02,195900,5.46999979019165,4.900000095367432,5.539999961853027,4.849999904632568,2.5842673778533936
2009-02-27,510400,5.800000190734863,5.599999904632568,6.0,5.340000152587891,2.953449010848999
2009-02-26,107800,7.210000038146973,6.670000076293945,7.860000133514404,6.670000076293945,3.517767906188965
2009-02-25,97300,6.980000019073486,7.159999847412109,7.260000228881836,6.010000228881836,3.776195526123047
2009-02-24,193100,6.050000190734863,7.190000057220459,7.78000020980835,5.400000095367432,3.3716776371002197
2009-02-23,103800,7.510000228881836,6.090000152587891,7.760000228881836,6.090000152587891,2.855844020843506
2009-02-20,231400,7.349999904632568,7.53000020980835,7.590000152587891,5.940000057220459,3.5311191082000732
2009-02-19,128600,7.099999904632568,7.78000020980835,8.149999618530273,7.099999904632568,3.648353099822998
2009-02-18,137300,8.5,6.949999809265137,8.510000228881836,6.760000228881836,3.2591331005096436
2009-02-17,497500,10.0,8.390000343322754,10.0,8.350000381469727,3.9344053268432617
2009-02-13,18200,10.149999618530273,10.369999885559082,10.569999694824219,10.079999923706055,4.862906455993652
2009-02-12,33900,10.029999732971191,10.359999656677246,10.359999656677246,9.90999984741211,4.858217716217041
2009-02-11,35700,11.020000457763672,10.5600004196167,11.149999618530273,10.359999656677246,4.952005863189697
2009-02-10,31500,10.550000190734863,10.649999618530273,10.859999656677246,10.5,4.994210720062256
2009-02-09,40400,10.850000381469727,11.0600004196167,11.260000228881836,10.789999961853027,5.186473846435547
2009-02-06,44900,10.5,10.75,11.09000015258789,10.5,5.041102409362793
2009-02-05,96800,10.5,10.5,10.649999618530273,9.609999656677246,4.923870086669922
2009-02-04,79500,10.130000114440918,10.5,10.90999984741211,10.130000114440918,4.923870086669922
2009-02-03,57100,10.970000267028809,10.479999542236328,10.970000267028809,10.149999618530273,4.914489269256592
2009-02-02,48300,11.819999694824219,11.0600004196167,11.819999694824219,10.6899995803833,5.186473846435547
2009-01-30,56900,11.600000381469727,12.0,12.0,11.220000267028809,5.627279758453369
2009-01-29,46400,11.390000343322754,11.75,12.029999732971191,11.100000381469727,5.510044574737549
2009-01-28,103200,11.5,12.180000305175781,12.4399995803833,11.220000267028809,5.711688041687012
2009-01-27,67200,11.149999618530273,11.109999656677246,11.470000267028809,10.760000228881836,5.20992374420166
2009-01-26,162800,11.300000190734863,11.300000190734863,12.430000305175781,11.199999809265137,5.299022674560547
2009-01-23,106700,10.0,9.989999771118164,10.729999542236328,9.5,4.684709548950195
2009-01-22,82400,11.430000305175781,10.489999771118164,11.489999771118164,10.300000190734863,4.9191789627075195
2009-01-21,179200,10.479999542236328,11.699999809265137,12.470000267028809,10.369999885559082,5.486598014831543
2009-01-20,155700,10.399999618530273,10.489999771118164,11.40999984741211,9.510000228881836,4.9191789627075195
2009-01-16,78800,12.470000267028809,12.399999618530273,12.800000190734863,11.90999984741211,5.814855098724365
2009-01-15,159900,11.800000190734863,12.0600004196167,12.279999732971191,10.069999694824219,5.655416965484619
2009-01-14,122800,13.180000305175781,12.0,13.180000305175781,11.600000381469727,5.627279758453369
2009-01-13,61700,12.800000190734863,13.25,13.720000267028809,12.800000190734863,6.2134528160095215
2009-01-12,139400,13.729999542236328,13.130000114440918,13.729999542236328,12.869999885559082,6.157181262969971
2009-01-09,159900,13.029999732971191,13.4399995803833,13.890000343322754,13.010000228881836,6.302552223205566
2009-01-08,69200,13.300000190734863,13.199999809265137,13.890000343322754,13.010000228881836,6.190005779266357
2009-01-07,70900,14.0,13.369999885559082,14.0,13.0,6.269726276397705
2009-01-06,109600,13.0,13.800000190734863,14.149999618530273,12.850000381469727,6.471371173858643
2009-01-05,69800,12.149999618530273,12.6899995803833,13.199999809265137,12.149999618530273,5.950847148895264
2009-01-02,226300,9.850000381469727,12.260000228881836,12.350000381469727,9.850000381469727,5.749203205108643
2008-12-31,83900,9.40999984741211,9.829999923706055,10.229999542236328,9.239999771118164,4.609679222106934
2008-12-30,123600,8.739999771118164,9.510000228881836,9.550000190734863,8.739999771118164,4.45961856842041
2008-12-29,97300,9.050000190734863,8.869999885559082,9.239999771118164,8.84000015258789,4.15949821472168
2008-12-26,178900,9.220000267028809,9.130000114440918,9.6899995803833,8.859999656677246,4.2814226150512695
2008-12-24,137000,8.989999771118164,9.140000343322754,9.739999771118164,8.960000038146973,4.286110877990723
2008-12-23,70800,8.979999542236328,9.020000457763672,9.239999771118164,8.850000381469727,4.229837417602539
2008-12-22,113800,9.180000305175781,8.989999771118164,9.300000190734863,8.970000267028809,4.215769290924072
2008-12-19,56900,9.149999618530273,9.199999809265137,9.34000015258789,8.899999618530273,4.314245700836182
2008-12-18,58800,9.399999618530273,9.300000190734863,9.479999542236328,9.25,4.361140727996826
2008-12-17,89600,9.180000305175781,9.289999961853027,9.350000381469727,8.779999732971191,4.356452465057373
2008-12-16,97700,8.720000267028809,9.050000190734863,9.25,8.649999618530273,4.243906497955322
2008-12-15,79000,8.5600004196167,8.829999923706055,8.829999923706055,8.1899995803833,4.140740394592285
2008-12-12,46200,8.0,8.579999923706055,8.619999885559082,8.0,4.02350378036499
2008-12-11,67000,9.0,8.550000190734863,9.140000343322754,8.510000228881836,4.00943660736084
2008-12-10,118100,9.0,9.029999732971191,9.25,8.90999984741211,4.234527587890625
2008-12-09,132000,8.989999771118164,9.050000190734863,9.09000015258789,8.520000457763672,4.243906497955322
2008-12-08,162500,7.900000095367432,8.989999771118164,9.0,7.900000095367432,4.215769290924072
2008-12-05,72700,7.920000076293945,7.75,7.989999771118164,7.489999771118164,3.6342837810516357
2008-12-04,44300,8.100000381469727,8.229999542236328,8.279999732971191,7.900000095367432,3.859375476837158
2008-12-03,143400,7.800000190734863,8.25,8.649999618530273,7.590000152587891,3.8687539100646973
2008-12-02,49800,7.849999904632568,8.100000381469727,8.25,7.699999809265137,3.798413038253784
2008-12-01,53200,8.220000267028809,7.849999904632568,8.449999809265137,7.699999809265137,3.681178331375122
2008-11-28,78300,7.840000152587891,8.59000015258789,8.800000190734863,7.699999809265137,4.028194904327393
2008-11-26,111300,7.179999828338623,7.860000133514404,7.860000133514404,7.019999980926514,3.685868501663208
2008-11-25,122700,7.320000171661377,7.559999942779541,7.559999942779541,7.289999961853027,3.358546733856201
2008-11-24,103800,6.550000190734863,7.110000133514404,7.300000190734863,6.550000190734863,3.1586339473724365
2008-11-21,213900,5.75,6.150000095367432,6.400000095367432,5.699999809265137,2.732151746749878
2008-11-20,156700,7.699999809265137,5.599999904632568,8.010000228881836,5.570000171661377,2.4878132343292236
2008-11-19,57400,8.720000267028809,8.050000190734863,8.84000015258789,7.900000095367432,3.5762317180633545
2008-11-18,144500,9.119999885559082,8.770000457763672,9.130000114440918,8.399999618530273,3.8960928916931152
2008-11-17,56300,9.539999961853027,9.119999885559082,9.539999961853027,8.800000190734863,4.051582336425781
2008-11-14,76100,8.9399995803833,9.479999542236328,9.59000015258789,8.890000343322754,4.211513042449951
2008-11-13,116800,9.470000267028809,8.960000038146973,9.470000267028809,8.300000190734863,3.980501174926758
2008-11-12,48500,10.0,9.470000267028809,10.15999984741211,9.390000343322754,4.207070827484131
2008-11-11,57400,10.0600004196167,10.0,10.199999809265137,9.789999961853027,4.442523956298828
2008-11-10,56100,10.359999656677246,10.09000015258789,10.399999618530273,10.09000015258789,4.482506275177002
2008-11-07,87900,10.1899995803833,10.199999809265137,10.5,10.079999923706055,4.531373500823975
2008-11-06,76400,10.149999618530273,10.220000267028809,10.40999984741211,9.949999809265137,4.540260314941406
2008-11-05,89400,10.140000343322754,10.260000228881836,10.399999618530273,10.050000190734863,4.558028697967529
2008-11-04,84500,10.149999618530273,10.25,10.5,10.0,4.553587913513184
2008-11-03,53600,10.0,9.899999618530273,10.25,9.760000228881836,4.398098468780518
2008-10-31,168300,10.15999984741211,10.079999923706055,10.199999809265137,9.649999618530273,4.478063106536865
2008-10-30,134600,10.539999961853027,10.25,10.729999542236328,10.199999809265137,4.553587913513184
2008-10-29,69700,10.119999885559082,10.430000305175781,10.479999542236328,10.0600004196167,4.633551597595215
2008-10-28,165800,8.75,10.140000343322754,10.199999809265137,8.75,4.504718780517578
2008-10-27,120400,9.149999618530273,8.449999809265137,9.270000457763672,8.449999809265137,3.7539315223693848
2008-10-24,88700,8.880000114440918,9.489999771118164,9.75,8.880000114440918,4.215954303741455
2008-10-23,96600,9.800000190734863,10.010000228881836,10.380000114440918,9.800000190734863,4.44696569442749
2008-10-22,98600,10.220000267028809,10.050000190734863,10.260000228881836,9.899999618530273,4.464737415313721
2008-10-21,126700,9.180000305175781,10.640000343322754,10.710000038146973,9.039999961853027,4.726844787597656
2008-10-20,155700,9.979999542236328,9.630000114440918,9.979999542236328,8.399999618530273,4.278149127960205
2008-10-17,325900,8.75,7.980000019073486,8.979999542236328,7.820000171661377,3.5451338291168213
2008-10-16,1125300,9.229999542236328,9.020000457763672,9.369999885559082,8.149999618530273,4.007155418395996
2008-10-15,123500,9.199999809265137,9.199999809265137,9.989999771118164,8.800000190734863,4.087122917175293
2008-10-14,279500,9.34000015258789,10.130000114440918,11.0,9.34000015258789,4.500276565551758
2008-10-13,215900,6.119999885559082,8.479999542236328,8.5,6.119999885559082,3.7672603130340576
2008-10-10,210100,5.010000228881836,5.75,5.800000190734863,4.090000152587891,2.5544509887695312
2008-10-09,149200,6.829999923706055,5.849999904632568,7.199999809265137,5.610000133514404,2.5988759994506836
2008-10-08,280700,6.71999979019165,6.860000133514404,7.070000171661377,6.019999980926514,3.0475709438323975
2008-10-07,184000,7.929999828338623,7.300000190734863,8.369999885559082,6.949999809265137,3.243042230606079
2008-10-06,102400,10.100000381469727,8.800000190734863,10.100000381469727,7.75,3.90942120552063
2008-10-03,1112500,8.989999771118164,10.0600004196167,10.399999618530273,8.75,4.469178676605225
2008-10-02,104400,9.899999618530273,8.890000343322754,10.0,8.649999618530273,3.9494030475616455
2008-10-01,97000,8.25,10.0,10.350000381469727,8.029999732971191,4.442523956298828
2008-09-30,151700,8.0,8.529999732971191,8.609999656677246,7.699999809265137,3.7894725799560547
2008-09-29,250800,10.510000228881836,7.670000076293945,10.510000228881836,6.46999979019165,3.4074158668518066
2008-09-26,124700,12.229999542236328,11.6899995803833,12.239999771118164,11.5,5.1933088302612305
2008-09-25,84600,11.6899995803833,12.380000114440918,12.380000114440918,11.420000076293945,5.499843120574951
2008-09-24,55100,12.600000381469727,11.880000114440918,12.609999656677246,11.800000190734863,5.2777180671691895
2008-09-23,148100,12.430000305175781,12.460000038146973,12.5,11.239999771118164,5.535384654998779
2008-09-22,66100,13.199999809265137,12.380000114440918,13.239999771118164,12.229999542236328,5.499843120574951
2008-09-19,165400,11.890000343322754,12.850000381469727,15.350000381469727,11.890000343322754,5.708642482757568
2008-09-18,468400,7.880000114440918,10.90999984741211,10.960000038146973,7.130000114440918,4.846793174743652
2008-09-17,168300,9.989999771118164,8.510000228881836,10.390000343322754,8.470000267028809,3.7805867195129395
2008-09-16,461700,10.800000190734863,9.989999771118164,11.0,8.710000038146973,4.43808126449585
2008-09-15,175400,14.0,11.0,14.0,10.859999656677246,4.886775970458984
2008-09-12,63400,14.619999885559082,14.529999732971191,14.899999618530273,14.430000305175781,6.4549880027771
2008-09-11,69200,15.760000228881836,14.920000076293945,15.760000228881836,14.600000381469727,6.628243446350098
2008-09-10,67100,16.600000381469727,15.859999656677246,16.829999923706055,15.84000015258789,7.045841693878174
2008-09-09,64600,17.690000534057617,16.6299991607666,17.690000534057617,16.6299991607666,7.387916088104248
2008-09-08,77400,18.18000030517578,17.8799991607666,18.18000030517578,17.600000381469727,7.943230628967285
2008-09-05,60900,18.049999237060547,18.040000915527344,18.079999923706055,17.860000610351562,8.014310836791992
2008-09-04,43100,18.0,18.049999237060547,18.06999969482422,17.950000762939453,8.018754005432129
2008-09-03,31400,18.030000686645508,18.110000610351562,18.110000610351562,18.030000686645508,8.045409202575684
2008-09-02,53800,18.190000534057617,18.030000686645508,18.219999313354492,18.0,8.009869575500488
2008-08-29,49400,18.09000015258789,17.93000030517578,18.09000015258789,17.84000015258789,7.9654459953308105
2008-08-28,44400,17.850000381469727,17.969999313354492,17.979999542236328,17.760000228881836,7.983214378356934
2008-08-27,52000,17.790000915527344,17.719999313354492,18.010000228881836,17.709999084472656,7.872152805328369
2008-08-26,118400,18.030000686645508,18.06999969482422,18.219999313354492,18.030000686645508,7.850824356079102
2008-08-25,43100,17.989999771118164,18.030000686645508,18.06999969482422,17.809999465942383,7.833449363708496
2008-08-22,102200,17.959999084472656,18.110000610351562,18.139999389648438,17.950000762939453,7.86820650100708
2008-08-21,47800,17.979999542236328,17.93000030517578,18.170000076293945,17.899999618530273,7.790000915527344
2008-08-20,32100,17.979999542236328,18.06999969482422,18.270000457763672,17.940000534057617,7.850824356079102
2008-08-19,42100,17.8700008392334,18.010000228881836,18.15999984741211,17.8700008392334,7.824760913848877
2008-08-18,13700,18.18000030517578,18.040000915527344,18.200000762939453,17.979999542236328,7.837792873382568
2008-08-15,31400,18.079999923706055,18.049999237060547,18.18000030517578,17.979999542236328,7.842136859893799
2008-08-14,39000,18.200000762939453,17.920000076293945,18.209999084472656,17.850000381469727,7.785654544830322
2008-08-13,45200,18.520000457763672,18.190000534057617,18.530000686645508,18.190000534057617,7.902963638305664
2008-08-12,31100,18.389999389648438,18.440000534057617,18.440000534057617,18.270000457763672,8.011579513549805
2008-08-11,23900,18.170000076293945,18.389999389648438,18.399999618530273,18.100000381469727,7.989856719970703
2008-08-08,23500,17.940000534057617,18.170000076293945,18.290000915527344,17.940000534057617,7.894275665283203
2008-08-07,54400,17.780000686645508,17.940000534057617,18.100000381469727,17.709999084472656,7.794347286224365
2008-08-06,30100,17.489999771118164,17.780000686645508,17.899999618530273,17.209999084472656,7.724832534790039
2008-08-05,40300,17.309999465942383,17.850000381469727,17.850000381469727,17.309999465942383,7.755245208740234
2008-08-04,32400,17.559999465942383,17.43000030517578,17.65999984741211,17.31999969482422,7.572770118713379
2008-08-01,36600,17.299999237060547,17.360000610351562,17.469999313354492,17.1200008392334,7.542357444763184
2008-07-31,46100,17.770000457763672,17.030000686645508,17.770000457763672,17.020000457763672,7.398983001708984
2008-07-30,91100,17.530000686645508,17.68000030517578,17.969999313354492,17.469999313354492,7.68138313293457
2008-07-29,68200,16.790000915527344,17.290000915527344,17.549999237060547,16.790000915527344,7.511945724487305
2008-07-28,72900,17.780000686645508,16.600000381469727,17.780000686645508,16.530000686645508,7.212159156799316
2008-07-25,24500,18.31999969482422,17.899999618530273,18.34000015258789,17.850000381469727,7.776968002319336
2008-07-24,55500,18.75,18.1200008392334,18.75,18.020000457763672,7.872550964355469
2008-07-23,82800,18.229999542236328,18.540000915527344,18.81999969482422,18.190000534057617,8.055028915405273
2008-07-22,75400,17.950000762939453,18.299999237060547,18.299999237060547,17.399999618530273,7.950753688812256
2008-07-21,93900,17.459999084472656,18.06999969482422,18.149999618530273,17.329999923706055,7.850824356079102
2008-07-18,240500,16.06999969482422,17.100000381469727,17.25,16.06999969482422,7.429393768310547
2008-07-17,263500,14.5600004196167,16.190000534057617,16.639999389648438,14.5600004196167,7.034028053283691
2008-07-16,116700,12.819999694824219,14.40999984741211,14.460000038146973,12.800000190734863,6.260676860809326
2008-07-15,180100,13.100000381469727,12.760000228881836,13.100000381469727,9.920000076293945,5.5438055992126465
2008-07-14,101500,15.180000305175781,13.210000038146973,15.539999961853027,13.010000228881836,5.739315032958984
2008-07-11,156700,15.960000038146973,15.039999961853027,15.960000038146973,14.0,6.534390926361084
2008-07-10,75700,16.479999542236328,16.1299991607666,16.6200008392334,15.899999618530273,7.007961273193359
2008-07-09,36900,16.399999618530273,16.670000076293945,16.75,16.399999618530273,7.242573261260986
2008-07-08,71100,16.700000762939453,16.459999084472656,16.729999542236328,16.200000762939453,7.151334285736084
2008-07-07,62400,16.649999618530273,16.700000762939453,16.829999923706055,16.420000076293945,7.255605220794678
2008-07-03,27100,16.309999465942383,16.600000381469727,16.6200008392334,16.309999465942383,7.212159156799316
2008-07-02,75800,16.559999465942383,16.3700008392334,16.600000381469727,16.299999237060547,7.112234592437744
2008-07-01,50300,17.200000762939453,16.56999969482422,17.200000762939453,16.56999969482422,7.19912576675415
2008-06-30,51900,17.299999237060547,17.100000381469727,17.420000076293945,16.969999313354492,7.429393768310547
2008-06-27,37100,17.65999984741211,17.209999084472656,17.719999313354492,17.09000015258789,7.4771857261657715
2008-06-26,44500,17.899999618530273,17.65999984741211,18.0,17.65999984741211,7.672698497772217
2008-06-25,51800,18.079999923706055,17.979999542236328,18.350000381469727,17.920000076293945,7.811722278594971
2008-06-24,61200,18.540000915527344,17.950000762939453,18.690000534057617,17.84000015258789,7.798692226409912
2008-06-23,34900,19.1299991607666,18.360000610351562,19.1299991607666,18.280000686645508,7.976822376251221
2008-06-20,69900,19.440000534057617,19.040000915527344,19.440000534057617,18.969999313354492,8.272259712219238
2008-06-19,56700,19.440000534057617,18.969999313354492,19.440000534057617,18.90999984741211,8.24184513092041
2008-06-18,43500,19.5,19.309999465942383,19.520000457763672,19.290000915527344,8.389565467834473
2008-06-17,50400,19.459999084472656,19.479999542236328,19.489999771118164,19.34000015258789,8.463425636291504
2008-06-16,35900,19.34000015258789,19.280000686645508,19.420000076293945,19.200000762939453,8.376535415649414
2008-06-13,34400,19.31999969482422,19.329999923706055,19.389999389648438,19.209999084472656,8.398256301879883
2008-06-12,24000,19.239999771118164,19.260000228881836,19.40999984741211,19.239999771118164,8.367840766906738
2008-06-11,42500,19.479999542236328,19.229999542236328,19.56999969482422,19.100000381469727,8.354808807373047
2008-06-10,512300,19.729999542236328,19.469999313354492,19.8799991607666,19.350000381469727,8.459080696105957
2008-06-09,36800,20.079999923706055,19.90999984741211,20.079999923706055,19.84000015258789,8.650246620178223
2008-06-06,28100,20.190000534057617,20.0,20.190000534057617,19.950000762939453,8.689351081848145
2008-06-05,63500,20.010000228881836,20.100000381469727,20.100000381469727,19.940000534057617,8.732799530029297
2008-06-04,74100,20.18000030517578,20.049999237060547,20.18000030517578,19.899999618530273,8.711071968078613
2008-06-03,67600,20.18000030517578,20.170000076293945,20.350000381469727,19.790000915527344,8.763208389282227
2008-06-02,50300,20.709999084472656,20.270000457763672,20.739999771118164,20.25,8.806656837463379
2008-05-30,86000,20.81999969482422,20.75,20.959999084472656,20.670000076293945,9.015199661254883
2008-05-29,28600,20.8799991607666,20.760000228881836,20.899999618530273,20.739999771118164,9.019542694091797
2008-05-28,33300,20.84000015258789,20.799999237060547,20.8799991607666,20.700000762939453,9.036919593811035
2008-05-27,133500,21.280000686645508,21.149999618530273,21.34000015258789,21.0,9.016069412231445
2008-05-23,63500,21.030000686645508,21.110000610351562,21.270000457763672,21.030000686645508,8.999016761779785
2008-05-22,37400,21.18000030517578,21.1299991607666,21.18000030517578,21.010000228881836,9.007542610168457
2008-05-21,27100,21.049999237060547,21.100000381469727,21.18000030517578,21.049999237060547,8.994756698608398
2008-05-20,24900,21.0,21.040000915527344,21.100000381469727,21.0,8.969178199768066
2008-05-19,69600,21.309999465942383,21.0,21.31999969482422,21.0,8.952126502990723
2008-05-16,68700,21.299999237060547,21.229999542236328,21.360000610351562,21.219999313354492,9.050172805786133
2008-05-15,57700,21.020000457763672,21.350000381469727,21.440000534057617,21.020000457763672,9.10132884979248
2008-05-14,94200,21.09000015258789,21.149999618530273,21.200000762939453,21.09000015258789,9.016069412231445
2008-05-13,45700,21.200000762939453,21.09000015258789,21.209999084472656,21.0,8.990493774414062
2008-05-12,34900,21.25,21.100000381469727,21.25,21.030000686645508,8.994756698608398
2008-05-09,47000,21.229999542236328,21.1200008392334,21.280000686645508,20.969999313354492,9.00328254699707
2008-05-08,32200,21.360000610351562,21.229999542236328,21.360000610351562,21.100000381469727,9.050172805786133
2008-05-07,62500,21.200000762939453,21.239999771118164,21.3799991607666,21.200000762939453,9.05443286895752
2008-05-06,52200,21.389999389648438,21.360000610351562,21.389999389648438,21.219999313354492,9.10559368133545
2008-05-05,45200,21.399999618530273,21.329999923706055,21.399999618530273,21.190000534057617,9.092803955078125
2008-05-02,35700,21.049999237060547,21.389999389648438,21.389999389648438,21.049999237060547,9.118380546569824
2008-05-01,41700,21.290000915527344,21.270000457763672,21.360000610351562,21.110000610351562,9.067222595214844
2008-04-30,54100,20.969999313354492,21.149999618530273,21.3799991607666,20.969999313354492,9.016069412231445
2008-04-29,56400,20.809999465942383,21.149999618530273,21.18000030517578,20.809999465942383,9.016069412231445
2008-04-28,35400,21.3799991607666,21.049999237060547,21.3799991607666,21.049999237060547,8.973440170288086
2008-04-25,18700,21.15999984741211,21.299999237060547,21.309999465942383,21.15999984741211,9.080012321472168
2008-04-24,33500,21.280000686645508,21.270000457763672,21.290000915527344,21.040000915527344,9.067222595214844
2008-04-23,40800,21.280000686645508,21.270000457763672,21.31999969482422,21.0,9.067222595214844
2008-04-22,37800,21.399999618530273,21.270000457763672,21.5,21.200000762939453,9.067222595214844
2008-04-21,51000,21.700000762939453,21.40999984741211,21.799999237060547,21.399999618530273,9.126904487609863
2008-04-18,67800,21.75,21.790000915527344,21.790000915527344,21.469999313354492,9.288896560668945
2008-04-17,69600,21.200000762939453,21.59000015258789,21.649999618530273,21.18000030517578,9.203638076782227
2008-04-16,90500,20.940000534057617,21.450000762939453,21.469999313354492,20.899999618530273,9.143956184387207
2008-04-15,57200,20.799999237060547,20.920000076293945,21.0,20.760000228881836,8.918020248413086
2008-04-14,42100,20.959999084472656,20.850000381469727,21.020000457763672,20.709999084472656,8.888181686401367
2008-04-11,19700,20.8700008392334,20.899999618530273,20.969999313354492,20.81999969482422,8.909494400024414
2008-04-10,38300,20.780000686645508,21.0,21.0,20.75,8.952126502990723
2008-04-09,24700,20.799999237060547,20.68000030517578,20.81999969482422,20.65999984741211,8.815711975097656
2008-04-08,49000,20.6299991607666,20.739999771118164,20.780000686645508,20.6299991607666,8.841290473937988
2008-04-07,58900,21.110000610351562,20.610000610351562,21.110000610351562,20.600000381469727,8.785873413085938
2008-04-04,23100,20.6299991607666,20.799999237060547,20.799999237060547,20.6299991607666,8.866866111755371
2008-04-03,83000,20.579999923706055,20.6200008392334,20.639999389648438,20.25,8.790135383605957
2008-04-02,57400,20.5,20.530000686645508,20.700000762939453,20.469999313354492,8.751769065856934
2008-04-01,19800,20.280000686645508,20.489999771118164,20.520000457763672,20.280000686645508,8.734716415405273
2008-03-31,34600,20.350000381469727,20.299999237060547,20.489999771118164,20.280000686645508,8.653719902038574
2008-03-28,29100,20.5,20.399999618530273,20.520000457763672,20.350000381469727,8.696351051330566
2008-03-27,38000,20.5,20.399999618530273,20.549999237060547,20.34000015258789,8.696351051330566
2008-03-26,86700,20.450000762939453,20.489999771118164,20.84000015258789,20.209999084472656,8.734716415405273
2008-03-25,83900,20.399999618530273,20.260000228881836,20.450000762939453,20.209999084472656,8.636669158935547
2008-03-24,99900,20.5,20.299999237060547,20.5,20.18000030517578,8.653719902038574
2008-03-20,47800,20.440000534057617,20.299999237060547,20.549999237060547,20.149999618530273,8.653719902038574
2008-03-19,33300,20.25,20.3700008392334,20.600000381469727,20.1200008392334,8.683564186096191
2008-03-18,163900,20.950000762939453,20.190000534057617,21.0,20.06999969482422,8.606827735900879
2008-03-17,65900,21.100000381469727,20.200000762939453,21.18000030517578,19.5,8.611093521118164
2008-03-14,46200,21.639999389648438,21.530000686645508,21.639999389648438,21.209999084472656,9.178062438964844
2008-03-13,32900,21.739999771118164,21.329999923706055,21.739999771118164,21.1200008392334,9.092803955078125
2008-03-12,26300,21.719999313354492,21.600000381469727,21.860000610351562,21.520000457763672,9.20789909362793
2008-03-11,44200,21.610000610351562,21.5,22.049999237060547,21.5,9.165267944335938
2008-03-10,40900,21.799999237060547,21.68000030517578,21.969999313354492,21.579999923706055,9.24200439453125
2008-03-07,31500,21.799999237060547,21.959999084472656,22.06999969482422,21.770000457763672,9.361366271972656
2008-03-06,44300,22.079999923706055,22.0,22.350000381469727,21.889999389648438,9.378417015075684
2008-03-05,239900,21.81999969482422,22.030000686645508,22.1200008392334,21.799999237060547,9.391207695007324
2008-03-04,52500,22.389999389648438,21.989999771118164,22.399999618530273,21.889999389648438,9.374155044555664
2008-03-03,57800,22.579999923706055,22.389999389648438,22.68000030517578,22.270000457763672,9.544672966003418
2008-02-29,39800,22.549999237060547,22.6200008392334,22.75,22.350000381469727,9.642719268798828
2008-02-28,31400,22.299999237060547,22.520000457763672,22.520000457763672,22.15999984741211,9.600088119506836
2008-02-27,40600,22.31999969482422,22.43000030517578,22.729999542236328,22.049999237060547,9.561721801757812
2008-02-26,33000,22.040000915527344,22.530000686645508,22.59000015258789,22.040000915527344,9.43468952178955
2008-02-25,53900,22.56999969482422,22.3700008392334,22.700000762939453,22.329999923706055,9.367684364318848
2008-02-22,47100,22.649999618530273,22.3700008392334,22.649999618530273,22.31999969482422,9.367684364318848
2008-02-21,50800,22.079999923706055,22.389999389648438,22.420000076293945,22.06999969482422,9.376058578491211
2008-02-20,129000,22.68000030517578,22.020000457763672,22.829999923706055,21.90999984741211,9.221120834350586
2008-02-19,98000,23.309999465942383,22.559999465942383,23.309999465942383,22.559999465942383,9.447253227233887
2008-02-15,50100,22.450000762939453,22.799999237060547,22.850000381469727,22.450000762939453,9.547755241394043
2008-02-14,40400,22.959999084472656,22.639999389648438,22.959999084472656,22.639999389648438,9.480751037597656
2008-02-13,65900,23.110000610351562,22.8700008392334,23.110000610351562,22.68000030517578,9.577066421508789
2008-02-12,46500,23.059999465942383,23.0,23.079999923706055,22.860000610351562,9.63150405883789
2008-02-11,61600,23.399999618530273,22.93000030517578,23.399999618530273,22.93000030517578,9.602190971374512
2008-02-08,62500,23.25,23.299999237060547,23.399999618530273,23.229999542236328,9.757132530212402
2008-02-07,70200,23.700000762939453,23.450000762939453,23.700000762939453,23.450000762939453,9.81994915008545
2008-02-06,63300,23.469999313354492,23.420000076293945,23.729999542236328,23.389999389648438,9.807385444641113
2008-02-05,37900,23.68000030517578,23.6299991607666,23.81999969482422,23.600000381469727,9.895323753356934
2008-02-04,47900,24.0,23.799999237060547,24.030000686645508,23.790000915527344,9.96651554107666
2008-02-01,26500,24.989999771118164,23.959999084472656,24.989999771118164,23.770000457763672,10.033514022827148
2008-01-31,30000,23.770000457763672,23.829999923706055,23.8799991607666,23.75,9.979080200195312
2008-01-30,31400,23.719999313354492,23.790000915527344,24.75,23.670000076293945,9.962327003479004
2008-01-29,46300,23.739999771118164,23.719999313354492,23.899999618530273,23.670000076293945,9.933012008666992
2008-01-28,68200,23.299999237060547,23.649999618530273,23.809999465942383,23.299999237060547,9.90369987487793
2008-01-25,30400,22.90999984741211,23.260000228881836,23.3799991607666,22.90999984741211,9.740386009216309
2008-01-24,67800,23.290000915527344,22.8799991607666,23.389999389648438,22.8799991607666,9.58125114440918
2008-01-23,50900,22.610000610351562,23.1200008392334,23.239999771118164,22.610000610351562,9.68175983428955
2008-01-22,100600,22.549999237060547,22.8799991607666,22.920000076293945,22.270000457763672,9.58125114440918
2008-01-18,43100,23.200000762939453,22.920000076293945,23.200000762939453,22.610000610351562,9.598004341125488
2008-01-17,66500,23.65999984741211,23.0,23.65999984741211,22.540000915527344,9.63150405883789
2008-01-16,45300,23.25,23.510000228881836,23.540000915527344,23.25,9.845073699951172
2008-01-15,56800,23.079999923706055,23.260000228881836,23.459999084472656,22.969999313354492,9.740386009216309
2008-01-14,67400,22.829999923706055,22.8799991607666,22.989999771118164,22.760000228881836,9.58125114440918
2008-01-11,69900,22.5,23.059999465942383,23.15999984741211,22.299999237060547,9.656630516052246
2008-01-10,42700,22.100000381469727,22.459999084472656,22.459999084472656,22.079999923706055,9.405373573303223
2008-01-09,44700,22.049999237060547,22.260000228881836,22.360000610351562,21.950000762939453,9.321623802185059
2008-01-08,53900,22.329999923706055,22.040000915527344,22.329999923706055,21.989999771118164,9.229493141174316
2008-01-07,92600,21.739999771118164,21.979999542236328,22.149999618530273,21.6200008392334,9.204370498657227
2008-01-04,57900,21.420000076293945,21.5,21.690000534057617,21.100000381469727,9.0033597946167
2008-01-03,413600,20.579999923706055,21.280000686645508,21.34000015258789,20.559999465942383,8.911232948303223
2008-01-02,115100,19.850000381469727,20.399999618530273,20.450000762939453,19.829999923706055,8.542724609375
2007-12-31,198900,18.190000534057617,19.75,19.940000534057617,18.190000534057617,8.270533561706543
2007-12-28,156000,19.450000762939453,19.559999465942383,19.700000762939453,19.450000762939453,8.190966606140137
2007-12-27,141100,19.520000457763672,19.43000030517578,19.75,19.399999618530273,8.136528015136719
2007-12-26,120800,19.649999618530273,19.600000381469727,19.899999618530273,19.600000381469727,8.207715034484863
2007-12-24,96400,19.31999969482422,19.65999984741211,20.020000457763672,19.31999969482422,8.232842445373535
2007-12-21,195300,19.31999969482422,19.549999237060547,19.959999084472656,19.31999969482422,8.186779022216797
2007-12-20,165200,19.68000030517578,19.700000762939453,19.81999969482422,19.5,8.249593734741211
2007-12-19,128800,19.31999969482422,19.610000610351562,19.989999771118164,19.31999969482422,8.211904525756836
2007-12-18,208000,20.18000030517578,19.770000457763672,20.18000030517578,19.700000762939453,8.278908729553223
2007-12-17,154300,21.270000457763672,20.0,21.270000457763672,20.0,8.375218391418457
2007-12-14,100800,20.65999984741211,21.0,21.030000686645508,20.579999923706055,8.793981552124023
2007-12-13,139500,21.190000534057617,20.670000076293945,21.420000076293945,20.59000015258789,8.655793190002441
2007-12-12,130500,21.34000015258789,21.200000762939453,21.489999771118164,21.030000686645508,8.877737045288086
2007-12-11,120900,21.350000381469727,21.149999618530273,21.520000457763672,21.149999618530273,8.856796264648438
2007-12-10,132600,21.200000762939453,21.450000762939453,21.770000457763672,21.200000762939453,8.982425689697266
2007-12-07,135000,21.540000915527344,21.420000076293945,21.690000534057617,21.18000030517578,8.969863891601562
2007-12-06,126100,20.729999542236328,21.350000381469727,21.350000381469727,20.610000610351562,8.940549850463867
2007-12-05,120900,20.469999313354492,20.799999237060547,21.040000915527344,20.389999389648438,8.710226058959961
2007-12-04,92500,20.1200008392334,20.59000015258789,20.639999389648438,20.100000381469727,8.62229061126709
2007-12-03,102800,19.3700008392334,20.350000381469727,20.600000381469727,19.3700008392334,8.521788597106934
2007-11-30,164200,19.899999618530273,20.299999237060547,20.579999923706055,19.899999618530273,8.500847816467285
2007-11-29,132500,20.06999969482422,19.899999618530273,20.280000686645508,19.649999618530273,8.333346366882324
2007-11-28,149100,20.299999237060547,20.049999237060547,20.43000030517578,19.920000076293945,8.396159172058105
2007-11-27,157200,19.81999969482422,20.350000381469727,20.489999771118164,19.81999969482422,8.355118751525879
2007-11-26,109200,19.889999389648438,19.860000610351562,20.0,19.75,8.153942108154297
2007-11-23,22400,19.0,19.729999542236328,19.799999237060547,19.0,8.100565910339355
2007-11-21,91800,19.520000457763672,19.270000457763672,19.799999237060547,19.100000381469727,7.9117021560668945
2007-11-20,216800,19.950000762939453,19.610000610351562,20.049999237060547,19.200000762939453,8.051298141479492
2007-11-19,356000,20.200000762939453,19.989999771118164,20.5,19.600000381469727,8.207319259643555
2007-11-16,77200,20.43000030517578,20.450000762939453,20.639999389648438,20.149999618530273,8.396177291870117
2007-11-15,86100,20.81999969482422,20.540000915527344,20.989999771118164,20.540000915527344,8.433131217956543
2007-11-14,104600,20.829999923706055,20.979999542236328,21.170000076293945,20.719999313354492,8.61378002166748
2007-11-13,75900,20.6200008392334,20.719999313354492,21.020000457763672,20.43000030517578,8.507033348083496
2007-11-12,129000,20.270000457763672,20.649999618530273,20.8799991607666,20.100000381469727,8.478292465209961
2007-11-09,93000,20.450000762939453,20.25,20.700000762939453,20.049999237060547,8.314065933227539
2007-11-08,127500,21.020000457763672,20.600000381469727,21.229999542236328,20.200000762939453,8.457763671875
2007-11-07,96500,21.889999389648438,21.1200008392334,21.899999618530273,20.559999465942383,8.671262741088867
2007-11-06,69800,22.18000030517578,22.0,22.399999618530273,22.0,9.032563209533691
2007-11-05,79300,22.579999923706055,22.149999618530273,22.709999084472656,22.100000381469727,9.094146728515625
2007-11-02,51400,22.850000381469727,22.610000610351562,22.850000381469727,22.579999923706055,9.283014297485352
2007-11-01,46000,23.0,22.700000762939453,23.0,22.700000762939453,9.319961547851562
2007-10-31,46600,22.700000762939453,22.979999542236328,23.0,22.690000534057617,9.434921264648438
2007-10-30,60900,22.649999618530273,22.690000534057617,22.790000915527344,22.649999618530273,9.315857887268066
2007-10-29,91900,22.65999984741211,22.729999542236328,22.780000686645508,22.649999618530273,9.332279205322266
2007-10-26,43300,22.670000076293945,22.81999969482422,22.829999923706055,22.670000076293945,9.369230270385742
2007-10-25,39000,22.950000762939453,22.670000076293945,22.950000762939453,22.670000076293945,9.307645797729492
2007-10-24,28200,23.06999969482422,22.989999771118164,23.06999969482422,22.860000610351562,9.4390287399292
2007-10-23,54100,22.850000381469727,23.09000015258789,23.15999984741211,22.84000015258789,9.480084419250488
2007-10-22,30300,22.899999618530273,22.899999618530273,23.0,22.899999618530273,9.402077674865723
2007-10-19,32400,22.850000381469727,23.040000915527344,23.06999969482422,22.850000381469727,9.459558486938477
2007-10-18,37800,23.25,22.899999618530273,23.25,22.829999923706055,9.402077674865723
2007-10-17,101400,23.209999084472656,23.0,23.229999542236328,22.950000762939453,9.443138122558594
2007-10-16,70500,23.229999542236328,23.100000381469727,23.25,23.049999237060547,9.484192848205566
2007-10-15,54300,23.239999771118164,23.18000030517578,23.239999771118164,23.059999465942383,9.517036437988281
2007-10-12,49800,23.1299991607666,23.25,23.260000228881836,23.06999969482422,9.545780181884766
2007-10-11,29200,23.15999984741211,23.170000076293945,23.260000228881836,23.030000686645508,9.512931823730469
2007-10-10,62900,23.0,23.139999389648438,23.18000030517578,23.0,9.500616073608398
2007-10-09,52400,23.0,23.06999969482422,23.110000610351562,22.899999618530273,9.471874237060547
2007-10-08,33300,23.100000381469727,22.950000762939453,23.100000381469727,22.850000381469727,9.422608375549316
2007-10-05,28500,22.75,22.950000762939453,23.190000534057617,22.75,9.422608375549316
2007-10-04,30200,22.6299991607666,22.770000457763672,22.780000686645508,22.559999465942383,9.348702430725098
2007-10-03,74800,22.260000228881836,22.6200008392334,22.639999389648438,22.260000228881836,9.287116050720215
2007-10-02,36700,22.18000030517578,22.299999237060547,22.399999618530273,22.18000030517578,9.155735969543457
2007-10-01,71100,22.229999542236328,22.18000030517578,22.290000915527344,22.18000030517578,9.106468200683594
2007-09-28,36600,22.219999313354492,22.25,22.350000381469727,22.219999313354492,9.13520622253418
2007-09-27,29300,22.31999969482422,22.190000534057617,22.389999389648438,22.18000030517578,9.11057186126709
2007-09-26,123600,22.110000610351562,22.170000076293945,22.25,22.100000381469727,9.102362632751465
2007-09-25,65500,22.200000762939453,22.149999618530273,22.719999313354492,22.1200008392334,9.094146728515625
2007-09-24,52200,22.110000610351562,22.15999984741211,22.700000762939453,22.079999923706055,9.098254203796387
2007-09-21,60300,22.149999618530273,22.31999969482422,22.399999618530273,22.09000015258789,9.163949012756348
2007-09-20,64800,22.549999237060547,22.200000762939453,22.549999237060547,22.149999618530273,9.114678382873535
2007-09-19,66200,22.780000686645508,22.3700008392334,22.780000686645508,22.309999465942383,9.184475898742676
2007-09-18,55300,22.700000762939453,22.940000534057617,22.940000534057617,22.510000228881836,9.418499946594238
2007-09-17,42600,22.209999084472656,22.600000381469727,22.690000534057617,22.200000762939453,9.27890682220459
2007-09-14,50200,22.299999237060547,22.389999389648438,22.420000076293945,22.18000030517578,9.192686080932617
2007-09-13,75900,22.25,22.350000381469727,22.360000610351562,22.1299991607666,9.176264762878418
2007-09-12,212100,22.899999618530273,22.399999618530273,23.979999542236328,20.93000030517578,9.196792602539062
2007-09-11,67300,23.299999237060547,23.15999984741211,23.420000076293945,23.0,9.508827209472656
2007-09-10,37400,23.399999618530273,23.350000381469727,23.649999618530273,23.290000915527344,9.586836814880371
2007-09-07,20600,23.229999542236328,23.43000030517578,23.440000534057617,23.190000534057617,9.619682312011719
2007-09-06,29300,23.549999237060547,23.309999465942383,23.549999237060547,23.209999084472656,9.570412635803223
2007-09-05,54500,23.5,23.549999237060547,23.59000015258789,23.110000610351562,9.66894817352295
2007-09-04,29700,23.8700008392334,23.440000534057617,23.8700008392334,23.260000228881836,9.623788833618164
2007-08-31,17100,23.549999237060547,24.110000610351562,24.110000610351562,23.450000762939453,9.898870468139648
2007-08-30,108500,23.299999237060547,23.530000686645508,23.549999237060547,23.170000076293945,9.660737037658691
2007-08-29,26200,23.350000381469727,23.440000534057617,23.469999313354492,23.25,9.623788833618164
2007-08-28,16300,23.920000076293945,23.770000457763672,23.920000076293945,23.600000381469727,9.595868110656738
2007-08-27,31700,24.100000381469727,23.920000076293945,24.190000534057617,23.700000762939453,9.65641975402832
2007-08-24,24000,24.0,24.149999618530273,24.190000534057617,23.8700008392334,9.749271392822266
2007-08-23,34000,23.25,23.90999984741211,23.969999313354492,23.25,9.652385711669922
2007-08-22,59500,23.25,23.549999237060547,23.549999237060547,23.25,9.507055282592773
2007-08-21,33800,23.200000762939453,23.229999542236328,23.239999771118164,22.950000762939453,9.377870559692383
2007-08-20,73000,22.600000381469727,23.18000030517578,23.18000030517578,22.299999237060547,9.357684135437012
2007-08-17,149100,22.399999618530273,22.950000762939453,22.950000762939453,22.299999237060547,9.264837265014648
2007-08-16,141500,22.3700008392334,22.270000457763672,22.600000381469727,21.200000762939453,8.990323066711426
2007-08-15,34800,22.739999771118164,22.59000015258789,22.799999237060547,22.219999313354492,9.11950397491455
2007-08-14,53200,22.700000762939453,22.690000534057617,22.729999542236328,22.399999618530273,9.15987491607666
2007-08-13,39700,22.899999618530273,23.0,23.149999618530273,22.65999984741211,9.285022735595703
2007-08-10,29800,23.149999618530273,22.850000381469727,23.290000915527344,22.6299991607666,9.224466323852539
2007-08-09,38300,23.450000762939453,23.350000381469727,23.579999923706055,22.899999618530273,9.42631721496582
2007-08-08,45000,23.31999969482422,23.799999237060547,23.8799991607666,23.31999969482422,9.607978820800781
2007-08-07,46000,23.31999969482422,23.450000762939453,23.579999923706055,23.260000228881836,9.46668529510498
2007-08-06,23300,23.829999923706055,23.440000534057617,23.829999923706055,23.260000228881836,9.462651252746582
2007-08-03,24400,24.0,23.8700008392334,24.200000762939453,23.809999465942383,9.636239051818848
2007-08-02,15800,23.649999618530273,24.1200008392334,24.139999389648438,23.5,9.737164497375488
2007-08-01,13100,23.75,23.670000076293945,23.75,23.510000228881836,9.555498123168945
2007-07-31,17900,23.549999237060547,23.739999771118164,23.93000030517578,23.530000686645508,9.583758354187012
2007-07-30,26500,23.549999237060547,23.549999237060547,23.809999465942383,23.450000762939453,9.507055282592773
2007-07-27,25300,23.399999618530273,23.600000381469727,23.6200008392334,23.399999618530273,9.527242660522461
2007-07-26,59100,24.0,23.399999618530273,24.0,23.389999389648438,9.446501731872559
2007-07-25,21800,24.06999969482422,23.84000015258789,24.100000381469727,23.84000015258789,9.624125480651855
2007-07-24,34300,24.18000030517578,24.06999969482422,24.25,24.010000228881836,9.716975212097168
2007-07-23,18900,24.25,24.219999313354492,24.270000457763672,24.200000762939453,9.777531623840332
2007-07-20,31100,24.239999771118164,24.25,24.25,24.170000076293945,9.789636611938477
2007-07-19,53100,24.219999313354492,24.239999771118164,24.34000015258789,24.219999313354492,9.785604476928711
2007-07-18,31600,24.25,24.25,24.299999237060547,24.15999984741211,9.789636611938477
2007-07-17,34700,24.290000915527344,24.280000686645508,24.3799991607666,24.170000076293945,9.801755905151367
2007-07-16,48100,24.31999969482422,24.31999969482422,24.3799991607666,24.139999389648438,9.817901611328125
2007-07-13,35500,24.25,24.350000381469727,24.3799991607666,24.239999771118164,9.830012321472168
2007-07-12,17000,24.209999084472656,24.299999237060547,24.399999618530273,24.209999084472656,9.809830665588379
2007-07-11,34700,24.350000381469727,24.350000381469727,24.5,24.25,9.830012321472168
2007-07-10,32800,24.420000076293945,24.43000030517578,24.56999969482422,24.329999923706055,9.862306594848633
2007-07-09,48200,24.389999389648438,24.31999969482422,24.459999084472656,24.239999771118164,9.817901611328125
2007-07-06,21800,24.479999542236328,24.389999389648438,24.479999542236328,24.31999969482422,9.846159934997559
2007-07-05,28800,24.549999237060547,24.469999313354492,24.549999237060547,24.270000457763672,9.87845516204834
2007-07-03,31900,24.5,24.5,24.5,24.309999465942383,9.890565872192383
2007-07-02,29300,24.280000686645508,24.399999618530273,24.440000534057617,24.260000228881836,9.850197792053223
2007-06-29,19900,24.399999618530273,24.360000610351562,24.489999771118164,24.25,9.834047317504883
2007-06-28,35500,24.100000381469727,24.25,24.280000686645508,24.09000015258789,9.789636611938477
2007-06-27,55900,23.969999313354492,24.219999313354492,24.229999542236328,23.959999084472656,9.777531623840332
2007-06-26,31100,24.15999984741211,24.139999389648438,24.270000457763672,23.989999771118164,9.74523639678955
2007-06-25,31200,24.360000610351562,24.190000534057617,24.360000610351562,24.149999618530273,9.765419006347656
2007-06-22,34700,24.270000457763672,24.40999984741211,24.420000076293945,24.139999389648438,9.85423469543457
2007-06-21,85600,24.600000381469727,24.309999465942383,24.600000381469727,24.290000915527344,9.813861846923828
2007-06-20,83500,25.0,24.549999237060547,25.0,24.520000457763672,9.910752296447754
2007-06-19,30200,24.850000381469727,24.899999618530273,25.0,24.84000015258789,10.052044868469238
2007-06-18,28500,24.65999984741211,24.899999618530273,24.899999618530273,24.65999984741211,10.052044868469238
2007-06-15,50000,24.350000381469727,24.65999984741211,24.790000915527344,24.219999313354492,9.955156326293945
2007-06-14,55000,24.15999984741211,24.260000228881836,24.420000076293945,23.959999084472656,9.79367733001709
2007-06-13,62600,23.950000762939453,24.1299991607666,24.149999618530273,23.799999237060547,9.741198539733887
2007-06-12,45600,24.299999237060547,24.0,24.299999237060547,23.959999084472656,9.68871784210205
2007-06-11,30500,24.299999237060547,24.329999923706055,24.350000381469727,24.110000610351562,9.82193660736084
2007-06-08,44700,24.3799991607666,24.270000457763672,24.3799991607666,24.030000686645508,9.797718048095703
2007-06-07,177000,24.540000915527344,24.420000076293945,24.600000381469727,24.1299991607666,9.858270645141602
2007-06-06,54600,24.850000381469727,24.68000030517578,24.8799991607666,24.610000610351562,9.963231086730957
2007-06-05,38300,24.81999969482422,24.790000915527344,24.940000534057617,24.75,10.007640838623047
2007-06-04,22700,25.0,24.90999984741211,25.0,24.829999923706055,10.056082725524902
2007-06-01,34000,24.860000610351562,25.010000228881836,25.010000228881836,24.799999237060547,10.096452713012695
2007-05-31,15200,25.100000381469727,25.010000228881836,25.100000381469727,25.010000228881836,10.096452713012695
2007-05-30,53600,25.049999237060547,25.079999923706055,25.110000610351562,25.0,10.124709129333496
2007-05-29,39000,25.43000030517578,25.5,25.540000915527344,25.43000030517578,10.133593559265137
2007-05-25,42300,25.40999984741211,25.5,25.56999969482422,25.40999984741211,10.133593559265137
2007-05-24,22600,25.5,25.40999984741211,25.549999237060547,25.3700008392334,10.097825050354004
2007-05-23,30200,25.479999542236328,25.5,25.540000915527344,25.40999984741211,10.133593559265137
2007-05-22,18800,25.5,25.5,25.5,25.459999084472656,10.133593559265137
2007-05-21,17100,25.5,25.469999313354492,25.540000915527344,25.450000762939453,10.121670722961426
2007-05-18,28900,25.600000381469727,25.5,25.600000381469727,25.489999771118164,10.133593559265137
2007-05-17,77000,25.700000762939453,25.600000381469727,25.700000762939453,25.510000228881836,10.173330307006836
2007-05-16,37900,25.780000686645508,25.65999984741211,25.799999237060547,25.559999465942383,10.197175025939941
2007-05-15,56500,25.799999237060547,25.790000915527344,25.829999923706055,25.75,10.248839378356934
2007-05-14,109100,25.899999618530273,25.860000610351562,25.899999618530273,25.770000457763672,10.276654243469238
2007-05-11,15900,25.809999465942383,25.799999237060547,25.809999465942383,25.770000457763672,10.252808570861816
2007-05-10,51700,25.770000457763672,25.760000228881836,25.81999969482422,25.760000228881836,10.236913681030273
2007-05-09,30000,25.799999237060547,25.780000686645508,25.889999389648438,25.770000457763672,10.244860649108887
2007-05-08,16600,25.8799991607666,25.84000015258789,25.8799991607666,25.799999237060547,10.26871109008789
2007-05-07,34500,25.799999237060547,25.829999923706055,25.8799991607666,25.770000457763672,10.264734268188477
2007-05-04,13200,25.84000015258789,25.850000381469727,25.850000381469727,25.780000686645508,10.27268123626709
2007-05-03,82700,25.860000610351562,25.81999969482422,25.920000076293945,25.790000915527344,10.260759353637695
2007-05-02,36500,25.81999969482422,25.889999389648438,25.889999389648438,25.780000686645508,10.288573265075684
2007-05-01,27100,25.979999542236328,25.829999923706055,25.979999542236328,25.81999969482422,10.264734268188477
2007-04-30,30100,25.979999542236328,25.969999313354492,25.979999542236328,25.8799991607666,10.320368766784668
2007-04-27,28000,25.899999618530273,25.920000076293945,25.979999542236328,25.84000015258789,10.300497055053711
2007-04-26,17800,25.899999618530273,25.809999465942383,25.899999618530273,25.809999465942383,10.256783485412598
2007-04-25,31400,25.8799991607666,25.860000610351562,25.90999984741211,25.81999969482422,10.276654243469238
2007-04-24,46800,25.93000030517578,25.90999984741211,26.0,25.8700008392334,10.296521186828613
2007-04-23,32400,25.8799991607666,25.889999389648438,25.940000534057617,25.850000381469727,10.288573265075684
2007-04-20,22100,25.850000381469727,25.899999618530273,25.899999618530273,25.799999237060547,10.292550086975098
2007-04-19,22200,25.809999465942383,25.81999969482422,25.8700008392334,25.780000686645508,10.260759353637695
2007-04-18,34800,25.899999618530273,25.860000610351562,25.940000534057617,25.799999237060547,10.276654243469238
2007-04-17,39600,25.969999313354492,25.920000076293945,25.979999542236328,25.8799991607666,10.300497055053711
2007-04-16,25800,25.899999618530273,25.8799991607666,25.93000030517578,25.84000015258789,10.2846040725708
2007-04-13,29200,25.979999542236328,25.940000534057617,26.030000686645508,25.8700008392334,10.308443069458008
2007-04-12,26700,25.979999542236328,25.93000030517578,25.989999771118164,25.8799991607666,10.304471015930176
2007-04-11,65300,25.889999389648438,25.93000030517578,25.940000534057617,25.860000610351562,10.304471015930176
2007-04-10,24600,25.899999618530273,25.889999389648438,25.93000030517578,25.8700008392334,10.288573265075684
2007-04-09,54400,26.040000915527344,25.8799991607666,26.040000915527344,25.799999237060547,10.2846040725708
2007-04-05,18400,26.020000457763672,26.020000457763672,26.049999237060547,25.93000030517578,10.340239524841309
2007-04-04,34100,25.8700008392334,25.979999542236328,26.010000228881836,25.8700008392334,10.324341773986816
2007-04-03,25100,25.8799991607666,25.889999389648438,25.940000534057617,25.84000015258789,10.288573265075684
2007-04-02,26200,25.81999969482422,25.850000381469727,25.920000076293945,25.799999237060547,10.27268123626709
2007-03-30,15100,25.829999923706055,25.81999969482422,25.829999923706055,25.68000030517578,10.260759353637695
2007-03-29,47200,25.670000076293945,25.729999542236328,25.770000457763672,25.639999389648438,10.224992752075195
2007-03-28,43100,25.75,25.709999084472656,25.770000457763672,25.670000076293945,10.217042922973633
2007-03-27,41800,25.75,25.700000762939453,25.809999465942383,25.649999618530273,10.213068962097168
2007-03-26,21100,25.809999465942383,25.709999084472656,25.809999465942383,25.700000762939453,10.217042922973633
2007-03-23,30800,25.780000686645508,25.799999237060547,25.84000015258789,25.670000076293945,10.252808570861816
2007-03-22,34400,25.700000762939453,25.760000228881836,25.799999237060547,25.639999389648438,10.236913681030273
2007-03-21,41000,25.700000762939453,25.739999771118164,25.75,25.610000610351562,10.228965759277344
2007-03-20,131200,25.739999771118164,25.739999771118164,25.770000457763672,25.610000610351562,10.228965759277344
2007-03-19,34900,25.899999618530273,25.799999237060547,25.899999618530273,25.790000915527344,10.252808570861816
2007-03-16,35700,25.889999389648438,25.899999618530273,25.899999618530273,25.809999465942383,10.292550086975098
2007-03-15,190500,25.719999313354492,25.860000610351562,25.8799991607666,25.68000030517578,10.276654243469238
2007-03-14,33600,25.719999313354492,25.719999313354492,25.799999237060547,25.670000076293945,10.221019744873047
2007-03-13,143600,25.719999313354492,25.760000228881836,25.780000686645508,25.68000030517578,10.236913681030273
2007-03-12,32400,25.799999237060547,25.770000457763672,25.809999465942383,25.709999084472656,10.240888595581055
2007-03-09,42400,25.649999618530273,25.709999084472656,25.729999542236328,25.3799991607666,10.217042922973633
2007-03-08,283900,25.3799991607666,25.649999618530273,25.670000076293945,25.3799991607666,10.193202018737793
2007-03-07,26900,25.5,25.549999237060547,25.559999465942383,25.450000762939453,10.153459548950195
2007-03-06,25900,25.3799991607666,25.459999084472656,25.469999313354492,25.360000610351562,10.117696762084961
2007-03-05,27700,25.399999618530273,25.40999984741211,25.420000076293945,25.309999465942383,10.097825050354004
2007-03-02,55000,25.489999771118164,25.329999923706055,25.5,25.329999923706055,10.066031455993652
2007-03-01,19500,25.549999237060547,25.43000030517578,25.559999465942383,25.420000076293945,10.1057767868042
2007-02-28,349600,25.5,25.540000915527344,25.540000915527344,25.3799991607666,10.14948844909668
2007-02-27,35300,25.350000381469727,25.5,25.549999237060547,25.350000381469727,10.133593559265137
2007-02-26,72100,25.709999084472656,25.780000686645508,25.780000686645508,25.700000762939453,10.086697578430176
2007-02-23,19100,25.6200008392334,25.6299991607666,25.670000076293945,25.549999237060547,10.028009414672852
2007-02-22,29500,25.579999923706055,25.579999923706055,26.0,25.520000457763672,10.008444786071777
2007-02-21,49700,25.700000762939453,25.579999923706055,25.760000228881836,25.520000457763672,10.008444786071777
2007-02-20,38400,25.760000228881836,25.709999084472656,25.790000915527344,25.700000762939453,10.059309959411621
2007-02-16,39900,25.920000076293945,25.739999771118164,25.920000076293945,25.739999771118164,10.071045875549316
2007-02-15,159500,25.959999084472656,25.84000015258789,25.959999084472656,25.799999237060547,10.110177040100098
2007-02-14,57100,25.670000076293945,25.889999389648438,26.010000228881836,25.540000915527344,10.129735946655273
2007-02-13,54300,25.81999969482422,25.729999542236328,25.81999969482422,25.65999984741211,10.067137718200684
2007-02-12,27600,25.799999237060547,25.709999084472656,25.81999969482422,25.700000762939453,10.059309959411621
2007-02-09,29500,25.799999237060547,25.770000457763672,25.940000534057617,25.75,10.082785606384277
2007-02-08,45500,25.760000228881836,25.770000457763672,25.84000015258789,25.729999542236328,10.082785606384277
2007-02-07,51000,25.850000381469727,25.81999969482422,25.850000381469727,25.709999084472656,10.102350234985352
2007-02-06,106300,25.889999389648438,25.770000457763672,25.940000534057617,25.739999771118164,10.082785606384277
2007-02-05,76600,25.84000015258789,25.889999389648438,26.020000457763672,25.84000015258789,10.129735946655273
2007-02-02,41600,25.809999465942383,25.90999984741211,25.989999771118164,25.799999237060547,10.137558937072754
2007-02-01,133500,25.889999389648438,25.90999984741211,25.920000076293945,25.809999465942383,10.137558937072754
2007-01-31,24100,25.920000076293945,25.829999923706055,25.920000076293945,25.729999542236328,10.106263160705566
2007-01-30,33000,25.84000015258789,25.809999465942383,25.93000030517578,25.709999084472656,10.09843635559082
2007-01-29,21100,25.84000015258789,25.719999313354492,25.84000015258789,25.68000030517578,10.063227653503418
2007-01-26,16200,25.81999969482422,25.780000686645508,25.829999923706055,25.770000457763672,10.086697578430176
2007-01-25,68700,25.899999618530273,25.770000457763672,25.969999313354492,25.770000457763672,10.082785606384277
2007-01-24,279900,25.950000762939453,25.899999618530273,25.950000762939453,25.860000610351562,10.133651733398438
2007-01-23,36000,25.860000610351562,25.829999923706055,26.0,25.799999237060547,10.106263160705566
2007-01-22,39200,25.809999465942383,25.790000915527344,25.899999618530273,25.790000915527344,10.090612411499023
2007-01-19,72700,25.799999237060547,25.81999969482422,25.950000762939453,25.760000228881836,10.102350234985352
2007-01-18,43900,25.84000015258789,25.809999465942383,25.940000534057617,25.760000228881836,10.09843635559082
2007-01-17,29000,25.899999618530273,25.899999618530273,25.950000762939453,25.829999923706055,10.133651733398438
2007-01-16,36400,25.860000610351562,25.850000381469727,25.8799991607666,25.809999465942383,10.11408805847168
2007-01-12,30600,25.959999084472656,25.860000610351562,25.989999771118164,25.84000015258789,10.118001937866211
2007-01-11,146200,26.0,25.860000610351562,26.049999237060547,25.790000915527344,10.118001937866211
2007-01-10,36300,25.940000534057617,26.010000228881836,26.049999237060547,25.889999389648438,10.176691055297852
2007-01-09,21900,26.0,25.950000762939453,26.020000457763672,25.8799991607666,10.153213500976562
2007-01-08,45700,25.850000381469727,26.010000228881836,26.020000457763672,25.850000381469727,10.176691055297852
2007-01-05,26600,25.760000228881836,25.940000534057617,25.940000534057617,25.709999084472656,10.149297714233398
2007-01-04,81700,25.940000534057617,25.90999984741211,25.979999542236328,25.799999237060547,10.137558937072754
2007-01-03,34900,25.969999313354492,25.860000610351562,25.969999313354492,25.860000610351562,10.118001937866211
2006-12-29,10700,25.850000381469727,25.969999313354492,25.969999313354492,25.850000381469727,10.161040306091309
2006-12-28,12300,25.850000381469727,25.899999618530273,25.899999618530273,25.829999923706055,10.133651733398438
2006-12-27,21100,25.989999771118164,25.850000381469727,26.040000915527344,25.850000381469727,10.11408805847168
2006-12-26,13600,25.899999618530273,25.950000762939453,26.0,25.889999389648438,10.153213500976562
2006-12-22,9600,25.850000381469727,25.90999984741211,25.920000076293945,25.850000381469727,10.137558937072754
2006-12-21,14200,25.860000610351562,25.860000610351562,25.969999313354492,25.860000610351562,10.118001937866211
2006-12-20,25300,25.8700008392334,25.889999389648438,26.0,25.81999969482422,10.129735946655273
2006-12-19,56600,25.950000762939453,25.93000030517578,25.989999771118164,25.84000015258789,10.14538860321045
2006-12-18,23200,25.649999618530273,25.920000076293945,25.950000762939453,25.649999618530273,10.141474723815918
2006-12-15,28700,25.68000030517578,25.75,25.829999923706055,25.68000030517578,10.074958801269531
2006-12-14,43400,25.719999313354492,25.739999771118164,25.75,25.600000381469727,10.071045875549316
2006-12-13,75000,25.670000076293945,25.65999984741211,25.700000762939453,25.549999237060547,10.039749145507812
2006-12-12,37000,25.6200008392334,25.59000015258789,25.65999984741211,25.530000686645508,10.012360572814941
2006-12-11,26300,25.610000610351562,25.729999542236328,25.75,25.610000610351562,10.067137718200684
2006-12-08,64000,25.760000228881836,25.6200008392334,25.850000381469727,25.6200008392334,10.02409839630127
2006-12-07,212000,25.65999984741211,25.729999542236328,25.75,25.65999984741211,10.067137718200684
2006-12-06,294500,25.739999771118164,25.75,25.8700008392334,25.6200008392334,10.074958801269531
2006-12-05,44800,25.780000686645508,25.649999618530273,25.780000686645508,25.579999923706055,10.035835266113281
2006-12-04,41200,25.75,25.690000534057617,25.780000686645508,25.6299991607666,10.051483154296875
2006-12-01,94100,25.84000015258789,25.75,25.899999618530273,25.6299991607666,10.074958801269531
2006-11-30,48000,25.549999237060547,25.760000228881836,25.770000457763672,25.549999237060547,10.078871726989746
2006-11-29,112100,25.700000762939453,25.739999771118164,25.739999771118164,25.520000457763672,10.071045875549316
2006-11-28,24900,26.049999237060547,26.020000457763672,26.049999237060547,25.8700008392334,10.024882316589355
2006-11-27,25400,26.010000228881836,25.8700008392334,26.010000228881836,25.829999923706055,9.967092514038086
2006-11-24,9500,26.200000762939453,26.0,26.200000762939453,25.979999542236328,10.017172813415527
2006-11-22,31900,26.040000915527344,26.0,26.110000610351562,25.90999984741211,10.017172813415527
2006-11-21,78100,25.790000915527344,26.040000915527344,26.040000915527344,25.739999771118164,10.032585144042969
2006-11-20,32100,25.760000228881836,25.809999465942383,25.84000015258789,25.700000762939453,9.9439697265625
2006-11-17,35400,25.639999389648438,25.75,25.770000457763672,25.6299991607666,9.920853614807129
2006-11-16,43100,25.600000381469727,25.600000381469727,25.770000457763672,25.549999237060547,9.863061904907227
2006-11-15,74700,25.6299991607666,25.610000610351562,25.690000534057617,25.520000457763672,9.86691951751709
2006-11-14,161700,25.670000076293945,25.6299991607666,25.729999542236328,25.549999237060547,9.874622344970703
2006-11-13,95300,25.5,25.610000610351562,25.700000762939453,25.459999084472656,9.86691951751709
2006-11-10,23600,25.520000457763672,25.549999237060547,25.649999618530273,25.450000762939453,9.843796730041504
2006-11-09,27800,25.600000381469727,25.579999923706055,25.600000381469727,25.440000534057617,9.855358123779297
2006-11-08,19100,25.43000030517578,25.489999771118164,25.600000381469727,25.43000030517578,9.820682525634766
2006-11-07,20200,25.399999618530273,25.579999923706055,25.6200008392334,25.360000610351562,9.855358123779297
2006-11-06,24700,25.450000762939453,25.40999984741211,25.5,25.399999618530273,9.789862632751465
2006-11-03,21600,25.549999237060547,25.469999313354492,25.579999923706055,25.459999084472656,9.812978744506836
2006-11-02,95400,25.479999542236328,25.540000915527344,25.719999313354492,25.34000015258789,9.839947700500488
2006-11-01,46700,25.299999237060547,25.309999465942383,25.520000457763672,25.25,9.75133228302002
2006-10-31,71300,25.360000610351562,25.3799991607666,25.469999313354492,25.209999084472656,9.778303146362305
2006-10-30,61700,25.649999618530273,25.399999618530273,25.649999618530273,25.329999923706055,9.786005973815918
2006-10-27,29600,25.600000381469727,25.639999389648438,25.700000762939453,25.540000915527344,9.878473281860352
2006-10-26,51100,25.610000610351562,25.559999465942383,25.700000762939453,25.549999237060547,9.84765338897705
2006-10-25,25100,25.520000457763672,25.549999237060547,25.6299991607666,25.469999313354492,9.843796730041504
2006-10-24,50600,25.420000076293945,25.469999313354492,25.510000228881836,25.329999923706055,9.812978744506836
2006-10-23,279300,25.399999618530273,25.329999923706055,25.459999084472656,25.239999771118164,9.759038925170898
2006-10-20,17000,25.399999618530273,25.420000076293945,25.420000076293945,25.350000381469727,9.793712615966797
2006-10-19,27100,25.360000610351562,25.31999969482422,25.360000610351562,25.270000457763672,9.7551851272583
2006-10-18,49800,25.190000534057617,25.34000015258789,25.350000381469727,25.18000030517578,9.762889862060547
2006-10-17,322800,25.139999389648438,25.290000915527344,25.31999969482422,25.1200008392334,9.743627548217773
2006-10-16,116700,25.299999237060547,25.100000381469727,25.299999237060547,25.100000381469727,9.670426368713379
2006-10-13,34000,25.229999542236328,25.290000915527344,25.399999618530273,25.149999618530273,9.743627548217773
2006-10-12,32500,25.280000686645508,25.200000762939453,25.299999237060547,25.15999984741211,9.708951950073242
2006-10-11,50900,25.139999389648438,25.18000030517578,25.34000015258789,25.100000381469727,9.701249122619629
2006-10-10,50200,25.450000762939453,25.1299991607666,25.450000762939453,25.100000381469727,9.68198299407959
2006-10-09,17700,25.43000030517578,25.3799991607666,25.489999771118164,25.350000381469727,9.778303146362305
2006-10-06,33400,25.440000534057617,25.3799991607666,25.440000534057617,25.280000686645508,9.778303146362305
2006-10-05,53400,25.440000534057617,25.350000381469727,25.440000534057617,25.25,9.766745567321777
2006-10-04,154800,25.260000228881836,25.290000915527344,25.399999618530273,25.260000228881836,9.743627548217773
2006-10-03,56100,25.299999237060547,25.31999969482422,25.350000381469727,25.18000030517578,9.7551851272583
2006-10-02,48600,25.299999237060547,25.25,25.3700008392334,25.200000762939453,9.728221893310547
2006-09-29,31100,25.200000762939453,25.290000915527344,25.299999237060547,25.200000762939453,9.743627548217773
2006-09-28,143400,25.170000076293945,25.200000762939453,25.280000686645508,25.170000076293945,9.708951950073242
2006-09-27,362100,25.110000610351562,25.200000762939453,25.350000381469727,25.110000610351562,9.708951950073242
2006-09-26,54900,25.059999465942383,25.09000015258789,25.1200008392334,25.059999465942383,9.666571617126465
2006-09-25,43700,25.030000686645508,25.079999923706055,25.200000762939453,25.030000686645508,9.6627197265625
2006-09-22,51800,24.989999771118164,25.0,25.010000228881836,24.93000030517578,9.631900787353516
2006-09-21,51300,24.950000762939453,24.989999771118164,25.0,24.81999969482422,9.62804889678955
2006-09-20,134800,24.84000015258789,24.950000762939453,24.969999313354492,24.75,9.612634658813477
2006-09-19,49800,24.790000915527344,24.84000015258789,24.899999618530273,24.670000076293945,9.570255279541016
2006-09-18,40300,24.75,24.670000076293945,24.75,24.6299991607666,9.504758834838867
2006-09-15,22400,24.799999237060547,24.719999313354492,24.799999237060547,24.649999618530273,9.524019241333008
2006-09-14,34000,24.649999618530273,24.75,24.75,24.649999618530273,9.535581588745117
2006-09-13,45500,24.799999237060547,24.700000762939453,24.860000610351562,24.600000381469727,9.516318321228027
2006-09-12,59200,24.649999618530273,24.68000030517578,24.760000228881836,24.579999923706055,9.508609771728516
2006-09-11,163200,24.799999237060547,24.610000610351562,24.850000381469727,24.600000381469727,9.481640815734863
2006-09-08,77700,24.770000457763672,24.780000686645508,24.889999389648438,24.68000030517578,9.547139167785645
2006-09-07,131100,24.850000381469727,24.760000228881836,24.899999618530273,24.75,9.53943157196045
2006-09-06,53500,24.899999618530273,24.780000686645508,24.899999618530273,24.700000762939453,9.547139167785645
2006-09-05,19600,24.860000610351562,24.899999618530273,24.950000762939453,24.799999237060547,9.59337043762207
2006-09-01,25700,25.059999465942383,24.8700008392334,25.059999465942383,24.860000610351562,9.581814765930176
2006-08-31,268700,25.0,24.979999542236328,25.93000030517578,24.860000610351562,9.624190330505371
2006-08-30,55400,24.600000381469727,24.850000381469727,25.0,24.600000381469727,9.574106216430664
2006-08-29,62800,25.100000381469727,25.049999237060547,25.100000381469727,25.030000686645508,9.497822761535645
2006-08-28,67500,25.1200008392334,25.059999465942383,25.229999542236328,25.030000686645508,9.501612663269043
2006-08-25,41400,25.049999237060547,25.139999389648438,25.200000762939453,25.049999237060547,9.53194808959961
2006-08-24,38800,25.049999237060547,25.049999237060547,25.09000015258789,24.969999313354492,9.497822761535645
2006-08-23,57000,25.020000457763672,25.049999237060547,25.079999923706055,24.899999618530273,9.497822761535645
2006-08-22,321200,24.959999084472656,24.899999618530273,25.049999237060547,24.899999618530273,9.440951347351074
2006-08-21,48700,25.020000457763672,24.950000762939453,25.06999969482422,24.90999984741211,9.459907531738281
2006-08-18,239300,24.899999618530273,24.950000762939453,25.0,24.899999618530273,9.459907531738281
2006-08-17,30400,24.809999465942383,24.899999618530273,24.940000534057617,24.809999465942383,9.440951347351074
2006-08-16,87400,24.81999969482422,24.790000915527344,25.25,24.68000030517578,9.39924144744873
2006-08-15,31000,24.56999969482422,24.709999084472656,24.81999969482422,24.549999237060547,9.368911743164062
2006-08-14,18900,24.600000381469727,24.56999969482422,24.670000076293945,24.5,9.315827369689941
2006-08-11,43800,24.75,24.670000076293945,24.81999969482422,24.670000076293945,9.353743553161621
2006-08-10,27500,24.799999237060547,24.719999313354492,24.93000030517578,24.600000381469727,9.372699737548828
2006-08-09,23000,24.950000762939453,24.8700008392334,24.950000762939453,24.760000228881836,9.42957878112793
2006-08-08,14700,24.65999984741211,24.899999618530273,24.899999618530273,24.65999984741211,9.440951347351074
2006-08-07,15300,24.5,24.799999237060547,24.799999237060547,24.450000762939453,9.403034210205078
2006-08-04,32300,24.65999984741211,24.510000228881836,24.65999984741211,24.450000762939453,9.29308032989502
2006-08-03,21000,24.6299991607666,24.6299991607666,24.690000534057617,24.479999542236328,9.338577270507812
2006-08-02,29000,24.350000381469727,24.450000762939453,24.479999542236328,24.299999237060547,9.270331382751465
2006-08-01,28400,24.469999313354492,24.399999618530273,24.579999923706055,24.350000381469727,9.251373291015625
2006-07-31,32400,24.6299991607666,24.40999984741211,24.6299991607666,24.40999984741211,9.255166053771973
2006-07-28,22800,24.479999542236328,24.639999389648438,24.639999389648438,24.450000762939453,9.342368125915527
2006-07-27,74100,24.3799991607666,24.549999237060547,24.75,24.3799991607666,9.308243751525879
2006-07-26,84600,24.149999618530273,24.469999313354492,24.530000686645508,24.1200008392334,9.277913093566895
2006-07-25,44700,24.149999618530273,24.209999084472656,24.239999771118164,24.100000381469727,9.179332733154297
2006-07-24,57400,24.149999618530273,24.18000030517578,24.350000381469727,24.110000610351562,9.167959213256836
2006-07-21,50700,24.18000030517578,24.200000762939453,24.290000915527344,24.100000381469727,9.175540924072266
2006-07-20,62900,24.399999618530273,24.270000457763672,24.399999618530273,24.110000610351562,9.202081680297852
2006-07-19,90900,24.450000762939453,24.350000381469727,24.450000762939453,24.030000686645508,9.232414245605469
2006-07-18,40700,24.440000534057617,24.270000457763672,24.440000534057617,24.040000915527344,9.202081680297852
2006-07-17,38500,24.5,24.40999984741211,24.579999923706055,24.239999771118164,9.255166053771973
2006-07-14,58600,24.329999923706055,24.600000381469727,24.600000381469727,24.049999237060547,9.327202796936035
2006-07-13,66200,24.149999618530273,24.25,24.290000915527344,23.959999084472656,9.19449520111084
2006-07-12,173200,24.1200008392334,24.0,24.200000762939453,23.920000076293945,9.099712371826172
2006-07-11,29900,23.809999465942383,24.020000457763672,24.170000076293945,23.809999465942383,9.107293128967285
2006-07-10,34200,23.549999237060547,23.850000381469727,23.979999542236328,23.549999237060547,9.04283618927002
2006-07-07,46800,23.360000610351562,23.700000762939453,23.75,23.360000610351562,8.985960006713867
2006-07-06,701900,23.309999465942383,23.399999618530273,23.40999984741211,23.309999465942383,8.872214317321777
2006-07-05,26500,23.399999618530273,23.260000228881836,23.440000534057617,23.219999313354492,8.819138526916504
2006-07-03,7000,23.31999969482422,23.440000534057617,23.450000762939453,23.31999969482422,8.887382507324219
2006-06-30,20500,23.270000457763672,23.440000534057617,23.440000534057617,23.260000228881836,8.887382507324219
2006-06-29,97800,23.049999237060547,23.219999313354492,23.219999313354492,23.010000228881836,8.803967475891113
2006-06-28,44300,23.049999237060547,22.979999542236328,23.170000076293945,22.979999542236328,8.712972640991211
2006-06-27,34700,22.950000762939453,23.100000381469727,23.1200008392334,22.950000762939453,8.758471488952637
2006-06-26,70400,23.100000381469727,22.950000762939453,23.149999618530273,22.889999389648438,8.70159912109375
2006-06-23,22500,23.09000015258789,23.1200008392334,23.18000030517578,23.059999465942383,8.766054153442383
2006-06-22,31400,23.190000534057617,23.15999984741211,23.229999542236328,23.079999923706055,8.781219482421875
2006-06-21,44100,23.149999618530273,23.110000610351562,23.239999771118164,23.079999923706055,8.762260437011719
2006-06-20,25000,23.360000610351562,23.149999618530273,23.40999984741211,23.139999389648438,8.777425765991211
2006-06-19,46100,23.850000381469727,23.40999984741211,23.850000381469727,23.399999618530273,8.876008033752441
2006-06-16,30100,23.920000076293945,23.770000457763672,23.940000534057617,23.75,9.012504577636719
2006-06-15,38100,23.899999618530273,23.889999389648438,23.950000762939453,23.760000228881836,9.058001518249512
2006-06-14,30700,24.0,23.969999313354492,24.079999923706055,23.889999389648438,9.088333129882812
2006-06-13,22400,24.1200008392334,24.030000686645508,24.1200008392334,24.0,9.111087799072266
2006-06-12,35300,24.030000686645508,24.049999237060547,24.100000381469727,23.959999084472656,9.118669509887695
2006-06-09,800500,23.8700008392334,24.0,24.059999465942383,23.8700008392334,9.099712371826172
2006-06-08,21700,23.889999389648438,23.84000015258789,23.979999542236328,23.81999969482422,9.039045333862305
2006-06-07,56800,23.950000762939453,23.850000381469727,24.0,23.799999237060547,9.04283618927002
2006-06-06,41700,23.950000762939453,23.829999923706055,23.950000762939453,23.75,9.03525161743164
2006-06-05,50900,23.8799991607666,23.770000457763672,23.889999389648438,23.75,9.012504577636719
2006-06-02,25600,23.75,23.8799991607666,23.920000076293945,23.75,9.054211616516113
2006-06-01,50900,23.530000686645508,23.59000015258789,23.690000534057617,23.520000457763672,8.944257736206055
2006-05-31,36900,23.600000381469727,23.649999618530273,23.709999084472656,23.59000015258789,8.967004776000977
2006-05-30,49500,23.889999389648438,23.600000381469727,23.889999389648438,23.600000381469727,8.948049545288086
2006-05-26,18900,23.969999313354492,24.100000381469727,24.100000381469727,23.969999313354492,8.986721992492676
2006-05-25,18900,23.90999984741211,23.950000762939453,24.149999618530273,23.90999984741211,8.930788040161133
2006-05-24,22200,24.0,23.979999542236328,24.020000457763672,23.899999618530273,8.941975593566895
2006-05-23,47600,23.90999984741211,23.899999618530273,24.100000381469727,23.81999969482422,8.912142753601074
2006-05-22,29200,23.93000030517578,23.899999618530273,24.010000228881836,23.899999618530273,8.912142753601074
2006-05-19,40500,23.700000762939453,23.729999542236328,23.969999313354492,23.549999237060547,8.848750114440918
2006-05-18,35800,23.510000228881836,23.6299991607666,23.700000762939453,23.5,8.811457633972168
2006-05-17,38600,23.760000228881836,23.600000381469727,23.760000228881836,23.520000457763672,8.800276756286621
2006-05-16,46800,23.709999084472656,23.739999771118164,23.829999923706055,23.670000076293945,8.85247802734375
2006-05-15,59700,23.989999771118164,23.760000228881836,23.989999771118164,23.6200008392334,8.859939575195312
2006-05-12,27800,24.0,23.829999923706055,24.030000686645508,23.829999923706055,8.8860445022583
2006-05-11,24500,24.100000381469727,24.0,24.100000381469727,23.950000762939453,8.949431419372559
2006-05-10,50700,24.149999618530273,24.049999237060547,24.149999618530273,23.950000762939453,8.968080520629883
2006-05-09,56700,23.950000762939453,24.139999389648438,24.139999389648438,23.940000534057617,9.001636505126953
2006-05-08,39100,24.0,24.09000015258789,24.18000030517578,23.950000762939453,8.982995986938477
2006-05-05,23300,23.8799991607666,24.0,24.09000015258789,23.8799991607666,8.949431419372559
2006-05-04,18300,23.799999237060547,23.860000610351562,23.979999542236328,23.799999237060547,8.897228240966797
2006-05-03,46000,24.049999237060547,24.0,24.079999923706055,23.950000762939453,8.949431419372559
2006-05-02,22900,23.950000762939453,23.989999771118164,24.079999923706055,23.950000762939453,8.945704460144043
2006-05-01,38600,24.049999237060547,23.950000762939453,24.100000381469727,23.90999984741211,8.930788040161133
2006-04-28,34800,23.799999237060547,23.979999542236328,24.040000915527344,23.739999771118164,8.941975593566895
2006-04-27,29900,23.850000381469727,24.010000228881836,24.06999969482422,22.81999969482422,8.953163146972656
2006-04-26,44000,23.969999313354492,23.90999984741211,24.020000457763672,23.899999618530273,8.915875434875488
2006-04-25,45800,24.1299991607666,23.969999313354492,24.190000534057617,23.850000381469727,8.93824577331543
2006-04-24,159400,24.18000030517578,24.1299991607666,24.18000030517578,23.950000762939453,8.997909545898438
2006-04-21,79900,23.799999237060547,23.989999771118164,24.0,23.75,8.945704460144043
2006-04-20,78600,23.829999923706055,23.780000686645508,23.829999923706055,23.649999618530273,8.867396354675293
2006-04-19,75600,24.209999084472656,23.829999923706055,24.209999084472656,23.799999237060547,8.8860445022583
2006-04-18,29600,24.149999618530273,24.200000762939453,24.299999237060547,24.149999618530273,9.024011611938477
2006-04-17,37600,24.31999969482422,24.209999084472656,24.31999969482422,23.940000534057617,9.027740478515625
2006-04-13,26600,24.100000381469727,24.25,24.299999237060547,24.0,9.042654991149902
2006-04-12,45000,24.520000457763672,24.260000228881836,24.540000915527344,24.260000228881836,9.046384811401367
2006-04-11,39800,24.219999313354492,24.450000762939453,24.5,24.219999313354492,9.11723518371582
2006-04-10,50500,24.700000762939453,24.200000762939453,24.700000762939453,24.100000381469727,9.024011611938477
2006-04-07,50600,24.770000457763672,24.610000610351562,24.770000457763672,24.56999969482422,9.176897048950195
2006-04-06,31100,24.8799991607666,24.760000228881836,24.8799991607666,24.65999984741211,9.232831954956055
2006-04-05,23700,24.850000381469727,24.8799991607666,24.8799991607666,24.829999923706055,9.277578353881836
2006-04-04,48800,24.850000381469727,24.84000015258789,24.899999618530273,24.829999923706055,9.262664794921875
2006-04-03,24700,24.940000534057617,24.889999389648438,24.940000534057617,24.809999465942383,9.281307220458984
2006-03-31,47100,25.0,24.899999618530273,25.059999465942383,24.829999923706055,9.28503704071045
2006-03-30,26300,25.010000228881836,24.920000076293945,25.030000686645508,24.920000076293945,9.29249382019043
2006-03-29,47700,25.0,24.959999084472656,25.059999465942383,24.950000762939453,9.30741024017334
2006-03-28,104200,25.0,25.020000457763672,25.100000381469727,25.0,9.32978343963623
2006-03-27,33500,25.1200008392334,25.010000228881836,25.1299991607666,24.920000076293945,9.326055526733398
2006-03-24,32200,25.149999618530273,25.059999465942383,25.190000534057617,25.059999465942383,9.344698905944824
2006-03-23,41500,25.170000076293945,25.170000076293945,25.190000534057617,25.110000610351562,9.385717391967773
2006-03-22,60700,25.170000076293945,25.1200008392334,25.219999313354492,25.09000015258789,9.367074012756348
2006-03-21,48600,25.139999389648438,25.15999984741211,25.15999984741211,25.059999465942383,9.381987571716309
2006-03-20,33000,25.190000534057617,25.079999923706055,25.190000534057617,25.06999969482422,9.352156639099121
2006-03-17,91400,25.1200008392334,25.149999618530273,25.209999084472656,25.06999969482422,9.378260612487793
2006-03-16,181600,25.049999237060547,25.06999969482422,25.100000381469727,25.040000915527344,9.348429679870605
2006-03-15,27000,25.079999923706055,25.020000457763672,25.100000381469727,25.0,9.32978343963623
2006-03-14,45200,25.0,25.030000686645508,25.149999618530273,25.0,9.333513259887695
2006-03-13,60000,25.0,25.040000915527344,25.100000381469727,24.989999771118164,9.33724308013916
2006-03-10,26500,25.079999923706055,25.049999237060547,25.110000610351562,25.010000228881836,9.340970039367676
2006-03-09,34500,25.09000015258789,25.100000381469727,25.139999389648438,25.030000686645508,9.35961627960205
2006-03-08,38900,25.149999618530273,25.09000015258789,25.149999618530273,24.969999313354492,9.355884552001953
2006-03-07,25200,25.049999237060547,25.06999969482422,25.1299991607666,24.950000762939453,9.348429679870605
2006-03-06,145200,25.229999542236328,25.059999465942383,25.290000915527344,24.950000762939453,9.344698905944824
2006-03-03,310600,25.3799991607666,25.309999465942383,25.3799991607666,25.149999618530273,9.437921524047852
2006-03-02,31200,25.31999969482422,25.360000610351562,25.389999389648438,25.299999237060547,9.456567764282227
2006-03-01,144100,25.450000762939453,25.3700008392334,25.450000762939453,25.280000686645508,9.460296630859375
2006-02-28,36700,25.399999618530273,25.350000381469727,25.459999084472656,25.280000686645508,9.452837944030762
2006-02-27,35900,25.389999389648438,25.350000381469727,25.399999618530273,25.260000228881836,9.452837944030762
2006-02-24,12200,25.549999237060547,25.690000534057617,25.690000534057617,25.510000228881836,9.431212425231934
2006-02-23,54300,25.549999237060547,25.489999771118164,25.59000015258789,25.450000762939453,9.357787132263184
2006-02-22,34900,25.530000686645508,25.459999084472656,25.540000915527344,25.459999084472656,9.34677505493164
2006-02-21,39500,25.459999084472656,25.440000534057617,25.510000228881836,25.40999984741211,9.33942985534668
2006-02-17,13100,25.3799991607666,25.540000915527344,25.56999969482422,25.3799991607666,9.376143455505371
2006-02-16,27600,25.3799991607666,25.469999313354492,25.5,25.3799991607666,9.350443840026855
2006-02-15,88700,25.31999969482422,25.440000534057617,25.450000762939453,25.31999969482422,9.33942985534668
2006-02-14,103500,25.3799991607666,25.309999465942383,25.389999389648438,25.280000686645508,9.291706085205078
2006-02-13,32200,25.3799991607666,25.299999237060547,25.399999618530273,25.280000686645508,9.288034439086914
2006-02-10,27400,25.399999618530273,25.459999084472656,25.5,25.350000381469727,9.34677505493164
2006-02-09,27400,25.489999771118164,25.43000030517578,25.489999771118164,25.3799991607666,9.335761070251465
2006-02-08,33900,25.579999923706055,25.450000762939453,25.579999923706055,25.450000762939453,9.343103408813477
2006-02-07,37900,25.459999084472656,25.549999237060547,25.579999923706055,25.450000762939453,9.379814147949219
2006-02-06,36100,25.459999084472656,25.479999542236328,25.649999618530273,25.43000030517578,9.354119300842285
2006-02-03,466900,25.31999969482422,25.459999084472656,25.459999084472656,25.09000015258789,9.34677505493164
2006-02-02,125700,25.219999313354492,25.280000686645508,25.350000381469727,25.09000015258789,9.280692100524902
2006-02-01,129100,25.299999237060547,25.25,25.299999237060547,25.149999618530273,9.269679069519043
2006-01-31,23600,25.219999313354492,25.25,25.260000228881836,25.09000015258789,9.269679069519043
2006-01-30,34500,25.149999618530273,25.219999313354492,25.239999771118164,25.059999465942383,9.258665084838867
2006-01-27,43500,25.18000030517578,25.09000015258789,25.239999771118164,25.059999465942383,9.210939407348633
2006-01-26,38600,25.149999618530273,25.110000610351562,25.18000030517578,25.030000686645508,9.21828556060791
2006-01-25,37000,25.1200008392334,25.100000381469727,25.270000457763672,25.100000381469727,9.21461296081543
2006-01-24,31500,25.190000534057617,25.190000534057617,25.200000762939453,25.100000381469727,9.247652053833008
2006-01-23,30000,25.239999771118164,25.15999984741211,25.239999771118164,25.110000610351562,9.236637115478516
2006-01-20,52400,25.149999618530273,25.139999389648438,25.200000762939453,25.100000381469727,9.229293823242188
2006-01-19,45200,25.010000228881836,25.010000228881836,25.040000915527344,24.950000762939453,9.181572914123535
2006-01-18,43000,25.06999969482422,25.010000228881836,25.06999969482422,24.950000762939453,9.181572914123535
2006-01-17,32300,25.149999618530273,25.020000457763672,25.149999618530273,24.950000762939453,9.185240745544434
2006-01-13,128800,25.25,25.100000381469727,25.25,25.049999237060547,9.21461296081543
2006-01-12,98200,25.0,25.0,25.040000915527344,24.950000762939453,9.177902221679688
2006-01-11,27000,25.0,24.950000762939453,25.030000686645508,24.940000534057617,9.1595458984375
2006-01-10,57800,25.139999389648438,25.059999465942383,25.139999389648438,25.0,9.199926376342773
2006-01-09,70200,25.1299991607666,25.139999389648438,25.149999618530273,25.06999969482422,9.229293823242188
2006-01-06,21100,25.1200008392334,25.06999969482422,25.1200008392334,25.020000457763672,9.203598976135254
2006-01-05,51200,25.15999984741211,25.079999923706055,25.15999984741211,25.040000915527344,9.207267761230469
2006-01-04,25200,25.1200008392334,25.1299991607666,25.1299991607666,25.06999969482422,9.225626945495605
2006-01-03,72500,25.299999237060547,25.170000076293945,25.299999237060547,25.110000610351562,9.240310668945312
2005-12-30,10500,25.280000686645508,25.260000228881836,25.280000686645508,25.209999084472656,9.273350715637207
2005-12-29,31800,25.399999618530273,25.25,25.40999984741211,25.25,9.269679069519043
2005-12-28,59600,25.25,25.31999969482422,25.31999969482422,25.18000030517578,9.295376777648926
2005-12-27,24200,25.18000030517578,25.25,25.25,25.079999923706055,9.269679069519043
2005-12-23,140000,25.100000381469727,25.1200008392334,25.15999984741211,25.059999465942383,9.221954345703125
2005-12-22,74500,25.200000762939453,25.09000015258789,25.200000762939453,25.059999465942383,9.210939407348633
2005-12-21,106800,25.149999618530273,25.1299991607666,25.15999984741211,25.06999969482422,9.225626945495605
2005-12-20,114000,25.049999237060547,25.100000381469727,25.18000030517578,25.049999237060547,9.21461296081543
2005-12-19,23100,25.1200008392334,25.079999923706055,25.1200008392334,25.040000915527344,9.207267761230469
2005-12-16,60400,25.149999618530273,25.139999389648438,25.149999618530273,24.989999771118164,9.229293823242188
2005-12-15,36600,25.049999237060547,24.989999771118164,25.06999969482422,24.950000762939453,9.17423152923584
2005-12-14,134200,24.899999618530273,24.959999084472656,25.100000381469727,24.899999618530273,9.163215637207031
2005-12-13,95000,24.770000457763672,24.93000030517578,24.93000030517578,24.770000457763672,9.152205467224121
2005-12-12,27400,24.760000228881836,24.780000686645508,24.81999969482422,24.760000228881836,9.097134590148926
2005-12-09,47300,24.709999084472656,24.770000457763672,24.790000915527344,24.639999389648438,9.093463897705078
2005-12-08,65900,24.68000030517578,24.709999084472656,24.739999771118164,24.610000610351562,9.071438789367676
2005-12-07,227000,24.649999618530273,24.65999984741211,24.799999237060547,24.6200008392334,9.053079605102539
2005-12-06,138200,24.600000381469727,24.68000030517578,24.68000030517578,24.530000686645508,9.060420036315918
2005-12-05,116600,24.600000381469727,24.530000686645508,24.649999618530273,24.5,9.005353927612305
2005-12-02,318900,24.670000076293945,24.600000381469727,24.690000534057617,24.450000762939453,9.031054496765137
2005-12-01,184900,24.56999969482422,24.65999984741211,24.739999771118164,24.56999969482422,9.053079605102539
2005-11-30,129200,24.450000762939453,24.510000228881836,24.649999618530273,24.43000030517578,8.99801254272461
2005-11-29,62900,24.690000534057617,24.479999542236328,24.690000534057617,24.350000381469727,8.987000465393066
2005-11-28,53400,24.799999237060547,24.860000610351562,24.950000762939453,24.739999771118164,8.980389595031738
2005-11-25,8000,24.899999618530273,24.809999465942383,24.899999618530273,24.799999237060547,8.96232795715332
2005-11-23,29500,24.75,24.75,24.81999969482422,24.700000762939453,8.940654754638672
2005-11-22,57700,24.799999237060547,24.75,24.799999237060547,24.709999084472656,8.940654754638672
2005-11-21,53900,24.700000762939453,24.729999542236328,24.84000015258789,24.670000076293945,8.933427810668945
2005-11-18,40600,24.790000915527344,24.81999969482422,24.84000015258789,24.75,8.965938568115234
2005-11-17,38900,24.790000915527344,24.790000915527344,24.790000915527344,24.68000030517578,8.955106735229492
2005-11-16,49800,24.649999618530273,24.780000686645508,24.969999313354492,24.649999618530273,8.951493263244629
2005-11-15,263900,24.790000915527344,24.780000686645508,24.850000381469727,24.700000762939453,8.951493263244629
2005-11-14,118700,25.049999237060547,24.860000610351562,25.049999237060547,24.799999237060547,8.980389595031738
2005-11-11,28400,25.170000076293945,25.1200008392334,25.190000534057617,25.049999237060547,9.074315071105957
2005-11-10,70100,25.110000610351562,25.09000015258789,25.139999389648438,25.06999969482422,9.0634765625
2005-11-09,73200,25.200000762939453,25.059999465942383,25.200000762939453,25.0,9.052639961242676
2005-11-08,92300,25.149999618530273,25.200000762939453,25.25,25.1299991607666,9.103211402893066
2005-11-07,65900,25.1299991607666,25.110000610351562,25.139999389648438,25.06999969482422,9.070703506469727
2005-11-04,26600,25.09000015258789,25.100000381469727,25.139999389648438,25.040000915527344,9.067091941833496
2005-11-03,81200,25.149999618530273,25.09000015258789,25.149999618530273,25.030000686645508,9.0634765625
2005-11-02,110300,24.950000762939453,25.149999618530273,25.149999618530273,24.950000762939453,9.085152626037598
2005-11-01,27800,25.100000381469727,25.139999389648438,25.139999389648438,25.06999969482422,9.081536293029785
2005-10-31,30900,25.049999237060547,25.110000610351562,25.149999618530273,25.020000457763672,9.070703506469727
2005-10-28,12000,25.1299991607666,25.040000915527344,25.139999389648438,25.0,9.045416831970215
2005-10-27,105900,24.950000762939453,25.06999969482422,25.18000030517578,24.950000762939453,9.056253433227539
2005-10-26,82700,25.170000076293945,25.040000915527344,25.170000076293945,25.020000457763672,9.045416831970215
2005-10-25,66900,25.360000610351562,25.170000076293945,25.3700008392334,25.1200008392334,9.092374801635742
2005-10-24,32200,25.450000762939453,25.260000228881836,25.469999313354492,25.229999542236328,9.12488842010498
2005-10-21,27500,25.3700008392334,25.3700008392334,25.479999542236328,25.31999969482422,9.16462516784668
2005-10-20,40500,25.360000610351562,25.399999618530273,25.440000534057617,25.270000457763672,9.175459861755371
2005-10-19,58500,25.299999237060547,25.309999465942383,25.420000076293945,25.280000686645508,9.142949104309082
2005-10-18,165000,25.200000762939453,25.299999237060547,25.31999969482422,25.200000762939453,9.139335632324219
2005-10-17,72300,25.149999618530273,25.229999542236328,25.3700008392334,25.110000610351562,9.114047050476074
2005-10-14,83900,25.18000030517578,25.170000076293945,25.219999313354492,25.100000381469727,9.092374801635742
2005-10-13,88100,25.030000686645508,25.1299991607666,25.149999618530273,25.010000228881836,9.077926635742188
2005-10-12,64900,25.399999618530273,25.280000686645508,25.479999542236328,25.209999084472656,9.132111549377441
2005-10-11,97200,25.600000381469727,25.399999618530273,25.600000381469727,25.360000610351562,9.175459861755371
2005-10-10,33600,25.420000076293945,25.469999313354492,25.479999542236328,25.399999618530273,9.200746536254883
2005-10-07,116800,25.489999771118164,25.440000534057617,25.5,25.329999923706055,9.189908981323242
2005-10-06,26200,25.649999618530273,25.510000228881836,25.649999618530273,25.469999313354492,9.215193748474121
2005-10-05,85400,25.450000762939453,25.56999969482422,25.56999969482422,25.450000762939453,9.236872673034668
2005-10-04,37400,25.549999237060547,25.479999542236328,25.559999465942383,25.43000030517578,9.204362869262695
2005-10-03,26700,25.559999465942383,25.510000228881836,25.559999465942383,25.450000762939453,9.215193748474121
2005-09-30,23200,25.510000228881836,25.489999771118164,25.549999237060547,25.43000030517578,9.207971572875977
2005-09-29,62300,25.440000534057617,25.459999084472656,25.540000915527344,25.420000076293945,9.197136878967285
2005-09-28,85100,25.440000534057617,25.450000762939453,25.5,25.329999923706055,9.193523406982422
2005-09-27,97300,25.350000381469727,25.479999542236328,25.479999542236328,25.31999969482422,9.204362869262695
2005-09-26,41900,25.399999618530273,25.450000762939453,25.459999084472656,25.3700008392334,9.193523406982422
2005-09-23,26200,25.5,25.420000076293945,25.549999237060547,25.3700008392334,9.182686805725098
2005-09-22,80200,25.5,25.479999542236328,25.540000915527344,25.40999984741211,9.204362869262695
2005-09-21,303900,25.5,25.510000228881836,25.579999923706055,25.479999542236328,9.215193748474121
2005-09-20,39600,25.450000762939453,25.3799991607666,25.450000762939453,25.350000381469727,9.168234825134277
2005-09-19,63200,25.399999618530273,25.389999389648438,25.43000030517578,25.309999465942383,9.17184829711914
2005-09-16,88300,25.420000076293945,25.399999618530273,25.450000762939453,25.31999969482422,9.175459861755371
2005-09-15,46400,25.56999969482422,25.350000381469727,25.56999969482422,25.329999923706055,9.157398223876953
2005-09-14,97100,25.450000762939453,25.520000457763672,25.59000015258789,25.43000030517578,9.218807220458984
2005-09-13,211500,25.59000015258789,25.489999771118164,25.59000015258789,25.450000762939453,9.207971572875977
2005-09-12,385500,25.739999771118164,25.489999771118164,25.75,25.3799991607666,9.207971572875977
2005-09-09,39300,25.75,25.719999313354492,25.75,25.68000030517578,9.291058540344238
2005-09-08,77000,25.75,25.690000534057617,25.75,25.649999618530273,9.28022289276123
2005-09-07,106800,25.780000686645508,25.639999389648438,25.780000686645508,25.610000610351562,9.262158393859863
2005-09-06,374000,25.8799991607666,25.770000457763672,25.8799991607666,25.649999618530273,9.309120178222656
2005-09-02,249000,25.850000381469727,25.829999923706055,25.860000610351562,25.729999542236328,9.330795288085938
2005-09-01,267100,25.829999923706055,25.790000915527344,25.950000762939453,25.75,9.316346168518066
2005-08-31,284700,25.799999237060547,25.860000610351562,25.90999984741211,25.799999237060547,9.341634750366211
2005-08-30,195200,25.850000381469727,25.829999923706055,25.899999618530273,25.780000686645508,9.330795288085938
2005-08-29,85400,26.059999465942383,26.149999618530273,26.200000762939453,26.059999465942383,9.28022289276123
2005-08-26,69400,26.18000030517578,26.1200008392334,26.299999237060547,26.0,9.269571304321289
2005-08-25,104600,26.1200008392334,26.18000030517578,26.190000534057617,26.09000015258789,9.290863037109375
2005-08-24,86100,26.09000015258789,26.1299991607666,26.139999389648438,26.09000015258789,9.273120880126953
2005-08-23,124100,25.899999618530273,26.09000015258789,26.139999389648438,25.889999389648438,9.258925437927246
2005-08-22,144500,26.010000228881836,25.93000030517578,26.1200008392334,25.850000381469727,9.20214557647705
2005-08-19,64600,25.940000534057617,26.0,26.190000534057617,25.90999984741211,9.226985931396484
2005-08-18,67800,25.899999618530273,25.950000762939453,26.020000457763672,25.850000381469727,9.209243774414062
2005-08-17,102400,25.850000381469727,25.889999389648438,25.950000762939453,25.850000381469727,9.187948226928711
2005-08-16,267000,25.780000686645508,25.860000610351562,26.0,25.780000686645508,9.177306175231934
2005-08-15,88500,25.899999618530273,25.829999923706055,25.899999618530273,25.770000457763672,9.166658401489258
2005-08-12,220000,25.8700008392334,25.899999618530273,25.940000534057617,25.799999237060547,9.191497802734375
2005-08-11,36800,25.709999084472656,25.799999237060547,25.809999465942383,25.709999084472656,9.156010627746582
2005-08-10,295700,25.700000762939453,25.709999084472656,25.780000686645508,25.639999389648438,9.124068260192871
2005-08-09,100300,25.600000381469727,25.6299991607666,25.65999984741211,25.549999237060547,9.095678329467773
2005-08-08,84600,25.700000762939453,25.600000381469727,25.700000762939453,25.549999237060547,9.08503532409668
2005-08-05,131200,25.690000534057617,25.600000381469727,25.700000762939453,25.559999465942383,9.08503532409668
2005-08-04,171300,25.75,25.719999313354492,25.75,25.649999618530273,9.127619743347168
2005-08-03,79300,25.700000762939453,25.700000762939453,25.739999771118164,25.65999984741211,9.120523452758789
2005-08-02,116000,25.649999618530273,25.690000534057617,25.790000915527344,25.6299991607666,9.116973876953125
2005-08-01,124500,25.799999237060547,25.6200008392334,25.799999237060547,25.559999465942383,9.092134475708008
2005-07-29,67900,25.729999542236328,25.68000030517578,25.780000686645508,25.549999237060547,9.113426208496094
2005-07-28,71800,25.68000030517578,25.700000762939453,25.709999084472656,25.600000381469727,9.120523452758789
2005-07-27,162700,25.670000076293945,25.670000076293945,26.639999389648438,25.579999923706055,9.109872817993164
2005-07-26,92900,25.700000762939453,25.670000076293945,25.700000762939453,25.600000381469727,9.109872817993164
2005-07-25,288000,25.68000030517578,25.670000076293945,25.700000762939453,25.579999923706055,9.109872817993164
2005-07-22,119000,25.649999618530273,25.68000030517578,25.700000762939453,25.610000610351562,9.113426208496094
2005-07-21,228100,25.600000381469727,25.639999389648438,25.690000534057617,25.5,9.099226951599121
2005-07-20,223000,25.649999618530273,25.6299991607666,25.690000534057617,25.56999969482422,9.095678329467773
2005-07-19,229100,25.479999542236328,25.579999923706055,25.59000015258789,25.459999084472656,9.077936172485352
2005-07-18,341800,25.649999618530273,25.479999542236328,25.649999618530273,25.399999618530273,9.042448997497559
2005-07-15,280500,25.520000457763672,25.479999542236328,25.549999237060547,25.479999542236328,9.042448997497559
2005-07-14,476500,25.399999618530273,25.440000534057617,25.600000381469727,25.399999618530273,9.028253555297852
2005-07-13,267000,25.350000381469727,25.399999618530273,25.469999313354492,25.31999969482422,9.014060974121094
2005-07-12,186600,25.219999313354492,25.309999465942383,25.3799991607666,25.219999313354492,8.982115745544434
2005-07-11,145700,25.34000015258789,25.239999771118164,25.34000015258789,25.200000762939453,8.957274436950684
2005-07-08,166100,25.25,25.280000686645508,25.350000381469727,25.25,8.971471786499023
2005-07-07,552800,25.209999084472656,25.25,25.270000457763672,25.15999984741211,8.960824966430664
2005-07-06,479300,25.170000076293945,25.209999084472656,25.209999084472656,25.110000610351562,8.94662857055664
2005-07-05,461400,25.100000381469727,25.149999618530273,25.170000076293945,24.969999313354492,8.925334930419922
2005-07-01,357500,25.290000915527344,25.25,25.290000915527344,25.15999984741211,8.960824966430664
2005-06-30,698400,25.239999771118164,25.280000686645508,25.299999237060547,25.170000076293945,8.971471786499023
2005-06-29,538400,25.25,25.239999771118164,25.290000915527344,25.18000030517578,8.957274436950684
2005-06-28,131800,25.25,25.219999313354492,25.299999237060547,25.219999313354492,8.950179100036621
2005-06-27,415400,25.260000228881836,25.270000457763672,25.309999465942383,25.200000762939453,8.967923164367676
2005-06-24,233100,25.239999771118164,25.299999237060547,25.329999923706055,25.200000762939453,8.978569030761719
2005-06-23,137200,25.299999237060547,25.270000457763672,25.299999237060547,25.219999313354492,8.967923164367676
2005-06-22,956300,25.209999084472656,25.290000915527344,25.290000915527344,25.149999618530273,8.975018501281738
2005-06-21,532400,25.09000015258789,25.15999984741211,25.200000762939453,25.079999923706055,8.928882598876953
2005-06-20,267000,25.06999969482422,25.06999969482422,25.100000381469727,25.020000457763672,8.896944046020508
2005-06-17,186800,25.09000015258789,25.100000381469727,25.229999542236328,25.040000915527344,8.907591819763184
2005-06-16,787000,24.950000762939453,25.049999237060547,25.100000381469727,24.90999984741211,8.889847755432129
2005-06-15,2748700,25.0,24.93000030517578,25.040000915527344,24.84000015258789,8.847260475158691
