date,volume,open,close,high,low,adjclose
2018-11-02,9700,25.829999923706055,25.702999114990234,25.829999923706055,25.649999618530273,25.702999114990234
2018-11-01,7100,25.850000381469727,25.8799991607666,25.920000076293945,25.829999923706055,25.8799991607666
2018-10-31,14000,25.920000076293945,25.940000534057617,25.940000534057617,25.809999465942383,25.940000534057617
2018-10-30,13600,25.979999542236328,25.979999542236328,25.979999542236328,25.90999984741211,25.979999542236328
2018-10-29,24400,26.0,25.972999572753906,26.0,25.899999618530273,25.972999572753906
2018-10-26,19700,25.90999984741211,25.959999084472656,25.979999542236328,25.854999542236328,25.959999084472656
2018-10-25,17400,25.860000610351562,26.030000686645508,26.030000686645508,25.64699935913086,26.030000686645508
2018-10-24,21000,25.600000381469727,25.799999237060547,25.850000381469727,25.479999542236328,25.799999237060547
2018-10-23,20700,25.469999313354492,25.600000381469727,25.600000381469727,25.204999923706055,25.600000381469727
2018-10-22,30400,25.219999313354492,25.531999588012695,25.531999588012695,25.194000244140625,25.531999588012695
2018-10-19,23400,25.270000457763672,25.31999969482422,25.34000015258789,25.260000228881836,25.31999969482422
2018-10-18,25900,25.209999084472656,25.219999313354492,25.25,25.110000610351562,25.219999313354492
2018-10-17,37000,25.139999389648438,25.159000396728516,25.219999313354492,25.06999969482422,25.159000396728516
2018-10-16,42200,25.049999237060547,25.149999618530273,25.149999618530273,25.04400062561035,25.149999618530273
2018-10-15,26300,25.06999969482422,25.020000457763672,25.07200050354004,25.01099967956543,25.020000457763672
2018-10-12,58800,25.040000915527344,25.1200008392334,25.1200008392334,24.975000381469727,25.1200008392334
2018-10-11,39900,24.920000076293945,25.020000457763672,25.040000915527344,24.88599967956543,25.020000457763672
2018-10-10,55100,25.170000076293945,25.010000228881836,25.170000076293945,24.829999923706055,25.010000228881836
2018-10-09,16100,25.170000076293945,25.170000076293945,25.225000381469727,25.1299991607666,25.170000076293945
2018-10-08,14500,25.059999465942383,25.1200008392334,25.270000457763672,24.950000762939453,25.1200008392334
2018-10-05,12600,25.09000015258789,25.1200008392334,25.177000045776367,25.049999237060547,25.1200008392334
2018-10-04,38200,25.25,25.100000381469727,25.399999618530273,24.799999237060547,25.100000381469727
2018-10-03,18500,25.549999237060547,25.291000366210938,25.690000534057617,25.225000381469727,25.291000366210938
2018-10-02,20600,25.68000030517578,25.59000015258789,25.729999542236328,25.549999237060547,25.59000015258789
2018-10-01,27000,25.809999465942383,25.639999389648438,25.809999465942383,25.610000610351562,25.639999389648438
2018-09-28,3900,25.719999313354492,25.809999465942383,25.850000381469727,25.719999313354492,25.809999465942383
2018-09-27,16900,25.709999084472656,25.719999313354492,25.829999923706055,25.670000076293945,25.719999313354492
2018-09-26,16200,25.729999542236328,25.709999084472656,25.760000228881836,25.600000381469727,25.709999084472656
2018-09-25,29300,25.809999465942383,25.649999618530273,25.809999465942383,25.6200008392334,25.649999618530273
2018-09-24,18900,25.81999969482422,25.729999542236328,25.81999969482422,25.68000030517578,25.729999542236328
2018-09-21,14100,25.84000015258789,25.719999313354492,25.850000381469727,25.719999313354492,25.719999313354492
2018-09-20,52900,25.65999984741211,25.75,25.850000381469727,25.65999984741211,25.75
2018-09-19,21800,25.829999923706055,25.760000228881836,25.889999389648438,25.729999542236328,25.760000228881836
2018-09-18,17500,25.889999389648438,25.8700008392334,25.889999389648438,25.790000915527344,25.8700008392334
2018-09-17,24300,25.860000610351562,25.889999389648438,25.889999389648438,25.799999237060547,25.889999389648438
2018-09-14,10800,25.889999389648438,25.799999237060547,25.889999389648438,25.780000686645508,25.799999237060547
2018-09-13,33200,25.8700008392334,25.889999389648438,25.889999389648438,25.809999465942383,25.889999389648438
2018-09-12,17900,25.81999969482422,25.850000381469727,25.889999389648438,25.809999465942383,25.850000381469727
2018-09-11,42900,25.860000610351562,25.81999969482422,25.899999618530273,25.809999465942383,25.81999969482422
2018-09-10,20900,25.790000915527344,25.920000076293945,25.940000534057617,25.760000228881836,25.920000076293945
2018-09-07,9900,25.84000015258789,25.719999313354492,25.889999389648438,25.719999313354492,25.719999313354492
2018-09-06,14800,25.8799991607666,25.8700008392334,25.950000762939453,25.860000610351562,25.8700008392334
2018-09-05,15100,25.979999542236328,25.889999389648438,25.979999542236328,25.850000381469727,25.889999389648438
2018-09-04,55400,26.010000228881836,25.93000030517578,26.049999237060547,25.93000030517578,25.93000030517578
2018-08-31,289300,26.239999771118164,25.940000534057617,26.239999771118164,25.780000686645508,25.940000534057617
2018-08-30,14900,26.15999984741211,26.149999618530273,26.31999969482422,26.1299991607666,26.149999618530273
2018-08-29,38500,26.530000686645508,26.469999313354492,26.600000381469727,26.399999618530273,26.094999313354492
2018-08-28,50400,26.860000610351562,26.459999084472656,26.860000610351562,26.450000762939453,26.085140228271484
2018-08-27,13800,26.84000015258789,26.860000610351562,26.8799991607666,26.579999923706055,26.479475021362305
2018-08-24,32800,26.610000610351562,26.920000076293945,26.93000030517578,26.459999084472656,26.538623809814453
2018-08-23,2600,26.520000457763672,26.59000015258789,26.599000930786133,26.474000930786133,26.213298797607422
2018-08-22,5900,26.459999084472656,26.520000457763672,26.520000457763672,26.450000762939453,26.144290924072266
2018-08-21,6800,26.489999771118164,26.475000381469727,26.489999771118164,26.3700008392334,26.09992790222168
2018-08-20,5500,26.5,26.452999114990234,26.5,26.452999114990234,26.07823944091797
2018-08-17,7400,26.389999389648438,26.399999618530273,26.469999313354492,26.365999221801758,26.025991439819336
2018-08-16,6200,26.280000686645508,26.329999923706055,26.42099952697754,26.280000686645508,25.956981658935547
2018-08-15,7600,26.399999618530273,26.280000686645508,26.5,26.239999771118164,25.907691955566406
2018-08-14,9700,26.299999237060547,26.31999969482422,26.39900016784668,26.219999313354492,25.947124481201172
2018-08-13,6200,26.299999237060547,26.260000228881836,26.309999465942383,26.200000762939453,25.88797378540039
2018-08-10,2900,26.260000228881836,26.309999465942383,26.31999969482422,26.200000762939453,25.937265396118164
2018-08-09,4900,26.329999923706055,26.32200050354004,26.350000381469727,26.270000457763672,25.9490966796875
2018-08-08,7100,26.440000534057617,26.301000595092773,26.440000534057617,26.190000534057617,25.928394317626953
2018-08-07,10000,26.3700008392334,26.440000534057617,26.469999313354492,26.280000686645508,26.0654239654541
2018-08-06,12100,26.290000915527344,26.260000228881836,26.360000610351562,26.260000228881836,25.88797378540039
2018-08-03,5400,26.389999389648438,26.31999969482422,26.389999389648438,26.280000686645508,25.947124481201172
2018-08-02,11500,26.389999389648438,26.290000915527344,26.399999618530273,26.280000686645508,25.917551040649414
2018-08-01,6000,26.35700035095215,26.260000228881836,26.388999938964844,26.260000228881836,25.88797378540039
2018-07-31,6500,26.25200080871582,26.3799991607666,26.450000762939453,26.25200080871582,26.00627326965332
2018-07-30,10700,26.25,26.389999389648438,26.440000534057617,26.25,26.016132354736328
2018-07-27,6500,26.25,26.440000534057617,26.448999404907227,26.25,26.0654239654541
2018-07-26,4700,26.299999237060547,26.31999969482422,26.405000686645508,26.261999130249023,25.947124481201172
2018-07-25,6600,26.270000457763672,26.290000915527344,26.309999465942383,26.25,25.917551040649414
2018-07-24,10000,26.280000686645508,26.25,26.48900032043457,26.25,25.878116607666016
2018-07-23,6800,26.200000762939453,26.466999053955078,26.466999053955078,26.200000762939453,26.092041015625
2018-07-20,3300,26.309999465942383,26.420000076293945,26.547000885009766,26.239999771118164,26.04570770263672
2018-07-19,6000,26.1299991607666,26.329999923706055,26.469999313354492,26.1299991607666,25.956981658935547
2018-07-18,16000,26.270000457763672,26.1200008392334,26.437999725341797,26.079999923706055,25.749958038330078
2018-07-17,14400,26.219999313354492,26.170000076293945,26.454999923706055,26.139999389648438,25.79924964904785
2018-07-16,28700,26.641000747680664,26.200000762939453,26.670000076293945,26.15999984741211,25.828824996948242
2018-07-13,9300,26.719999313354492,26.59000015258789,26.81999969482422,26.579999923706055,26.213298797607422
2018-07-12,13000,26.719999313354492,26.679000854492188,26.719999313354492,26.479999542236328,26.30103874206543
2018-07-11,7600,26.729999542236328,26.56999969482422,26.729999542236328,26.472999572753906,26.19358253479004
2018-07-10,8200,26.639999389648438,26.719999313354492,26.739999771118164,26.591999053955078,26.34145736694336
2018-07-09,4100,26.489999771118164,26.469999313354492,26.790000915527344,26.43000030517578,26.094999313354492
2018-07-06,12700,26.549999237060547,26.6200008392334,26.81999969482422,26.549999237060547,26.242874145507812
2018-07-05,13800,26.549999237060547,26.360000610351562,26.672000885009766,26.360000610351562,25.98655891418457
2018-07-03,2900,26.59000015258789,26.55699920654297,26.690000534057617,26.51300048828125,26.18076515197754
2018-07-02,11800,26.639999389648438,26.59000015258789,26.639999389648438,26.43199920654297,26.213298797607422
2018-06-29,19200,26.350000381469727,26.389999389648438,26.670000076293945,26.29400062561035,26.016132354736328
2018-06-28,8500,26.5,26.510000228881836,26.510000228881836,26.27199935913086,26.134431838989258
2018-06-27,5400,26.35300064086914,26.520000457763672,26.559999465942383,26.240999221801758,26.144290924072266
2018-06-26,7600,26.239999771118164,26.426000595092773,26.4689998626709,26.239999771118164,26.05162239074707
2018-06-25,13600,26.40999984741211,26.459999084472656,26.530000686645508,26.31599998474121,26.085140228271484
2018-06-22,4900,26.520000457763672,26.450000762939453,26.520000457763672,26.40999984741211,26.07528305053711
2018-06-21,31900,26.40999984741211,26.5,26.530000686645508,26.40999984741211,26.124574661254883
2018-06-20,15900,26.6200008392334,26.420000076293945,26.6200008392334,26.40999984741211,26.04570770263672
2018-06-19,17900,26.68000030517578,26.520000457763672,26.68000030517578,26.149999618530273,26.144290924072266
2018-06-18,4300,26.579999923706055,26.68000030517578,26.68000030517578,26.510000228881836,26.302024841308594
2018-06-15,8800,26.649999618530273,26.579999923706055,26.649999618530273,26.343000411987305,26.203441619873047
2018-06-14,6700,26.549999237060547,26.459999084472656,26.549999237060547,26.270000457763672,26.085140228271484
2018-06-13,6400,26.639999389648438,26.469999313354492,26.639999389648438,26.461000442504883,26.094999313354492
2018-06-12,5200,26.510000228881836,26.558000564575195,26.700000762939453,26.461000442504883,26.181753158569336
2018-06-11,7900,26.729999542236328,26.56999969482422,26.729999542236328,26.43400001525879,26.19358253479004
2018-06-08,26600,26.639999389648438,26.670000076293945,26.68000030517578,26.389999389648438,26.292165756225586
2018-06-07,15700,26.579999923706055,26.6299991607666,26.6299991607666,26.503000259399414,26.252731323242188
2018-06-06,7200,26.479999542236328,26.530000686645508,26.530000686645508,26.229999542236328,26.154150009155273
2018-06-05,13600,26.2810001373291,26.540000915527344,26.540000915527344,26.2810001373291,26.16400909423828
2018-06-04,26000,26.290000915527344,26.34000015258789,26.350000381469727,26.200000762939453,25.966840744018555
2018-06-01,14500,26.239999771118164,26.31999969482422,26.354999542236328,26.191999435424805,25.947124481201172
2018-05-31,15500,26.010000228881836,26.170000076293945,26.191999435424805,26.010000228881836,25.79924964904785
2018-05-30,17900,26.110000610351562,26.041000366210938,26.1200008392334,25.899999618530273,25.672077178955078
2018-05-29,11700,26.3700008392334,26.40999984741211,26.489999771118164,26.1200008392334,25.666162490844727
2018-05-25,6800,26.309999465942383,26.15999984741211,26.360000610351562,26.15999984741211,25.42320442199707
2018-05-24,18300,26.110000610351562,26.270000457763672,26.270000457763672,26.040000915527344,25.530107498168945
2018-05-23,14500,25.93000030517578,26.040000915527344,26.049999237060547,25.860000610351562,25.30658531188965
2018-05-22,13000,25.940000534057617,25.979999542236328,26.059999465942383,25.88800048828125,25.248273849487305
2018-05-21,15900,25.989999771118164,25.90999984741211,26.059999465942383,25.90999984741211,25.180246353149414
2018-05-18,16000,25.940000534057617,25.90999984741211,26.03700065612793,25.889999389648438,25.180246353149414
2018-05-17,7900,26.100000381469727,26.040000915527344,26.100000381469727,25.950000762939453,25.30658531188965
2018-05-16,18900,25.989999771118164,26.010000228881836,26.209999084472656,25.920000076293945,25.277427673339844
2018-05-15,14600,26.149999618530273,26.030000686645508,26.290000915527344,26.020000457763672,25.296865463256836
2018-05-14,7500,26.229999542236328,26.290000915527344,26.290000915527344,25.989999771118164,25.549543380737305
2018-05-11,12400,26.260000228881836,26.229999542236328,26.260000228881836,26.04400062561035,25.49123191833496
2018-05-10,8200,26.06999969482422,26.239999771118164,26.270000457763672,26.06999969482422,25.50094985961914
2018-05-09,10200,26.219999313354492,26.06999969482422,26.290000915527344,26.06999969482422,25.335739135742188
2018-05-08,12100,26.06999969482422,26.219999313354492,26.239999771118164,26.06999969482422,25.48151397705078
2018-05-07,10900,26.030000686645508,26.209999084472656,26.239999771118164,26.030000686645508,25.47179412841797
2018-05-04,3600,26.200000762939453,26.229999542236328,26.239999771118164,26.0,25.49123191833496
2018-05-03,19900,25.95199966430664,26.190000534057617,26.190000534057617,25.90999984741211,25.45235824584961
2018-05-02,5300,26.030000686645508,26.09000015258789,26.09000015258789,26.0,25.35517692565918
2018-05-01,13500,25.90999984741211,25.989999771118164,25.989999771118164,25.874000549316406,25.257991790771484
2018-04-30,19300,25.81999969482422,25.979999542236328,25.989999771118164,25.738000869750977,25.248273849487305
2018-04-27,8500,25.829999923706055,25.829999923706055,25.829999923706055,25.69099998474121,25.102497100830078
2018-04-26,9700,25.65999984741211,25.81999969482422,25.81999969482422,25.65999984741211,25.09278106689453
2018-04-25,28800,25.940000534057617,25.770000457763672,25.940000534057617,25.3700008392334,25.044189453125
2018-04-24,9900,25.969999313354492,25.86199951171875,25.969999313354492,25.799999237060547,25.133596420288086
2018-04-23,13300,25.84000015258789,25.93000030517578,25.97599983215332,25.799999237060547,25.199682235717773
2018-04-20,17800,25.985000610351562,25.84000015258789,26.030000686645508,25.84000015258789,25.11221694946289
2018-04-19,4300,26.020000457763672,26.0049991607666,26.038000106811523,25.940000534057617,25.272567749023438
2018-04-18,8400,26.079999923706055,25.989999771118164,26.079999923706055,25.979999542236328,25.257991790771484
2018-04-17,9400,25.969999313354492,26.06999969482422,26.100000381469727,25.969999313354492,25.335739135742188
2018-04-16,14000,26.030000686645508,25.989999771118164,26.09000015258789,25.93000030517578,25.257991790771484
2018-04-13,47500,25.979999542236328,25.920000076293945,26.079999923706055,25.90999984741211,25.18996238708496
2018-04-12,7000,26.024999618530273,25.979999542236328,26.09000015258789,25.979999542236328,25.248273849487305
2018-04-11,11700,26.040000915527344,26.0,26.049999237060547,25.986000061035156,25.267711639404297
2018-04-10,3800,26.013999938964844,26.02899932861328,26.049999237060547,25.979999542236328,25.2958927154541
2018-04-09,11700,26.049999237060547,25.989999771118164,26.06999969482422,25.979999542236328,25.257991790771484
2018-04-06,7500,26.09000015258789,26.11400032043457,26.235000610351562,26.040000915527344,25.37849998474121
2018-04-05,11500,26.174999237060547,26.149999618530273,26.309999465942383,26.149999618530273,25.413484573364258
2018-04-04,15200,26.082000732421875,26.309999465942383,26.309999465942383,26.06999969482422,25.568979263305664
2018-04-03,3000,26.260000228881836,26.118000030517578,26.260000228881836,26.118000030517578,25.382387161254883
2018-04-02,6600,26.149999618530273,26.18899917602539,26.25,26.149999618530273,25.451387405395508
2018-03-29,4000,26.110000610351562,26.149999618530273,26.280000686645508,26.110000610351562,25.413484573364258
2018-03-28,8300,26.131999969482422,26.1299991607666,26.288999557495117,26.09000015258789,25.3940486907959
2018-03-27,15100,26.07699966430664,26.260000228881836,26.260000228881836,26.049999237060547,25.520387649536133
2018-03-26,8600,26.202999114990234,26.049999237060547,26.260000228881836,26.049999237060547,25.316301345825195
2018-03-23,5600,26.270000457763672,26.211000442504883,26.270000457763672,26.101999282836914,25.472768783569336
2018-03-22,10700,26.100000381469727,26.209999084472656,26.256999969482422,26.020000457763672,25.47179412841797
2018-03-21,13300,26.219999313354492,26.190000534057617,26.260000228881836,26.1299991607666,25.45235824584961
2018-03-20,11900,26.149999618530273,26.149999618530273,26.290000915527344,26.1299991607666,25.413484573364258
2018-03-19,11900,26.229999542236328,26.290000915527344,26.290000915527344,26.13800048828125,25.549543380737305
2018-03-16,5700,26.34000015258789,26.25,26.34000015258789,26.25,25.510669708251953
2018-03-15,9500,26.329999923706055,26.329999923706055,26.34000015258789,26.250999450683594,25.588415145874023
2018-03-14,4500,26.218000411987305,26.209999084472656,26.297000885009766,26.170000076293945,25.47179412841797
2018-03-13,9300,26.270000457763672,26.200000762939453,26.3700008392334,26.170000076293945,25.462078094482422
2018-03-12,9900,26.389999389648438,26.3700008392334,26.389999389648438,26.19300079345703,25.627288818359375
2018-03-09,10300,26.309999465942383,26.389999389648438,26.389999389648438,26.283000946044922,25.646724700927734
2018-03-08,11300,26.309999465942383,26.34000015258789,26.43000030517578,26.309999465942383,25.598134994506836
2018-03-07,20600,26.344999313354492,26.309999465942383,26.420000076293945,26.170000076293945,25.568979263305664
2018-03-06,8300,26.229999542236328,26.420000076293945,26.450000762939453,26.149999618530273,25.675880432128906
2018-03-05,6100,26.34000015258789,26.290000915527344,26.34000015258789,25.8799991607666,25.549543380737305
2018-03-02,15300,26.170000076293945,26.200000762939453,26.44700050354004,26.170000076293945,25.462078094482422
2018-03-01,8500,26.441999435424805,26.270000457763672,26.441999435424805,26.12299919128418,25.530107498168945
2018-02-28,15500,26.53499984741211,26.40999984741211,26.555999755859375,26.3799991607666,25.666162490844727
2018-02-27,35300,26.389999389648438,26.5,26.549999237060547,26.350000381469727,25.75362777709961
2018-02-26,8600,26.489999771118164,26.479999542236328,26.61199951171875,26.479999542236328,25.3697509765625
2018-02-23,14600,26.190000534057617,26.479999542236328,26.479999542236328,26.190000534057617,25.3697509765625
2018-02-22,15700,26.020000457763672,26.270000457763672,26.270000457763672,26.020000457763672,25.168560028076172
2018-02-21,17300,26.0,26.200000762939453,26.214000701904297,26.0,25.10149383544922
2018-02-20,27600,25.950000762939453,26.0,26.160999298095703,25.950000762939453,24.909879684448242
2018-02-16,15900,25.959999084472656,26.100000381469727,26.1299991607666,25.889999389648438,25.005685806274414
2018-02-15,11700,25.829999923706055,26.139999389648438,26.149999618530273,25.780000686645508,25.04400634765625
2018-02-14,31400,26.229999542236328,25.950000762939453,26.329999923706055,25.81999969482422,24.861976623535156
2018-02-13,20200,26.43000030517578,26.40999984741211,26.43000030517578,26.14900016784668,25.30268669128418
2018-02-12,14100,26.260000228881836,26.329999923706055,26.43000030517578,26.1299991607666,25.226041793823242
2018-02-09,30000,26.030000686645508,26.420000076293945,26.420000076293945,25.969999313354492,25.31226921081543
2018-02-08,14900,25.899999618530273,26.059999465942383,26.149999618530273,25.899999618530273,24.967363357543945
2018-02-07,30600,25.850000381469727,26.09000015258789,26.190000534057617,25.850000381469727,24.996105194091797
2018-02-06,22000,25.850000381469727,25.969999313354492,25.989999771118164,25.700000762939453,24.881134033203125
2018-02-05,41200,25.739999771118164,25.93000030517578,25.989999771118164,25.739999771118164,24.84281349182129
2018-02-02,33600,25.889999389648438,25.979999542236328,26.0,25.552000045776367,24.890716552734375
2018-02-01,38300,26.1299991607666,25.959999084472656,26.190000534057617,25.959999084472656,24.871553421020508
2018-01-31,60400,25.6299991607666,26.15999984741211,26.190000534057617,25.6200008392334,25.06317138671875
2018-01-30,35000,25.600000381469727,25.565000534057617,25.940000534057617,25.549999237060547,24.493118286132812
2018-01-29,21700,26.079999923706055,25.739999771118164,26.23200035095215,25.739999771118164,24.660778045654297
2018-01-26,25000,26.3799991607666,26.149999618530273,26.3799991607666,26.1200008392334,25.0535888671875
2018-01-25,12100,26.209999084472656,26.299999237060547,26.3799991607666,26.139999389648438,25.197298049926758
2018-01-24,12100,26.3799991607666,26.209999084472656,26.389999389648438,26.170000076293945,25.111072540283203
2018-01-23,27300,26.229999542236328,26.389999389648438,26.399999618530273,26.170000076293945,25.283525466918945
2018-01-22,11000,26.149999618530273,26.239999771118164,26.32900047302246,26.141000747680664,25.139814376831055
2018-01-19,17200,26.229999542236328,26.264999389648438,26.270000457763672,26.030000686645508,25.163766860961914
2018-01-18,18400,26.600000381469727,26.229999542236328,26.600000381469727,26.229999542236328,25.130231857299805
2018-01-17,5600,26.6200008392334,26.510000228881836,26.6200008392334,26.479999542236328,25.398494720458984
2018-01-16,9600,26.719999313354492,26.739999771118164,26.8799991607666,26.639999389648438,25.618850708007812
2018-01-12,8500,26.850000381469727,26.75,26.850000381469727,26.649999618530273,25.62843132019043
2018-01-11,8100,26.84000015258789,26.8700008392334,26.889999389648438,26.639999389648438,25.7434024810791
2018-01-10,22000,26.56999969482422,26.760000228881836,26.920000076293945,26.559999465942383,25.63801383972168
2018-01-09,10700,26.899999618530273,26.889999389648438,26.920000076293945,26.631999969482422,25.762561798095703
2018-01-08,16200,26.799999237060547,26.826000213623047,26.90999984741211,26.649999618530273,25.70124626159668
2018-01-05,15600,26.68000030517578,26.93000030517578,26.93000030517578,26.67799949645996,25.800886154174805
2018-01-04,9500,26.530000686645508,26.540000915527344,26.687000274658203,26.349000930786133,25.42723846435547
2018-01-03,22700,26.420000076293945,26.540000915527344,26.600000381469727,26.299999237060547,25.42723846435547
2018-01-02,25200,26.809999465942383,26.260000228881836,26.809999465942383,26.190000534057617,25.158977508544922
2017-12-29,24200,27.1299991607666,26.770000457763672,27.134000778198242,26.729999542236328,25.647592544555664
2017-12-28,26300,27.200000762939453,26.989999771118164,27.200000762939453,26.940000534057617,25.858369827270508
2017-12-27,6400,27.149999618530273,27.149999618530273,27.229999542236328,27.149999618530273,26.011659622192383
2017-12-26,10900,27.31999969482422,27.309999465942383,27.389999389648438,27.100000381469727,26.16495132446289
2017-12-22,8600,27.299999237060547,27.3700008392334,27.420000076293945,27.079999923706055,26.222436904907227
2017-12-21,17200,27.559999465942383,27.229999542236328,27.559999465942383,27.1299991607666,26.088306427001953
2017-12-20,16200,27.40999984741211,27.540000915527344,27.540000915527344,27.350000381469727,26.38530921936035
2017-12-19,21200,27.3439998626709,27.420000076293945,27.420000076293945,27.239999771118164,26.270341873168945
2017-12-18,8600,27.25,27.31999969482422,27.459999084472656,27.25,26.174531936645508
2017-12-15,18900,27.389999389648438,27.280000686645508,27.440000534057617,27.280000686645508,26.136211395263672
2017-12-14,21000,27.139999389648438,27.40999984741211,27.40999984741211,27.1299991607666,26.260759353637695
2017-12-13,11000,26.969999313354492,27.139999389648438,27.170000076293945,26.950000762939453,26.0020809173584
2017-12-12,4000,27.209999084472656,27.18000030517578,27.209999084472656,27.003999710083008,26.040403366088867
2017-12-11,6900,27.219999313354492,27.15999984741211,27.225000381469727,27.007999420166016,26.021240234375
2017-12-08,7600,27.1299991607666,27.149999618530273,27.236000061035156,27.107999801635742,26.011659622192383
2017-12-07,11500,27.110000610351562,27.0,27.118000030517578,26.959999084472656,25.867948532104492
2017-12-06,26200,26.850000381469727,27.1200008392334,27.1200008392334,26.770000457763672,25.982919692993164
2017-12-05,17200,26.850000381469727,26.760000228881836,26.889999389648438,26.670000076293945,25.63801383972168
2017-12-04,12100,26.878999710083008,26.709999084472656,26.878999710083008,26.709999084472656,25.59010887145996
2017-12-01,24800,26.920000076293945,26.780000686645508,26.920000076293945,26.649999618530273,25.657175064086914
2017-11-30,29700,27.079999923706055,26.790000915527344,27.079999923706055,26.790000915527344,25.66675567626953
2017-11-29,14000,27.18000030517578,26.860000610351562,27.18000030517578,26.860000610351562,25.73381996154785
2017-11-28,18400,27.420000076293945,27.31999969482422,27.420000076293945,27.309999465942383,25.815256118774414
2017-11-27,10100,27.65999984741211,27.40999984741211,27.65999984741211,27.399999618530273,25.900299072265625
2017-11-24,11600,27.450000762939453,27.5,27.510000228881836,27.420000076293945,25.985342025756836
2017-11-22,13900,27.35300064086914,27.459999084472656,27.459999084472656,27.33099937438965,25.94754409790039
2017-11-21,5400,27.459999084472656,27.34000015258789,27.459999084472656,27.290000915527344,25.834156036376953
2017-11-20,27400,27.34000015258789,27.309999465942383,27.45800018310547,27.290000915527344,25.805805206298828
2017-11-17,28700,27.6200008392334,27.34000015258789,27.6200008392334,27.34000015258789,25.834156036376953
2017-11-16,12400,27.209999084472656,27.420000076293945,27.600000381469727,27.209999084472656,25.909746170043945
2017-11-15,76600,27.020000457763672,27.350000381469727,27.40999984741211,26.812000274658203,25.843603134155273
2017-11-14,6000,27.049999237060547,27.020000457763672,27.110000610351562,26.826000213623047,25.531780242919922
2017-11-13,32600,27.329999923706055,26.889999389648438,27.329999923706055,26.650999069213867,25.408939361572266
2017-11-10,11100,27.440000534057617,27.190000534057617,27.440000534057617,27.090999603271484,25.692415237426758
2017-11-09,24700,27.65999984741211,27.299999237060547,27.73200035095215,27.270999908447266,25.796356201171875
2017-11-08,13200,27.389999389648438,27.790000915527344,27.841999053955078,27.3700008392334,26.259368896484375
2017-11-07,11900,27.290000915527344,27.31999969482422,27.43899917602539,27.190000534057617,25.815256118774414
2017-11-06,5500,27.290000915527344,27.299999237060547,27.299999237060547,27.190000534057617,25.796356201171875
2017-11-03,7600,27.25,27.259000778198242,27.260000228881836,27.18000030517578,25.757617950439453
2017-11-02,12900,27.139999389648438,27.260000228881836,27.260000228881836,27.139999389648438,25.75855827331543
2017-11-01,6500,27.290000915527344,27.219999313354492,27.29400062561035,27.128000259399414,25.720762252807617
2017-10-31,16300,27.440000534057617,27.299999237060547,27.440000534057617,27.209999084472656,25.796356201171875
2017-10-30,11300,27.243999481201172,27.209999084472656,27.426000595092773,27.15999984741211,25.71131134033203
2017-10-27,5400,27.239999771118164,27.290000915527344,27.440000534057617,27.079999923706055,25.786911010742188
2017-10-26,24600,27.079999923706055,27.239999771118164,27.239999771118164,27.049999237060547,25.739660263061523
2017-10-25,13800,27.209999084472656,27.010000228881836,27.209999084472656,27.010000228881836,25.52233123779297
2017-10-24,13100,27.280000686645508,27.25,27.4060001373291,27.100000381469727,25.74911117553711
2017-10-23,8800,27.579999923706055,27.260000228881836,27.579999923706055,27.209999084472656,25.75855827331543
2017-10-20,8300,27.40999984741211,27.3700008392334,27.459999084472656,27.270000457763672,25.862503051757812
2017-10-19,5500,27.450000762939453,27.280000686645508,27.450000762939453,27.26099967956543,25.77745819091797
2017-10-18,16700,27.040000915527344,27.31999969482422,27.34000015258789,27.040000915527344,25.815256118774414
2017-10-17,9400,27.110000610351562,27.139999389648438,27.246999740600586,27.06999969482422,25.64516830444336
2017-10-16,13700,27.43000030517578,27.1299991607666,27.43000030517578,27.110000610351562,25.63572120666504
2017-10-13,18200,27.299999237060547,27.260000228881836,27.381000518798828,27.059999465942383,25.75855827331543
2017-10-12,28200,27.229999542236328,27.200000762939453,27.899999618530273,27.179000854492188,25.701866149902344
2017-10-11,71600,27.110000610351562,27.18000030517578,27.239999771118164,27.06800079345703,25.682968139648438
2017-10-10,7500,26.84000015258789,26.940000534057617,27.114999771118164,26.84000015258789,25.456186294555664
2017-10-09,11000,27.09000015258789,26.790000915527344,27.100000381469727,26.639999389648438,25.314449310302734
2017-10-06,11100,27.149999618530273,27.010000228881836,27.225000381469727,26.959999084472656,25.52233123779297
2017-10-05,4400,27.25,27.260000228881836,27.270000457763672,27.190000534057617,25.75855827331543
2017-10-04,7200,27.226999282836914,27.270000457763672,27.270000457763672,27.1299991607666,25.768009185791016
2017-10-03,8000,27.15999984741211,27.288000106811523,27.290000915527344,27.150999069213867,25.785018920898438
2017-10-02,4100,27.270000457763672,27.290000915527344,27.351999282836914,27.219999313354492,25.786911010742188
2017-09-29,20300,27.200000762939453,27.3700008392334,27.3700008392334,27.100000381469727,25.862503051757812
2017-09-28,25800,27.0,27.170000076293945,27.25,26.98900032043457,25.67351722717285
2017-09-27,6400,27.190000534057617,27.174999237060547,27.190000534057617,27.079999923706055,25.678241729736328
2017-09-26,9400,27.190000534057617,27.18000030517578,27.280000686645508,27.1200008392334,25.682968139648438
2017-09-25,15600,27.25,27.15999984741211,27.25,27.049999237060547,25.664066314697266
2017-09-22,151900,27.290000915527344,27.1200008392334,27.290000915527344,27.110000610351562,25.626272201538086
2017-09-21,10500,27.30500030517578,27.209999084472656,27.329999923706055,27.121000289916992,25.71131134033203
2017-09-20,9500,27.25,27.290000915527344,27.31999969482422,27.1200008392334,25.786911010742188
2017-09-19,13300,27.270000457763672,27.1200008392334,27.270000457763672,27.1200008392334,25.626272201538086
2017-09-18,14000,27.09000015258789,27.270000457763672,27.270000457763672,27.062999725341797,25.768009185791016
2017-09-15,9600,27.09000015258789,27.139999389648438,27.15999984741211,26.959999084472656,25.64516830444336
2017-09-14,19400,27.281999588012695,26.959999084472656,27.36400032043457,26.959999084472656,25.475082397460938
2017-09-13,16000,27.139999389648438,27.18000030517578,27.209999084472656,27.100000381469727,25.682968139648438
2017-09-12,6500,27.219999313354492,27.1200008392334,27.219999313354492,27.055999755859375,25.626272201538086
2017-09-11,7100,27.030000686645508,27.100000381469727,27.100000381469727,27.020000457763672,25.60737419128418
2017-09-08,12300,27.1299991607666,26.969999313354492,27.1299991607666,26.84000015258789,25.48453140258789
2017-09-07,29400,27.040000915527344,26.975000381469727,27.086000442504883,26.610000610351562,25.489255905151367
2017-09-06,27600,27.260000228881836,26.969999313354492,27.260000228881836,26.969999313354492,25.48453140258789
2017-09-05,7100,27.239999771118164,27.170000076293945,27.350000381469727,27.170000076293945,25.67351722717285
2017-09-01,17400,27.190000534057617,27.239999771118164,27.350000381469727,27.114999771118164,25.739660263061523
2017-08-31,20400,27.1299991607666,27.200000762939453,27.200000762939453,26.964000701904297,25.701866149902344
2017-08-30,28000,27.139999389648438,27.030000686645508,27.139999389648438,26.8700008392334,25.541229248046875
2017-08-29,11400,27.15999984741211,27.100000381469727,27.200000762939453,26.899999618530273,25.60737419128418
2017-08-28,18600,27.479999542236328,27.389999389648438,27.489999771118164,27.302000045776367,25.527055740356445
2017-08-25,10800,27.56999969482422,27.420000076293945,27.56999969482422,27.389999389648438,25.55501365661621
2017-08-24,16800,27.639999389648438,27.489999771118164,27.648000717163086,27.3799991607666,25.620250701904297
2017-08-23,14900,27.5,27.56999969482422,27.6200008392334,27.35099983215332,25.69481086730957
2017-08-22,23300,27.579999923706055,27.5,27.579999923706055,27.360000610351562,25.62957191467285
2017-08-21,15100,27.299999237060547,27.530000686645508,27.56999969482422,27.25,25.657533645629883
2017-08-18,14300,27.40999984741211,27.450000762939453,27.450000762939453,27.113000869750977,25.58297348022461
2017-08-17,19400,27.100000381469727,27.389999389648438,27.440000534057617,27.020000457763672,25.527055740356445
2017-08-16,11100,27.149999618530273,27.06999969482422,27.170000076293945,27.030000686645508,25.228818893432617
2017-08-15,8100,27.010000228881836,27.07900047302246,27.229999542236328,26.969999313354492,25.237207412719727
2017-08-14,9200,27.34000015258789,27.0,27.34000015258789,26.92099952697754,25.1635799407959
2017-08-11,7200,27.280000686645508,26.850000381469727,27.280000686645508,26.809999465942383,25.02378273010254
2017-08-10,19000,27.1200008392334,27.0,27.184999465942383,26.770000457763672,25.1635799407959
2017-08-09,17900,27.3799991607666,27.25,27.389999389648438,27.06999969482422,25.396577835083008
2017-08-08,8200,27.5,27.31999969482422,27.5,27.290000915527344,25.461816787719727
2017-08-07,26300,27.469999313354492,27.389999389648438,27.483999252319336,27.34000015258789,25.527055740356445
2017-08-04,10800,27.450000762939453,27.34000015258789,27.59000015258789,27.34000015258789,25.480457305908203
2017-08-03,8900,27.507999420166016,27.40999984741211,27.562999725341797,27.40999984741211,25.545692443847656
2017-08-02,22500,27.540000915527344,27.43000030517578,27.68000030517578,27.424999237060547,25.564334869384766
2017-08-01,17300,27.760000228881836,27.649999618530273,27.81999969482422,27.520000457763672,25.769371032714844
2017-07-31,11900,27.670000076293945,27.56999969482422,27.760000228881836,27.56999969482422,25.69481086730957
2017-07-28,19100,27.75,27.520000457763672,27.75,27.479999542236328,25.648212432861328
2017-07-27,24000,27.5,27.729999542236328,27.729999542236328,27.489999771118164,25.84392738342285
2017-07-26,22400,27.649999618530273,27.479999542236328,27.649999618530273,27.413999557495117,25.610933303833008
2017-07-25,25500,27.690000534057617,27.459999084472656,27.700000762939453,27.420000076293945,25.59229278564453
2017-07-24,20000,27.700000762939453,27.670000076293945,27.700000762939453,27.389999389648438,25.78801155090332
2017-07-21,15300,27.549999237060547,27.549999237060547,27.549999237060547,27.399999618530273,25.676170349121094
2017-07-20,26600,27.40999984741211,27.440000534057617,27.549999237060547,27.40999984741211,25.57365608215332
2017-07-19,19400,27.540000915527344,27.350000381469727,27.645000457763672,27.350000381469727,25.489776611328125
2017-07-18,29000,27.40999984741211,27.559999465942383,27.559999465942383,27.399999618530273,25.68549156188965
2017-07-17,19400,27.31999969482422,27.34000015258789,27.40999984741211,27.239999771118164,25.480457305908203
2017-07-14,16000,27.15999984741211,27.270000457763672,27.299999237060547,27.059999465942383,25.41521644592285
2017-07-13,11600,27.200000762939453,27.1200008392334,27.200000762939453,27.051000595092773,25.275419235229492
2017-07-12,17000,27.1299991607666,27.1299991607666,27.31999969482422,27.100000381469727,25.284738540649414
2017-07-11,29200,27.459999084472656,27.059999465942383,27.459999084472656,27.030000686645508,25.219499588012695
2017-07-10,8400,27.3700008392334,27.31999969482422,27.459999084472656,27.299999237060547,25.461816787719727
2017-07-07,11800,27.299999237060547,27.3700008392334,27.389999389648438,27.270000457763672,25.5084171295166
2017-07-06,31600,27.40999984741211,27.270000457763672,27.469999313354492,27.18000030517578,25.41521644592285
2017-07-05,27700,27.43000030517578,27.40999984741211,27.489999771118164,27.3799991607666,25.545692443847656
2017-07-03,9600,27.420000076293945,27.40999984741211,27.440000534057617,27.329999923706055,25.545692443847656
2017-06-30,29500,27.280000686645508,27.399999618530273,27.399999618530273,27.280000686645508,25.536373138427734
2017-06-29,45700,27.440000534057617,27.260000228881836,27.440000534057617,27.150999069213867,25.405895233154297
2017-06-28,14900,27.25,27.440000534057617,27.440000534057617,27.200000762939453,25.57365608215332
2017-06-27,62200,27.18000030517578,27.3799991607666,27.420000076293945,27.1200008392334,25.51773452758789
2017-06-26,39000,27.0,27.219999313354492,27.239999771118164,26.829999923706055,25.368614196777344
2017-06-23,46300,26.8799991607666,27.0,27.0,26.8799991607666,25.1635799407959
2017-06-22,57100,26.850000381469727,26.8799991607666,26.889999389648438,26.690000534057617,25.051740646362305
2017-06-21,79000,26.84000015258789,26.84000015258789,26.84000015258789,26.729999542236328,25.01446533203125
2017-06-20,55500,26.799999237060547,26.75,26.84000015258789,26.729999542236328,24.930587768554688
2017-06-19,34300,26.799999237060547,26.799999237060547,26.81999969482422,26.613000869750977,24.97718620300293
2017-06-16,67200,26.549999237060547,26.850000381469727,26.850000381469727,26.5,25.02378273010254
2017-06-15,34700,26.559999465942383,26.450000762939453,26.559999465942383,26.450000762939453,24.650989532470703
2017-06-14,23900,26.43000030517578,26.559999465942383,26.559999465942383,26.351999282836914,24.753507614135742
2017-06-13,28700,26.3700008392334,26.43000030517578,26.43000030517578,26.270000457763672,24.63235092163086
2017-06-12,8200,26.34000015258789,26.34000015258789,26.3799991607666,26.273000717163086,24.548471450805664
2017-06-09,19300,26.240999221801758,26.299999237060547,26.309999465942383,26.229999542236328,24.511192321777344
2017-06-08,20000,26.329999923706055,26.290000915527344,26.329999923706055,26.229999542236328,24.501873016357422
2017-06-07,32900,26.329999923706055,26.260000228881836,26.34000015258789,26.260000228881836,24.473909378051758
2017-06-06,30500,26.329999923706055,26.299999237060547,26.393999099731445,26.280000686645508,24.511192321777344
2017-06-05,17500,26.420000076293945,26.34000015258789,26.420000076293945,26.329999923706055,24.548471450805664
2017-06-02,17200,26.3799991607666,26.399999618530273,26.40999984741211,26.320999145507812,24.604389190673828
2017-06-01,34700,26.239999771118164,26.360000610351562,26.374000549316406,26.22100067138672,24.567108154296875
2017-05-31,46900,26.31999969482422,26.219999313354492,26.3799991607666,26.219999313354492,24.43663215637207
2017-05-30,40100,26.6200008392334,26.3700008392334,26.6200008392334,26.288999557495117,24.576431274414062
2017-05-26,23500,26.59000015258789,26.450000762939453,26.799999237060547,26.40399932861328,24.650989532470703
2017-05-25,30200,26.989999771118164,26.850000381469727,27.020000457763672,26.663999557495117,24.674291610717773
2017-05-24,11000,26.809999465942383,26.84000015258789,26.959999084472656,26.746000289916992,24.66510009765625
2017-05-23,15000,26.729999542236328,26.770000457763672,26.770000457763672,26.579999923706055,24.600770950317383
2017-05-22,21700,26.709999084472656,26.66200065612793,26.729999542236328,26.56100082397461,24.501522064208984
2017-05-19,25700,26.549999237060547,26.700000762939453,26.719999313354492,26.549999237060547,24.53644371032715
2017-05-18,11100,26.6299991607666,26.6200008392334,26.639999389648438,26.499000549316406,24.462926864624023
2017-05-17,24900,26.670000076293945,26.59600067138672,26.670000076293945,26.51099967956543,24.440872192382812
2017-05-16,15700,26.59000015258789,26.670000076293945,26.670000076293945,26.490999221801758,24.508874893188477
2017-05-15,34700,26.510000228881836,26.520000457763672,26.610000610351562,26.47100067138672,24.371028900146484
2017-05-12,63100,26.34000015258789,26.510000228881836,26.520000457763672,26.329999923706055,24.361839294433594
2017-05-11,28500,26.299999237060547,26.329999923706055,26.34000015258789,26.270000457763672,24.196422576904297
2017-05-10,26400,26.239999771118164,26.299999237060547,26.299999237060547,26.219999313354492,24.168855667114258
2017-05-09,17200,26.190000534057617,26.239999771118164,26.239999771118164,26.15999984741211,24.11371612548828
2017-05-08,20100,26.190000534057617,26.190000534057617,26.190000534057617,26.110000610351562,24.06777000427246
2017-05-05,21100,26.190000534057617,26.15999984741211,26.190000534057617,26.110000610351562,24.040199279785156
2017-05-04,14400,26.200000762939453,26.190000534057617,26.200000762939453,26.1299991607666,24.06777000427246
2017-05-03,26500,26.1299991607666,26.1299991607666,26.200000762939453,26.100000381469727,24.012630462646484
2017-05-02,9200,26.200000762939453,26.200000762939453,26.200000762939453,26.15999984741211,24.07695960998535
2017-05-01,72600,26.170000076293945,26.200000762939453,26.209999084472656,26.079999923706055,24.07695960998535
2017-04-28,5400,26.15999984741211,26.190000534057617,26.200000762939453,26.15999984741211,24.06777000427246
2017-04-27,43500,26.1299991607666,26.1200008392334,26.219999313354492,26.09000015258789,24.003442764282227
2017-04-26,48300,26.209999084472656,26.207000732421875,26.229999542236328,26.100000381469727,24.083393096923828
2017-04-25,26300,26.149999618530273,26.139999389648438,26.209999084472656,26.10099983215332,24.021821975708008
2017-04-24,15100,26.110000610351562,26.1299991607666,26.18000030517578,26.049999237060547,24.012630462646484
2017-04-21,26600,26.059999465942383,26.020000457763672,26.1299991607666,26.0,23.911544799804688
2017-04-20,40700,26.049999237060547,26.0,26.1200008392334,26.0,23.893165588378906
2017-04-19,72700,26.059999465942383,26.010000228881836,26.079999923706055,25.940000534057617,23.902355194091797
2017-04-18,260100,26.15999984741211,26.059999465942383,26.190000534057617,25.920000076293945,23.94830322265625
2017-04-17,92800,26.25,26.190000534057617,26.25,26.06999969482422,24.06777000427246
2017-04-13,16500,26.34000015258789,26.229999542236328,26.388999938964844,26.229999542236328,24.104524612426758
2017-04-12,56100,26.3799991607666,26.329999923706055,26.3799991607666,26.200000762939453,24.196422576904297
2017-04-11,25200,26.31999969482422,26.290000915527344,26.440000534057617,26.280000686645508,24.159666061401367
2017-04-10,23700,26.459999084472656,26.389999389648438,26.469999313354492,26.360000610351562,24.251562118530273
2017-04-07,101200,26.549999237060547,26.329999923706055,26.549999237060547,26.309999465942383,24.196422576904297
2017-04-06,43300,26.350000381469727,26.549999237060547,26.549999237060547,26.229999542236328,24.398595809936523
2017-04-05,42700,26.399999618530273,26.469999313354492,26.479999542236328,26.239999771118164,24.3250789642334
2017-04-04,28600,26.5,26.3799991607666,26.59000015258789,26.231000900268555,24.242372512817383
2017-04-03,47500,26.229999542236328,26.40999984741211,26.5,26.18000030517578,24.269943237304688
2017-03-31,35300,26.049999237060547,26.229999542236328,26.239999771118164,25.950000762939453,24.104524612426758
2017-03-30,34800,25.979999542236328,26.040000915527344,26.040000915527344,25.8700008392334,23.92992401123047
2017-03-29,15900,26.030000686645508,25.940000534057617,26.030000686645508,25.860000610351562,23.83802604675293
2017-03-28,26200,26.049999237060547,25.899999618530273,26.049999237060547,25.8799991607666,23.801267623901367
2017-03-27,39200,25.889999389648438,26.079999923706055,26.110000610351562,25.6200008392334,23.96668243408203
2017-03-24,37900,25.75,25.93000030517578,25.93000030517578,25.65999984741211,23.828838348388672
2017-03-23,34300,25.600000381469727,25.75,25.75,25.600000381469727,23.663423538208008
2017-03-22,29500,25.600000381469727,25.729999542236328,25.729999542236328,25.549999237060547,23.645042419433594
2017-03-21,31600,25.579999923706055,25.540000915527344,25.600000381469727,25.440000534057617,23.470441818237305
2017-03-20,28300,25.56999969482422,25.639999389648438,25.690000534057617,25.459999084472656,23.56233787536621
2017-03-17,17400,25.43000030517578,25.440000534057617,25.599000930786133,25.367000579833984,23.378543853759766
2017-03-16,35600,25.450000762939453,25.5,25.600000381469727,25.440000534057617,23.433679580688477
2017-03-15,29000,25.290000915527344,25.43000030517578,25.450000762939453,25.1299991607666,23.369356155395508
2017-03-14,40800,25.100000381469727,25.110000610351562,25.22100067138672,25.059999465942383,23.075284957885742
2017-03-13,15100,25.219999313354492,25.149999618530273,25.27899932861328,25.100000381469727,23.112043380737305
2017-03-10,57100,25.25,25.059999465942383,25.360000610351562,25.010000228881836,23.029333114624023
2017-03-09,42900,25.18000030517578,25.200000762939453,25.249000549316406,25.059999465942383,23.157991409301758
2017-03-08,53400,25.350000381469727,25.229999542236328,25.399999618530273,25.059999465942383,23.185558319091797
2017-03-07,50000,25.440000534057617,25.420000076293945,25.5,25.3700008392334,23.360166549682617
2017-03-06,57200,25.530000686645508,25.489999771118164,25.530000686645508,25.420000076293945,23.42449188232422
2017-03-03,33900,25.489999771118164,25.5,25.530000686645508,25.399999618530273,23.433679580688477
2017-03-02,36600,25.479999542236328,25.489999771118164,25.579999923706055,25.420000076293945,23.42449188232422
2017-03-01,99600,25.670000076293945,25.549999237060547,25.68000030517578,25.399999618530273,23.47962760925293
2017-02-28,139000,25.729999542236328,25.719999313354492,25.75,25.450000762939453,23.635854721069336
2017-02-27,115100,25.979999542236328,25.68000030517578,26.06999969482422,25.65999984741211,23.599096298217773
2017-02-24,50000,25.760000228881836,25.969999313354492,25.989999771118164,25.760000228881836,23.865596771240234
2017-02-23,65000,26.229999542236328,26.219999313354492,26.280000686645508,26.18000030517578,24.095338821411133
2017-02-22,56300,26.06999969482422,26.209999084472656,26.229999542236328,25.959999084472656,24.08614730834961
2017-02-21,67300,25.75,26.139999389648438,26.200000762939453,25.738000869750977,24.021821975708008
2017-02-17,35400,25.799999237060547,25.719999313354492,25.799999237060547,25.684999465942383,23.635854721069336
2017-02-16,46500,25.6299991607666,25.790000915527344,25.790000915527344,25.6299991607666,23.70018196105957
2017-02-15,104400,25.610000610351562,25.6299991607666,25.700000762939453,25.582000732421875,23.553146362304688
2017-02-14,86600,25.850000381469727,25.709999084472656,25.850000381469727,25.600000381469727,23.626663208007812
2017-02-13,29100,25.799999237060547,25.81599998474121,25.84000015258789,25.760000228881836,23.724075317382812
2017-02-10,17100,25.799999237060547,25.770000457763672,25.850000381469727,25.719999313354492,23.68180274963379
2017-02-09,64200,25.639999389648438,25.739999771118164,25.860000610351562,25.610000610351562,23.654232025146484
2017-02-08,55300,25.790000915527344,25.8799991607666,25.950000762939453,25.770000457763672,23.78289031982422
2017-02-07,38300,25.809999465942383,25.799999237060547,25.84000015258789,25.68000030517578,23.70937156677246
2017-02-06,43800,25.850000381469727,25.770000457763672,25.850000381469727,25.610000610351562,23.68180274963379
2017-02-03,100900,25.540000915527344,25.799999237060547,25.8439998626709,25.5,23.70937156677246
2017-02-02,23800,25.469999313354492,25.469999313354492,25.549999237060547,25.350000381469727,23.406112670898438
2017-02-01,40300,25.420000076293945,25.43000030517578,25.43000030517578,25.29800033569336,23.369356155395508
2017-01-31,29200,25.399999618530273,25.329999923706055,25.399999618530273,25.280000686645508,23.27745819091797
2017-01-30,141700,25.489999771118164,25.350000381469727,25.489999771118164,25.200000762939453,23.295835494995117
2017-01-27,32000,25.530000686645508,25.31999969482422,25.540000915527344,25.31999969482422,23.268268585205078
2017-01-26,49800,25.190000534057617,25.399999618530273,25.479999542236328,25.163999557495117,23.341781616210938
2017-01-25,61000,25.290000915527344,25.190000534057617,25.290000915527344,25.040000915527344,23.148801803588867
2017-01-24,54300,25.100000381469727,25.200000762939453,25.25,25.100000381469727,23.157991409301758
2017-01-23,109500,25.15999984741211,25.149999618530273,25.200000762939453,25.010000228881836,23.112043380737305
2017-01-20,111400,25.030000686645508,25.030000686645508,25.062000274658203,24.969999313354492,23.001766204833984
2017-01-19,229800,25.149999618530273,25.030000686645508,25.149999618530273,25.010000228881836,23.001766204833984
2017-01-18,204700,25.229999542236328,25.15999984741211,25.31999969482422,25.149999618530273,23.121232986450195
2017-01-17,94600,25.239999771118164,25.209999084472656,25.239999771118164,25.18000030517578,23.16718101501465
2017-01-13,130000,25.190000534057617,25.170000076293945,25.200000762939453,25.149999618530273,23.130422592163086
2017-01-12,177200,25.200000762939453,25.170000076293945,25.200000762939453,25.1200008392334,23.130422592163086
2017-01-11,193400,25.239999771118164,25.15999984741211,25.239999771118164,25.100000381469727,23.121232986450195
2017-01-10,100000,25.229999542236328,25.190000534057617,25.25,25.1299991607666,23.148801803588867
2017-01-09,134100,25.239999771118164,25.15999984741211,25.249000549316406,25.139999389648438,23.121232986450195
2017-01-06,56100,25.200000762939453,25.25,25.260000228881836,25.149999618530273,23.20393943786621
2017-01-05,54200,25.389999389648438,25.260000228881836,25.389999389648438,25.1200008392334,23.2131290435791
2017-01-04,55100,25.540000915527344,25.34000015258789,25.540000915527344,25.25,23.286649703979492
2017-01-03,136300,25.829999923706055,25.329999923706055,25.829999923706055,25.329999923706055,23.27745819091797
2016-12-30,259300,25.100000381469727,25.700000762939453,25.709999084472656,25.100000381469727,23.617475509643555
2016-12-29,61500,25.049999237060547,25.100000381469727,25.170000076293945,25.030000686645508,23.06609535217285
2016-12-28,41600,24.979999542236328,25.030000686645508,25.06999969482422,24.950000762939453,23.001766204833984
2016-12-27,63400,25.010000228881836,25.030000686645508,25.030000686645508,24.83099937438965,23.001766204833984
2016-12-23,25600,25.06999969482422,25.0,25.100000381469727,24.969999313354492,22.974197387695312
2016-12-22,136000,24.950000762939453,25.049999237060547,25.25,24.8700008392334,23.020145416259766
2016-12-21,80700,24.829999923706055,24.950000762939453,24.950000762939453,24.700000762939453,22.92824935913086
2016-12-20,105200,24.600000381469727,24.773000717163086,24.801000595092773,24.600000381469727,22.76559066772461
2016-12-19,51100,24.6299991607666,24.562999725341797,24.649999618530273,24.450000762939453,22.572607040405273
2016-12-16,141200,24.649999618530273,24.489999771118164,24.649999618530273,24.270000457763672,22.505523681640625
2016-12-15,99400,24.549999237060547,24.600000381469727,24.6200008392334,24.450000762939453,22.606609344482422
2016-12-14,260700,24.530000686645508,24.68000030517578,24.700000762939453,24.5,22.680126190185547
2016-12-13,213800,24.5,24.600000381469727,24.6299991607666,24.5,22.606609344482422
2016-12-12,221500,24.600000381469727,24.559999465942383,24.600000381469727,24.5,22.56985092163086
2016-12-09,300500,24.600000381469727,24.6200008392334,24.670000076293945,24.469999313354492,22.62499237060547
2016-12-08,185100,24.239999771118164,24.600000381469727,24.690000534057617,24.239999771118164,22.606609344482422
2016-01-27,0,21.331600189208984,21.331600189208984,21.331600189208984,21.331600189208984,19.60305404663086
2014-12-26,0,1900.0,1900.0,1900.0,1900.0,1746.0389404296875
2014-12-24,15034,1880.0,1900.0,1938.199951171875,1880.0,1746.0389404296875
2014-12-23,43112,1915.0,1921.0,1921.0,1848.030029296875,1765.33740234375
2014-12-22,68907,1871.0,1906.0,1915.0,1871.0,1751.552734375
2014-12-19,96180,1858.0,1871.0,1872.0,1819.0,1719.3890380859375
2014-12-18,39339,1785.0,1851.0,1852.1800537109375,1784.0,1701.009521484375
2014-12-17,39603,1860.0,1810.0,1860.0,1787.56005859375,1663.3319091796875
2014-12-16,256556,1785.0,1841.0,1851.0,1785.0,1691.81982421875
2014-12-15,79058,1809.0,1821.0,1846.8399658203125,1792.0,1673.440673828125
2014-12-12,46371,1801.0,1771.0,1825.6800537109375,1765.9100341796875,1627.4921875
2014-12-11,40157,1818.0,1820.0,1829.0,1788.81005859375,1672.521484375
2014-12-10,62897,1821.0,1820.0,1846.0799560546875,1786.0,1672.521484375
2014-12-09,41720,1809.0,1805.0,1817.0,1785.0,1658.737060546875
2014-12-08,30777,1795.0,1802.0,1804.43994140625,1768.8199462890625,1655.980224609375
2014-12-05,75554,1782.0,1800.0,1800.0,1753.0,1654.1422119140625
2014-12-04,33862,1708.0,1749.0,1750.0,1708.0,1607.27490234375
2014-12-03,57159,1724.0,1734.0,1739.0,1716.0,1593.490234375
2014-12-02,63249,1725.0,1731.0,1734.0,1700.0400390625,1590.7335205078125
2014-12-01,29728,1700.0,1699.0,1700.0,1679.0,1561.326416015625
2014-11-28,29352,1702.0,1690.0,1702.0,1680.0,1553.0557861328125
2014-11-26,37627,1626.0,1668.0,1670.0,1626.0,1532.83837890625
2014-11-25,70394,1649.0,1640.0,1649.0,1623.8800048828125,1507.1072998046875
2014-11-24,40320,1649.0,1630.0,1649.0,1611.0,1497.917724609375
2014-11-21,81608,1550.0,1625.0,1644.0,1550.0,1493.32275390625
2014-11-20,55252,1534.0,1590.0,1602.0,1534.0,1461.1590576171875
2014-11-19,62582,1580.0,1577.0,1580.0,1527.06005859375,1449.21240234375
2014-11-18,18939,1579.0,1548.0,1579.0,1540.0,1422.5623779296875
2014-11-17,92044,1579.0,1549.0,1579.0,1528.0,1423.481201171875
2014-11-14,100382,1579.0,1548.0,1579.0,1540.0,1422.5623779296875
2014-11-13,81566,1509.0,1540.0,1568.0,1508.260009765625,1415.210693359375
2014-11-12,225125,1533.0,1545.0,1551.2099609375,1515.5799560546875,1419.805419921875
2014-11-11,254874,1570.0,1540.0,1579.0,1522.0,1415.210693359375
2014-11-10,128180,1521.0,1540.0,1555.0,1521.0,1415.210693359375
2014-11-07,110475,1585.0,1535.0,1585.0,1514.3199462890625,1410.61572265625
2014-11-06,116847,1578.0,1580.0,1597.0,1543.800048828125,1451.9693603515625
2014-11-05,99190,1600.0,1585.0,1610.0,1571.0,1456.5640869140625
2014-11-04,143298,1594.0,1592.0,1595.0,1561.0,1462.996826171875
2014-11-03,99407,1595.0,1564.0,1595.0,1545.0,1437.265869140625
