date,volume,open,close,high,low,adjclose
2018-11-02,200,2.7100000381469727,2.7100000381469727,2.7100000381469727,2.7100000381469727,2.7100000381469727
2018-11-01,2700,2.6500000953674316,2.5899999141693115,2.6500000953674316,2.5899999141693115,2.5899999141693115
2018-10-31,12100,2.6500000953674316,2.609999895095825,2.6500000953674316,2.549999952316284,2.609999895095825
2018-10-30,800,2.890000104904175,2.569999933242798,2.890000104904175,2.569999933242798,2.569999933242798
2018-10-29,300,2.7300000190734863,2.7300000190734863,2.7300000190734863,2.7300000190734863,2.7300000190734863
2018-10-26,400,2.9100000858306885,2.6700000762939453,2.9100000858306885,2.6700000762939453,2.6700000762939453
2018-10-25,300,2.9200000762939453,2.9200000762939453,2.9200000762939453,2.9200000762939453,2.9200000762939453
2018-10-24,8300,2.690000057220459,2.7200000286102295,2.8299999237060547,2.6500000953674316,2.7200000286102295
2018-10-23,4200,2.700000047683716,2.6600000858306885,2.700000047683716,2.6500000953674316,2.6600000858306885
2018-10-22,1000,2.700000047683716,2.700000047683716,2.700000047683716,2.700000047683716,2.700000047683716
2018-10-19,400,2.7799999713897705,2.930000066757202,2.930000066757202,2.7799999713897705,2.930000066757202
2018-10-18,3300,2.799999952316284,2.799999952316284,2.799999952316284,2.7799999713897705,2.799999952316284
2018-10-17,4100,2.799999952316284,2.799999952316284,2.799999952316284,2.759999990463257,2.799999952316284
2018-10-16,8800,2.7100000381469727,2.990000009536743,2.990000009536743,2.7100000381469727,2.990000009536743
2018-10-15,3400,2.9800000190734863,2.859999895095825,2.9800000190734863,2.859999895095825,2.859999895095825
2018-10-12,800,2.809999942779541,2.930000066757202,2.930000066757202,2.7100000381469727,2.930000066757202
2018-10-11,900,2.809999942779541,2.930000066757202,2.930000066757202,2.7200000286102295,2.930000066757202
2018-10-10,2100,2.799999952316284,2.799999952316284,2.990000009536743,2.799999952316284,2.799999952316284
2018-10-09,2800,2.799999952316284,2.890000104904175,2.990000009536743,2.7100000381469727,2.890000104904175
2018-10-08,2600,2.799999952316284,2.9800000190734863,2.990000009536743,2.799999952316284,2.9800000190734863
2018-10-05,2600,2.8499999046325684,2.990000009536743,2.990000009536743,2.8499999046325684,2.990000009536743
2018-10-04,800,2.9200000762939453,2.799999952316284,2.930000066757202,2.799999952316284,2.799999952316284
2018-10-03,2800,2.799999952316284,2.819999933242798,2.930000066757202,2.799999952316284,2.819999933242798
2018-10-02,2100,2.869999885559082,2.940000057220459,2.940000057220459,2.799999952316284,2.940000057220459
2018-10-01,500,2.859999895095825,2.930000066757202,2.930000066757202,2.809999942779541,2.930000066757202
2018-09-28,12100,2.8499999046325684,2.8499999046325684,2.950000047683716,2.8499999046325684,2.8499999046325684
2018-09-27,4900,2.950000047683716,3.0,3.0,2.75,3.0
2018-09-26,12700,2.8499999046325684,2.950000047683716,2.950000047683716,2.8499999046325684,2.950000047683716
2018-09-25,4600,2.950000047683716,2.8499999046325684,2.950000047683716,2.799999952316284,2.8499999046325684
2018-09-24,6200,2.950000047683716,2.9000000953674316,2.950000047683716,2.8499999046325684,2.9000000953674316
2018-09-21,67800,3.200000047683716,2.8499999046325684,3.200000047683716,2.8499999046325684,2.8499999046325684
2018-09-20,12900,3.299999952316284,3.1500000953674316,3.299999952316284,3.0999999046325684,3.1500000953674316
2018-09-19,101400,3.200000047683716,3.25,3.5999999046325684,3.0,3.25
2018-09-18,13700,3.200000047683716,3.0999999046325684,3.200000047683716,2.9000000953674316,3.0999999046325684
2018-09-17,5900,3.1500000953674316,3.0999999046325684,3.1500000953674316,2.9800000190734863,3.0999999046325684
2018-09-14,19600,2.9000000953674316,2.9000000953674316,3.0999999046325684,2.8499999046325684,2.9000000953674316
2018-09-13,6100,3.0,3.0999999046325684,3.0999999046325684,3.0,3.0999999046325684
2018-09-12,4400,3.0999999046325684,3.0999999046325684,3.0999999046325684,3.049999952316284,3.0999999046325684
2018-09-11,14200,3.0999999046325684,3.0999999046325684,3.0999999046325684,2.700000047683716,3.0999999046325684
2018-09-10,9500,2.890000104904175,3.0999999046325684,3.0999999046325684,2.609999895095825,3.0999999046325684
2018-09-07,5100,2.6500000953674316,2.9000000953674316,2.9000000953674316,2.6500000953674316,2.9000000953674316
2018-09-06,300,2.700000047683716,2.700000047683716,2.700000047683716,2.700000047683716,2.700000047683716
2018-09-05,600,2.75,2.75,2.75,2.75,2.75
2018-09-04,100,2.6500000953674316,2.6500000953674316,2.6500000953674316,2.6500000953674316,2.6500000953674316
2018-08-31,200,2.9000000953674316,2.9000000953674316,2.9000000953674316,2.9000000953674316,2.9000000953674316
2018-08-30,1100,2.9000000953674316,2.9000000953674316,2.9000000953674316,2.8499999046325684,2.9000000953674316
2018-08-29,200,2.9000000953674316,2.9000000953674316,2.9000000953674316,2.9000000953674316,2.9000000953674316
2018-08-28,1100,2.5999999046325684,2.9000000953674316,2.9000000953674316,2.5999999046325684,2.9000000953674316
2018-08-27,200,2.9000000953674316,2.9000000953674316,2.9000000953674316,2.9000000953674316,2.9000000953674316
2018-08-24,300,2.9000000953674316,2.9000000953674316,2.9000000953674316,2.9000000953674316,2.9000000953674316
2018-08-23,28200,2.799999952316284,2.9000000953674316,2.9000000953674316,2.75,2.9000000953674316
2018-08-22,400,2.75,2.75,2.75,2.75,2.75
2018-08-21,1100,2.700000047683716,2.700000047683716,2.700000047683716,2.700000047683716,2.700000047683716
2018-08-20,26700,2.6500000953674316,2.700000047683716,2.8499999046325684,2.5999999046325684,2.700000047683716
2018-08-17,2100,2.700000047683716,2.75,2.75,2.700000047683716,2.75
2018-08-16,400,2.799999952316284,2.799999952316284,2.799999952316284,2.799999952316284,2.799999952316284
2018-08-15,3000,2.8499999046325684,2.8499999046325684,2.8499999046325684,2.8499999046325684,2.8499999046325684
2018-08-14,1500,2.8499999046325684,2.8499999046325684,2.9100000858306885,2.8499999046325684,2.8499999046325684
2018-08-13,200,2.859999895095825,2.859999895095825,2.859999895095825,2.859999895095825,2.859999895095825
2018-08-10,400,2.8499999046325684,2.859999895095825,2.859999895095825,2.8499999046325684,2.859999895095825
2018-08-09,700,2.940000057220459,2.859999895095825,2.940000057220459,2.859999895095825,2.859999895095825
2018-08-08,0,2.950000047683716,2.950000047683716,2.950000047683716,2.950000047683716,2.950000047683716
2018-08-07,0,2.950000047683716,2.950000047683716,2.950000047683716,2.950000047683716,2.950000047683716
2018-08-06,200,2.950000047683716,2.950000047683716,2.950000047683716,2.950000047683716,2.950000047683716
2018-08-03,3200,2.880000114440918,2.9200000762939453,2.9200000762939453,2.880000114440918,2.9200000762939453
2018-08-02,4500,2.8499999046325684,2.8499999046325684,2.8499999046325684,2.8399999141693115,2.8499999046325684
2018-08-01,1500,2.8499999046325684,2.8399999141693115,2.8499999046325684,2.8399999141693115,2.8399999141693115
2018-07-31,1800,2.8499999046325684,2.8399999141693115,2.859999895095825,2.8399999141693115,2.8399999141693115
2018-07-30,0,2.8499999046325684,2.8499999046325684,2.8499999046325684,2.8499999046325684,2.8499999046325684
2018-07-27,3200,2.9000000953674316,2.8499999046325684,2.9000000953674316,2.8499999046325684,2.8499999046325684
2018-07-26,100,2.8499999046325684,2.8499999046325684,2.8499999046325684,2.8499999046325684,2.8499999046325684
2018-07-25,0,2.9000000953674316,2.9000000953674316,2.9000000953674316,2.9000000953674316,2.9000000953674316
2018-07-24,0,2.9000000953674316,2.9000000953674316,2.9000000953674316,2.9000000953674316,2.9000000953674316
2018-07-23,200,2.890000104904175,2.9000000953674316,2.9000000953674316,2.890000104904175,2.9000000953674316
2018-07-20,1000,2.950000047683716,2.930000066757202,2.950000047683716,2.930000066757202,2.930000066757202
2018-07-19,400,2.9800000190734863,2.950000047683716,2.9800000190734863,2.950000047683716,2.950000047683716
2018-07-18,0,3.0399999618530273,3.0399999618530273,3.0399999618530273,3.0399999618530273,3.0399999618530273
2018-07-17,0,3.0399999618530273,3.0399999618530273,3.0399999618530273,3.0399999618530273,3.0399999618530273
2018-07-16,0,3.0399999618530273,3.0399999618530273,3.0399999618530273,3.0399999618530273,3.0399999618530273
2018-07-13,0,3.0399999618530273,3.0399999618530273,3.0399999618530273,3.0399999618530273,3.0399999618530273
2018-07-12,0,3.0399999618530273,3.0399999618530273,3.0399999618530273,3.0399999618530273,3.0399999618530273
2018-07-11,100,3.0399999618530273,3.0399999618530273,3.0399999618530273,3.0399999618530273,3.0399999618530273
2018-07-10,5300,2.950000047683716,3.0,3.049999952316284,2.950000047683716,3.0
2018-07-09,1600,3.0,2.8499999046325684,3.0,2.8499999046325684,2.8499999046325684
2018-07-06,300,2.859999895095825,2.859999895095825,2.859999895095825,2.859999895095825,2.859999895095825
2018-07-05,0,2.859999895095825,2.859999895095825,2.859999895095825,2.859999895095825,2.859999895095825
2018-07-03,400,2.859999895095825,2.859999895095825,2.859999895095825,2.859999895095825,2.859999895095825
2018-07-02,400,2.950000047683716,2.950000047683716,2.950000047683716,2.950000047683716,2.950000047683716
2018-06-29,1900,2.8499999046325684,2.880000114440918,2.880000114440918,2.8499999046325684,2.880000114440918
2018-06-28,3000,2.8499999046325684,2.8499999046325684,2.9000000953674316,2.799999952316284,2.8499999046325684
2018-06-27,300,2.9100000858306885,2.9100000858306885,2.9100000858306885,2.9100000858306885,2.9100000858306885
2018-06-26,0,2.9800000190734863,2.9800000190734863,2.9800000190734863,2.9800000190734863,2.9800000190734863
2018-06-25,1500,3.049999952316284,2.9800000190734863,3.049999952316284,2.9800000190734863,2.9800000190734863
2018-06-22,500,2.9000000953674316,3.049999952316284,3.049999952316284,2.9000000953674316,3.049999952316284
2018-06-21,5300,3.0,3.0,3.009999990463257,2.9000000953674316,3.0
2018-06-20,4600,3.1500000953674316,3.0,3.1500000953674316,3.0,3.0
2018-06-19,3400,3.049999952316284,2.9000000953674316,3.1500000953674316,2.9000000953674316,2.9000000953674316
2018-06-18,900,2.950000047683716,3.0,3.0,2.950000047683716,3.0
2018-06-15,2500,2.9700000286102295,2.9000000953674316,2.9700000286102295,2.9000000953674316,2.9000000953674316
2018-06-14,0,2.9800000190734863,2.9800000190734863,2.9800000190734863,2.9800000190734863,2.9800000190734863
2018-06-13,600,2.9800000190734863,2.9800000190734863,2.9800000190734863,2.9800000190734863,2.9800000190734863
2018-06-12,1900,3.0,3.0,3.0,3.0,3.0
2018-06-11,900,2.950000047683716,3.049999952316284,3.049999952316284,2.950000047683716,3.049999952316284
2018-06-08,20800,3.049999952316284,3.049999952316284,3.049999952316284,2.9800000190734863,3.049999952316284
2018-06-07,19800,2.9600000381469727,2.9800000190734863,3.0,2.940000057220459,2.9800000190734863
2018-06-06,3800,2.9800000190734863,2.950000047683716,2.9800000190734863,2.950000047683716,2.950000047683716
2018-06-05,5800,2.9200000762939453,3.0,3.0,2.9200000762939453,3.0
2018-06-04,1800,2.950000047683716,2.950000047683716,2.950000047683716,2.9000000953674316,2.950000047683716
2018-06-01,8200,2.950000047683716,3.0,3.0,2.9200000762939453,3.0
2018-05-31,1000,2.950000047683716,2.930000066757202,2.950000047683716,2.930000066757202,2.930000066757202
2018-05-30,6100,2.9000000953674316,2.9000000953674316,2.950000047683716,2.9000000953674316,2.9000000953674316
2018-05-29,500,2.9000000953674316,2.950000047683716,2.950000047683716,2.9000000953674316,2.950000047683716
2018-05-25,300,2.9000000953674316,2.9000000953674316,2.9000000953674316,2.9000000953674316,2.9000000953674316
2018-05-24,0,2.950000047683716,2.950000047683716,2.950000047683716,2.950000047683716,2.950000047683716
2018-05-23,4700,2.9000000953674316,2.950000047683716,2.9600000381469727,2.9000000953674316,2.950000047683716
2018-05-22,2000,2.9000000953674316,2.950000047683716,2.950000047683716,2.9000000953674316,2.950000047683716
2018-05-21,2400,3.049999952316284,2.9200000762939453,3.049999952316284,2.9000000953674316,2.9200000762939453
2018-05-18,5200,2.9000000953674316,2.950000047683716,2.950000047683716,2.9000000953674316,2.950000047683716
2018-05-17,1700,2.950000047683716,2.950000047683716,2.950000047683716,2.9000000953674316,2.950000047683716
2018-05-16,900,3.0,2.950000047683716,3.049999952316284,2.950000047683716,2.950000047683716
2018-05-15,8500,3.0999999046325684,2.9700000286102295,3.0999999046325684,2.9700000286102295,2.9700000286102295
2018-05-14,5900,2.880000114440918,2.9000000953674316,2.950000047683716,2.859999895095825,2.9000000953674316
2018-05-11,2800,2.9000000953674316,2.9000000953674316,2.9100000858306885,2.9000000953674316,2.9000000953674316
2018-05-10,2400,3.1500000953674316,3.0,3.1500000953674316,2.9100000858306885,3.0
2018-05-09,2400,3.200000047683716,2.950000047683716,3.200000047683716,2.950000047683716,2.950000047683716
2018-05-08,4600,3.200000047683716,2.950000047683716,3.200000047683716,2.8499999046325684,2.950000047683716
2018-05-07,50000,3.25,2.9000000953674316,3.25,2.8499999046325684,2.9000000953674316
2018-05-04,61600,2.859999895095825,3.1500000953674316,3.1500000953674316,2.8499999046325684,3.1500000953674316
2018-05-03,2200,2.950000047683716,2.8499999046325684,2.950000047683716,2.8499999046325684,2.8499999046325684
2018-05-02,0,2.950000047683716,2.950000047683716,2.950000047683716,2.950000047683716,2.950000047683716
2018-05-01,2300,2.950000047683716,2.950000047683716,2.950000047683716,2.950000047683716,2.950000047683716
2018-04-30,0,2.9800000190734863,2.9800000190734863,2.9800000190734863,2.9800000190734863,2.9800000190734863
2018-04-27,200,2.9800000190734863,2.9800000190734863,2.9800000190734863,2.9800000190734863,2.9800000190734863
2018-04-26,0,2.8499999046325684,2.8499999046325684,2.8499999046325684,2.8499999046325684,2.8499999046325684
2018-04-25,4600,2.869999885559082,2.8499999046325684,2.869999885559082,2.8499999046325684,2.8499999046325684
2018-04-24,0,2.8499999046325684,2.8499999046325684,2.8499999046325684,2.8499999046325684,2.8499999046325684
2018-04-23,400,2.8499999046325684,2.8499999046325684,2.8499999046325684,2.8499999046325684,2.8499999046325684
2018-04-20,800,3.049999952316284,2.950000047683716,3.049999952316284,2.9100000858306885,2.950000047683716
2018-04-19,3300,2.8499999046325684,2.859999895095825,2.9100000858306885,2.8499999046325684,2.859999895095825
2018-04-18,0,2.9000000953674316,2.9000000953674316,2.9000000953674316,2.9000000953674316,2.9000000953674316
2018-04-17,5000,2.950000047683716,2.9000000953674316,2.950000047683716,2.8499999046325684,2.9000000953674316
2018-04-16,1800,3.0,3.0,3.0,3.0,3.0
2018-04-13,2600,3.0,2.950000047683716,3.0,2.9000000953674316,2.950000047683716
2018-04-12,0,2.9600000381469727,2.9600000381469727,2.9600000381469727,2.9600000381469727,2.9600000381469727
2018-04-11,600,2.950000047683716,2.9600000381469727,2.9600000381469727,2.950000047683716,2.9600000381469727
2018-04-10,800,3.0,2.9700000286102295,3.0,2.9700000286102295,2.9700000286102295
2018-04-09,5800,2.950000047683716,2.950000047683716,3.0199999809265137,2.950000047683716,2.950000047683716
2018-04-06,1200,2.950000047683716,2.9100000858306885,2.9600000381469727,2.9100000858306885,2.9100000858306885
2018-04-05,1900,2.9000000953674316,2.9000000953674316,2.9000000953674316,2.9000000953674316,2.9000000953674316
2018-04-04,2700,2.9000000953674316,2.9000000953674316,2.9200000762939453,2.9000000953674316,2.9000000953674316
2018-04-03,700,2.950000047683716,2.8499999046325684,3.0,2.8499999046325684,2.8499999046325684
2018-04-02,2800,3.0,2.8499999046325684,3.0,2.8499999046325684,2.8499999046325684
2018-03-29,1300,2.9000000953674316,3.0,3.0,2.9000000953674316,3.0
2018-03-28,17900,2.799999952316284,2.8499999046325684,2.869999885559082,2.799999952316284,2.8499999046325684
2018-03-27,16200,2.9000000953674316,2.8299999237060547,2.9100000858306885,2.799999952316284,2.8299999237060547
2018-03-26,4100,2.950000047683716,3.0,3.0,2.950000047683716,3.0
2018-03-23,1400,2.990000009536743,3.049999952316284,3.049999952316284,2.990000009536743,3.049999952316284
2018-03-22,800,2.9200000762939453,2.9200000762939453,2.9200000762939453,2.9200000762939453,2.9200000762939453
2018-03-21,36600,3.0999999046325684,3.0999999046325684,3.1500000953674316,2.9100000858306885,3.0999999046325684
2018-03-20,15100,2.950000047683716,3.0999999046325684,3.25,2.950000047683716,3.0999999046325684
2018-03-19,900,3.0999999046325684,2.9100000858306885,3.0999999046325684,2.9100000858306885,2.9100000858306885
2018-03-16,900,3.200000047683716,3.0,3.200000047683716,3.0,3.0
2018-03-15,4500,2.9000000953674316,2.869999885559082,2.9200000762939453,2.8499999046325684,2.869999885559082
2018-03-14,4500,3.049999952316284,2.9700000286102295,3.049999952316284,2.9700000286102295,2.9700000286102295
2018-03-13,1500,3.0,3.0199999809265137,3.0199999809265137,3.0,3.0199999809265137
2018-03-12,5400,3.0,3.0199999809265137,3.049999952316284,3.0,3.0199999809265137
2018-03-09,4200,3.049999952316284,2.9600000381469727,3.049999952316284,2.950000047683716,2.9600000381469727
2018-03-08,36300,2.950000047683716,3.049999952316284,3.049999952316284,2.799999952316284,3.049999952316284
2018-03-07,74200,2.8499999046325684,2.9000000953674316,3.0299999713897705,2.799999952316284,2.9000000953674316
2018-03-06,14500,2.9000000953674316,2.75,2.9000000953674316,2.75,2.75
2018-03-05,15600,2.8499999046325684,2.880000114440918,2.9000000953674316,2.75,2.880000114440918
2018-03-02,4000,2.680000066757202,2.7899999618530273,2.7899999618530273,2.680000066757202,2.7899999618530273
2018-03-01,2300,2.700000047683716,2.6500000953674316,2.700000047683716,2.6500000953674316,2.6500000953674316
2018-02-28,1700,2.7100000381469727,2.6500000953674316,2.7100000381469727,2.6500000953674316,2.6500000953674316
2018-02-27,8900,2.680000066757202,2.7300000190734863,2.75,2.680000066757202,2.7300000190734863
2018-02-26,10800,2.75,2.700000047683716,2.75,2.6500000953674316,2.700000047683716
2018-02-23,7500,2.9000000953674316,2.8499999046325684,2.9000000953674316,2.7300000190734863,2.8499999046325684
2018-02-22,5200,2.8499999046325684,2.6500000953674316,2.8499999046325684,2.6500000953674316,2.6500000953674316
2018-02-21,23800,2.8499999046325684,2.8499999046325684,2.9000000953674316,2.75,2.8499999046325684
2018-02-20,13100,2.5999999046325684,2.6500000953674316,2.8499999046325684,2.559999942779541,2.6500000953674316
2018-02-16,9600,2.75,2.680000066757202,2.799999952316284,2.6500000953674316,2.680000066757202
2018-02-15,19400,2.9000000953674316,2.799999952316284,2.9000000953674316,2.700000047683716,2.799999952316284
2018-02-14,58700,3.2200000286102295,2.700000047683716,3.2200000286102295,2.4000000953674316,2.700000047683716
2018-02-13,74100,3.1500000953674316,3.200000047683716,3.25,2.799999952316284,3.200000047683716
2018-02-12,20000,2.5999999046325684,3.0,3.0,2.549999952316284,3.0
2018-02-09,3900,2.549999952316284,2.5899999141693115,2.5999999046325684,2.549999952316284,2.5899999141693115
2018-02-08,5000,2.6500000953674316,2.5999999046325684,2.6500000953674316,2.5999999046325684,2.5999999046325684
2018-02-07,1700,2.5,2.549999952316284,2.609999895095825,2.5,2.549999952316284
2018-02-06,16500,2.5,2.549999952316284,2.559999942779541,2.450000047683716,2.549999952316284
2018-02-05,3800,2.6700000762939453,2.6600000858306885,2.6700000762939453,2.6500000953674316,2.6600000858306885
2018-02-02,6100,2.6500000953674316,2.680000066757202,2.75,2.6500000953674316,2.680000066757202
2018-02-01,6700,2.700000047683716,2.690000057220459,2.799999952316284,2.6500000953674316,2.690000057220459
2018-01-31,500,2.6500000953674316,2.6500000953674316,2.6500000953674316,2.6500000953674316,2.6500000953674316
2018-01-30,17300,2.75,2.6500000953674316,2.75,2.549999952316284,2.6500000953674316
2018-01-29,1400,2.9000000953674316,2.799999952316284,2.9000000953674316,2.799999952316284,2.799999952316284
2018-01-26,14900,2.799999952316284,2.799999952316284,2.9000000953674316,2.75,2.799999952316284
2018-01-25,600,2.950000047683716,2.950000047683716,2.950000047683716,2.869999885559082,2.950000047683716
2018-01-24,6200,2.9200000762939453,2.9000000953674316,2.950000047683716,2.9000000953674316,2.9000000953674316
2018-01-23,5400,2.9000000953674316,2.950000047683716,3.0,2.9000000953674316,2.950000047683716
2018-01-22,21200,2.8499999046325684,2.9000000953674316,2.950000047683716,2.799999952316284,2.9000000953674316
2018-01-19,62400,3.25,2.9000000953674316,3.25,2.9000000953674316,2.9000000953674316
2018-01-18,67300,3.049999952316284,3.25,3.25,3.049999952316284,3.25
2018-01-17,5300,3.009999990463257,3.0,3.0999999046325684,3.0,3.0
2018-01-16,5100,3.0999999046325684,3.1500000953674316,3.200000047683716,3.0999999046325684,3.1500000953674316
2018-01-12,4800,3.200000047683716,3.1500000953674316,3.200000047683716,3.0999999046325684,3.1500000953674316
2018-01-11,3600,3.299999952316284,3.180000066757202,3.299999952316284,3.1500000953674316,3.180000066757202
2018-01-10,24800,3.200000047683716,3.200000047683716,3.25,3.0999999046325684,3.200000047683716
2018-01-09,29000,3.3499999046325684,3.200000047683716,3.5,3.200000047683716,3.200000047683716
2018-01-08,42400,3.299999952316284,3.25,3.299999952316284,3.1500000953674316,3.25
2018-01-05,114100,3.0999999046325684,3.1500000953674316,3.549999952316284,3.0,3.1500000953674316
2018-01-04,8400,3.0,3.049999952316284,3.049999952316284,3.0,3.049999952316284
2018-01-03,1800,3.0,2.990000009536743,3.0,2.9600000381469727,2.990000009536743
2018-01-02,9000,2.9000000953674316,2.950000047683716,3.0,2.9000000953674316,2.950000047683716
2017-12-29,3600,2.940000057220459,2.880000114440918,2.950000047683716,2.859999895095825,2.880000114440918
2017-12-28,2600,2.940000057220459,2.9600000381469727,3.0199999809265137,2.940000057220459,2.9600000381469727
2017-12-27,10800,3.049999952316284,2.9000000953674316,3.049999952316284,2.75,2.9000000953674316
2017-12-26,3300,2.9000000953674316,2.9800000190734863,2.9800000190734863,2.9000000953674316,2.9800000190734863
2017-12-22,18400,2.799999952316284,2.9000000953674316,2.9000000953674316,2.75,2.9000000953674316
2017-12-21,4700,2.700000047683716,2.700000047683716,2.740000009536743,2.700000047683716,2.700000047683716
2017-12-20,1100,2.6600000858306885,2.6600000858306885,2.6600000858306885,2.6600000858306885,2.6600000858306885
2017-12-19,6200,2.6500000953674316,2.6600000858306885,2.7200000286102295,2.6500000953674316,2.6600000858306885
2017-12-18,600,2.700000047683716,2.740000009536743,2.740000009536743,2.700000047683716,2.740000009536743
2017-12-15,800,2.6500000953674316,2.700000047683716,2.700000047683716,2.6500000953674316,2.700000047683716
2017-12-14,200,2.75,2.75,2.75,2.75,2.75
2017-12-13,9200,2.700000047683716,2.6500000953674316,2.700000047683716,2.6500000953674316,2.6500000953674316
2017-12-12,8800,2.75,2.700000047683716,2.75,2.680000066757202,2.700000047683716
2017-12-11,700,2.700000047683716,2.630000114440918,2.700000047683716,2.630000114440918,2.630000114440918
2017-12-08,14600,2.619999885559082,2.700000047683716,2.700000047683716,2.5999999046325684,2.700000047683716
2017-12-07,200,2.6500000953674316,2.6500000953674316,2.6500000953674316,2.6500000953674316,2.6500000953674316
2017-12-06,6300,2.6500000953674316,2.549999952316284,2.6500000953674316,2.549999952316284,2.549999952316284
2017-12-05,31700,2.75,2.700000047683716,2.75,2.5999999046325684,2.700000047683716
2017-12-04,64100,2.5999999046325684,2.7300000190734863,2.75,2.5799999237060547,2.7300000190734863
2017-12-01,12300,2.450000047683716,2.5299999713897705,2.549999952316284,2.450000047683716,2.5299999713897705
2017-11-30,500,2.5,2.5,2.5,2.5,2.5
2017-11-29,4400,2.5,2.549999952316284,2.549999952316284,2.5,2.549999952316284
2017-11-28,2500,2.509999990463257,2.549999952316284,2.549999952316284,2.509999990463257,2.549999952316284
2017-11-27,300,2.549999952316284,2.5,2.549999952316284,2.5,2.5
2017-11-24,600,2.5,2.549999952316284,2.549999952316284,2.5,2.549999952316284
2017-11-22,10700,2.450000047683716,2.5,2.549999952316284,2.450000047683716,2.5
2017-11-21,16200,2.5799999237060547,2.450000047683716,2.5999999046325684,2.450000047683716,2.450000047683716
2017-11-20,2500,2.450000047683716,2.549999952316284,2.549999952316284,2.450000047683716,2.549999952316284
2017-11-17,10600,2.450000047683716,2.4000000953674316,2.450000047683716,2.4000000953674316,2.4000000953674316
2017-11-16,4900,2.5,2.450000047683716,2.549999952316284,2.450000047683716,2.450000047683716
2017-11-15,6400,2.700000047683716,2.549999952316284,2.700000047683716,2.5399999618530273,2.549999952316284
2017-11-14,18900,2.799999952316284,2.5999999046325684,2.799999952316284,2.549999952316284,2.5999999046325684
2017-11-13,3000,2.450000047683716,2.5,2.549999952316284,2.450000047683716,2.5
2017-11-10,14700,2.5,2.4000000953674316,2.5999999046325684,2.4000000953674316,2.4000000953674316
2017-11-09,8000,2.4000000953674316,2.5,2.630000114440918,2.4000000953674316,2.5
2017-11-08,13700,2.450000047683716,2.5,2.5,2.4000000953674316,2.5
2017-11-07,39200,2.4000000953674316,2.4000000953674316,2.450000047683716,2.380000114440918,2.4000000953674316
2017-11-06,6500,2.4000000953674316,2.3499999046325684,2.4200000762939453,2.309999942779541,2.3499999046325684
2017-11-03,5900,2.3499999046325684,2.3499999046325684,2.359999895095825,2.3499999046325684,2.3499999046325684
2017-11-02,7900,2.5,2.3499999046325684,2.5,2.3499999046325684,2.3499999046325684
2017-11-01,34200,2.5,2.4000000953674316,2.700000047683716,2.4000000953674316,2.4000000953674316
2017-10-31,55500,2.3499999046325684,2.450000047683716,2.5,2.299999952316284,2.450000047683716
2017-10-30,16700,2.5,2.3499999046325684,2.5,2.299999952316284,2.3499999046325684
2017-10-27,39900,2.4000000953674316,2.450000047683716,2.6500000953674316,2.3499999046325684,2.450000047683716
2017-10-26,37300,2.3499999046325684,2.4000000953674316,2.4000000953674316,2.259999990463257,2.4000000953674316
2017-10-25,29000,2.3499999046325684,2.3499999046325684,2.4000000953674316,2.25,2.3499999046325684
2017-10-24,70000,2.4000000953674316,2.3499999046325684,2.5,2.299999952316284,2.3499999046325684
2017-10-23,614800,2.3499999046325684,2.4000000953674316,2.9000000953674316,2.1500000953674316,2.4000000953674316
2017-10-20,4300,2.25,2.25,2.299999952316284,2.25,2.25
2017-10-19,3900,2.200000047683716,2.200000047683716,2.25,2.200000047683716,2.200000047683716
2017-10-18,6800,2.25,2.200000047683716,2.299999952316284,2.200000047683716,2.200000047683716
2017-10-17,10000,2.25,2.1500000953674316,2.25,2.1500000953674316,2.1500000953674316
2017-10-16,4500,2.4000000953674316,2.25,2.4000000953674316,2.25,2.25
2017-10-13,4500,2.25,2.4000000953674316,2.4000000953674316,2.25,2.4000000953674316
2017-10-12,27700,2.3499999046325684,2.299999952316284,2.3499999046325684,2.25,2.299999952316284
2017-10-11,8600,2.4100000858306885,2.380000114440918,2.440000057220459,2.3499999046325684,2.380000114440918
2017-10-10,11300,2.4000000953674316,2.450000047683716,2.450000047683716,2.4000000953674316,2.450000047683716
2017-10-09,4900,2.3499999046325684,2.430000066757202,2.430000066757202,2.3499999046325684,2.430000066757202
2017-10-06,3300,2.390000104904175,2.3499999046325684,2.390000104904175,2.3499999046325684,2.3499999046325684
2017-10-05,25700,2.430000066757202,2.3499999046325684,2.5,2.3499999046325684,2.3499999046325684
2017-10-04,28600,2.450000047683716,2.5,2.5,2.3499999046325684,2.5
2017-10-03,24200,2.299999952316284,2.3499999046325684,2.4200000762939453,2.299999952316284,2.3499999046325684
2017-10-02,18000,2.299999952316284,2.299999952316284,2.3499999046325684,2.25,2.299999952316284
2017-09-29,16800,2.1500000953674316,2.259999990463257,2.299999952316284,2.1500000953674316,2.259999990463257
2017-09-28,60800,2.450000047683716,2.25,2.450000047683716,2.0999999046325684,2.25
2017-09-27,168500,3.0,2.2799999713897705,3.1500000953674316,2.25,2.2799999713897705
2017-09-26,5400,2.450000047683716,2.5399999618530273,2.549999952316284,2.430000066757202,2.5399999618530273
2017-09-25,6300,2.450000047683716,2.4000000953674316,2.450000047683716,2.4000000953674316,2.4000000953674316
2017-09-22,1200,2.4000000953674316,2.5,2.5,2.4000000953674316,2.5
2017-09-21,1400,2.549999952316284,2.4000000953674316,2.549999952316284,2.4000000953674316,2.4000000953674316
2017-09-20,2200,2.5999999046325684,2.450000047683716,2.5999999046325684,2.4000000953674316,2.450000047683716
2017-09-19,0,2.4000000953674316,2.4000000953674316,2.4000000953674316,2.4000000953674316,2.4000000953674316
2017-09-18,14200,2.450000047683716,2.4000000953674316,2.5,2.4000000953674316,2.4000000953674316
2017-09-15,12000,2.5,2.4000000953674316,2.5999999046325684,2.4000000953674316,2.4000000953674316
2017-09-14,1000,2.5,2.549999952316284,2.549999952316284,2.450000047683716,2.549999952316284
2017-09-13,15400,2.5,2.5999999046325684,2.5999999046325684,2.4000000953674316,2.5999999046325684
2017-09-12,2400,2.549999952316284,2.549999952316284,2.5799999237060547,2.549999952316284,2.549999952316284
2017-09-11,900,2.5,2.5999999046325684,2.5999999046325684,2.5,2.5999999046325684
2017-09-08,2000,2.549999952316284,2.5,2.5999999046325684,2.5,2.5
2017-09-07,3000,2.549999952316284,2.4000000953674316,2.5999999046325684,2.4000000953674316,2.4000000953674316
2017-09-06,1000,2.450000047683716,2.5,2.5999999046325684,2.450000047683716,2.5
2017-09-05,1800,2.3499999046325684,2.5999999046325684,2.5999999046325684,2.3499999046325684,2.5999999046325684
2017-09-01,500,2.450000047683716,2.5,2.5,2.450000047683716,2.5
2017-08-31,4300,2.5,2.450000047683716,2.5999999046325684,2.450000047683716,2.450000047683716
2017-08-30,0,2.5,2.5,2.5,2.5,2.5
2017-08-29,0,2.5,2.5,2.5,2.5,2.5
2017-08-28,1300,2.5,2.5,2.5,2.5,2.5
2017-08-25,800,2.5,2.5,2.5,2.5,2.5
2017-08-24,3200,2.5999999046325684,2.549999952316284,2.5999999046325684,2.549999952316284,2.549999952316284
2017-08-23,3500,2.549999952316284,2.549999952316284,2.5899999141693115,2.549999952316284,2.549999952316284
2017-08-22,700,2.700000047683716,2.5999999046325684,2.700000047683716,2.5999999046325684,2.5999999046325684
2017-08-21,4300,2.5999999046325684,2.700000047683716,2.700000047683716,2.5999999046325684,2.700000047683716
2017-08-18,700,2.5999999046325684,2.5999999046325684,2.5999999046325684,2.5799999237060547,2.5999999046325684
2017-08-17,8600,2.5,2.549999952316284,2.5999999046325684,2.450000047683716,2.549999952316284
2017-08-16,0,2.6500000953674316,2.6500000953674316,2.6500000953674316,2.6500000953674316,2.6500000953674316
2017-08-15,200,2.6500000953674316,2.6500000953674316,2.6500000953674316,2.6500000953674316,2.6500000953674316
2017-08-14,5000,2.549999952316284,2.549999952316284,2.549999952316284,2.549999952316284,2.549999952316284
2017-08-11,8200,2.549999952316284,2.549999952316284,2.5999999046325684,2.5,2.549999952316284
2017-08-10,0,2.5899999141693115,2.5899999141693115,2.5899999141693115,2.5899999141693115,2.5899999141693115
2017-08-09,7200,2.549999952316284,2.5899999141693115,2.5899999141693115,2.5299999713897705,2.5899999141693115
2017-08-08,3400,2.6500000953674316,2.5999999046325684,2.6500000953674316,2.5999999046325684,2.5999999046325684
2017-08-07,400,2.549999952316284,2.549999952316284,2.549999952316284,2.549999952316284,2.549999952316284
2017-08-04,6900,2.75,2.700000047683716,2.75,2.609999895095825,2.700000047683716
2017-08-03,500,2.5999999046325684,2.5999999046325684,2.5999999046325684,2.5999999046325684,2.5999999046325684
2017-08-02,6900,2.6500000953674316,2.6500000953674316,2.6500000953674316,2.6500000953674316,2.6500000953674316
2017-08-01,19400,2.700000047683716,2.5999999046325684,2.700000047683716,2.5999999046325684,2.5999999046325684
2017-07-31,500,2.700000047683716,2.6500000953674316,2.700000047683716,2.6500000953674316,2.6500000953674316
2017-07-28,5000,2.6500000953674316,2.6500000953674316,2.6500000953674316,2.6500000953674316,2.6500000953674316
2017-07-27,16200,2.5999999046325684,2.549999952316284,2.5999999046325684,2.549999952316284,2.549999952316284
2017-07-26,5200,2.6500000953674316,2.5,2.700000047683716,2.5,2.5
2017-07-25,10900,2.6500000953674316,2.549999952316284,2.700000047683716,2.549999952316284,2.549999952316284
2017-07-24,12000,2.5999999046325684,2.6500000953674316,2.6500000953674316,2.5999999046325684,2.6500000953674316
2017-07-21,8100,2.5999999046325684,2.6500000953674316,2.6500000953674316,2.5999999046325684,2.6500000953674316
2017-07-20,13000,2.6500000953674316,2.6500000953674316,2.6500000953674316,2.5999999046325684,2.6500000953674316
2017-07-19,20100,2.619999885559082,2.5999999046325684,2.619999885559082,2.5,2.5999999046325684
2017-07-18,57400,2.3499999046325684,2.549999952316284,2.5999999046325684,2.3499999046325684,2.549999952316284
2017-07-17,14800,2.5999999046325684,2.299999952316284,2.6500000953674316,2.299999952316284,2.299999952316284
2017-07-14,1500,2.700000047683716,2.6500000953674316,2.700000047683716,2.6500000953674316,2.6500000953674316
2017-07-13,4600,2.6500000953674316,2.6500000953674316,2.75,2.6500000953674316,2.6500000953674316
2017-07-12,5100,2.7200000286102295,2.6500000953674316,2.7200000286102295,2.6500000953674316,2.6500000953674316
2017-07-11,5600,2.799999952316284,2.6500000953674316,2.799999952316284,2.6500000953674316,2.6500000953674316
2017-07-10,16900,2.809999942779541,2.700000047683716,2.809999942779541,2.700000047683716,2.700000047683716
2017-07-07,9100,2.8499999046325684,2.75,2.8499999046325684,2.75,2.75
2017-07-06,800,2.8499999046325684,2.799999952316284,2.8499999046325684,2.799999952316284,2.799999952316284
2017-07-05,10200,2.799999952316284,2.75,2.9000000953674316,2.75,2.75
2017-07-03,2100,2.799999952316284,2.799999952316284,2.799999952316284,2.75,2.799999952316284
2017-06-30,8800,2.799999952316284,2.799999952316284,2.8299999237060547,2.75,2.799999952316284
2017-06-29,0,2.8499999046325684,2.8499999046325684,2.8499999046325684,2.8499999046325684,2.8499999046325684
2017-06-28,10800,2.799999952316284,2.8499999046325684,2.8499999046325684,2.799999952316284,2.8499999046325684
2017-06-27,11400,2.8299999237060547,2.700000047683716,2.9000000953674316,2.700000047683716,2.700000047683716
2017-06-26,17100,2.799999952316284,2.75,2.799999952316284,2.700000047683716,2.75
2017-06-23,0,2.799999952316284,2.799999952316284,2.799999952316284,2.799999952316284,2.799999952316284
2017-06-22,0,2.799999952316284,2.799999952316284,2.799999952316284,2.799999952316284,2.799999952316284
2017-06-21,1300,2.799999952316284,2.799999952316284,2.799999952316284,2.799999952316284,2.799999952316284
2017-06-20,1500,2.75,2.75,2.8399999141693115,2.75,2.75
2017-06-19,8700,2.75,2.8499999046325684,2.8499999046325684,2.75,2.8499999046325684
2017-06-16,300,2.799999952316284,2.799999952316284,2.799999952316284,2.799999952316284,2.799999952316284
2017-06-15,2900,2.8499999046325684,2.799999952316284,2.8499999046325684,2.799999952316284,2.799999952316284
2017-06-14,17300,2.950000047683716,2.8499999046325684,3.0,2.799999952316284,2.8499999046325684
2017-06-13,19000,2.799999952316284,2.9000000953674316,3.049999952316284,2.799999952316284,2.9000000953674316
2017-06-12,5200,3.0,2.799999952316284,3.049999952316284,2.799999952316284,2.799999952316284
2017-06-09,27400,3.0999999046325684,3.0,3.75,2.9000000953674316,3.0
2017-06-08,25400,2.8499999046325684,3.0999999046325684,3.1500000953674316,2.799999952316284,3.0999999046325684
2017-06-07,0,2.950000047683716,2.950000047683716,2.950000047683716,2.950000047683716,2.950000047683716
2017-06-06,0,2.950000047683716,2.950000047683716,2.950000047683716,2.950000047683716,2.950000047683716
2017-06-05,5900,2.9000000953674316,2.950000047683716,3.0999999046325684,2.799999952316284,2.950000047683716
2017-06-02,2000,2.9000000953674316,2.9000000953674316,2.9000000953674316,2.9000000953674316,2.9000000953674316
2017-06-01,300,3.049999952316284,3.049999952316284,3.049999952316284,3.049999952316284,3.049999952316284
2017-05-31,4500,2.950000047683716,2.950000047683716,3.049999952316284,2.9100000858306885,2.950000047683716
2017-05-30,3000,2.950000047683716,3.0,3.0,2.950000047683716,3.0
2017-05-26,1100,3.0,2.9200000762939453,3.0,2.9200000762939453,2.9200000762939453
2017-05-25,13000,2.9100000858306885,3.0,3.0,2.9100000858306885,3.0
2017-05-24,13700,3.049999952316284,3.0,3.0999999046325684,3.0,3.0
2017-05-23,500,3.069999933242798,3.0999999046325684,3.0999999046325684,3.069999933242798,3.0999999046325684
2017-05-22,400,3.0999999046325684,3.069999933242798,3.0999999046325684,3.069999933242798,3.069999933242798
2017-05-19,1100,3.0999999046325684,3.0999999046325684,3.0999999046325684,3.0999999046325684,3.0999999046325684
2017-05-18,2700,3.049999952316284,3.069999933242798,3.069999933242798,3.049999952316284,3.069999933242798
2017-05-17,9700,3.0999999046325684,3.0999999046325684,3.0999999046325684,3.0,3.0999999046325684
2017-05-16,3500,3.049999952316284,3.109999895095825,3.119999885559082,3.049999952316284,3.109999895095825
2017-05-15,9100,3.25,3.0999999046325684,3.25,3.0999999046325684,3.0999999046325684
2017-05-12,7900,3.049999952316284,3.1500000953674316,3.200000047683716,3.049999952316284,3.1500000953674316
2017-05-11,4500,3.049999952316284,3.0999999046325684,3.140000104904175,3.049999952316284,3.0999999046325684
2017-05-10,3200,3.0999999046325684,3.1500000953674316,3.1500000953674316,3.049999952316284,3.1500000953674316
2017-05-09,10300,3.200000047683716,3.1500000953674316,3.200000047683716,3.109999895095825,3.1500000953674316
2017-05-08,24100,3.0999999046325684,3.25,3.450000047683716,3.0999999046325684,3.25
2017-05-05,1300,3.200000047683716,3.200000047683716,3.200000047683716,3.0999999046325684,3.200000047683716
2017-05-04,1200,3.049999952316284,3.200000047683716,3.200000047683716,3.049999952316284,3.200000047683716
2017-05-03,14500,3.0999999046325684,3.200000047683716,3.200000047683716,3.0999999046325684,3.200000047683716
2017-05-02,400,3.1500000953674316,3.1500000953674316,3.1500000953674316,3.1500000953674316,3.1500000953674316
2017-05-01,14100,3.200000047683716,3.200000047683716,3.200000047683716,3.0999999046325684,3.200000047683716
2017-04-28,13900,2.950000047683716,3.200000047683716,3.200000047683716,2.950000047683716,3.200000047683716
2017-04-27,8000,2.9000000953674316,2.9000000953674316,2.9800000190734863,2.9000000953674316,2.9000000953674316
2017-04-26,19300,3.0,2.950000047683716,3.0,2.9000000953674316,2.950000047683716
2017-04-25,48800,2.8499999046325684,2.950000047683716,3.049999952316284,2.8499999046325684,2.950000047683716
2017-04-24,11400,2.9000000953674316,2.8499999046325684,2.950000047683716,2.75,2.8499999046325684
2017-04-21,2100,2.8499999046325684,2.9000000953674316,2.9000000953674316,2.8499999046325684,2.9000000953674316
2017-04-20,7200,2.8499999046325684,2.9000000953674316,2.9000000953674316,2.8499999046325684,2.9000000953674316
2017-04-19,9400,2.8499999046325684,2.9000000953674316,2.9000000953674316,2.8499999046325684,2.9000000953674316
2017-04-18,4700,2.8499999046325684,2.859999895095825,2.9000000953674316,2.8499999046325684,2.859999895095825
2017-04-17,8400,2.8499999046325684,2.9000000953674316,2.9000000953674316,2.8499999046325684,2.9000000953674316
2017-04-13,1700,2.8499999046325684,2.8499999046325684,2.869999885559082,2.8499999046325684,2.8499999046325684
2017-04-12,2700,2.8499999046325684,2.8499999046325684,2.8499999046325684,2.8499999046325684,2.8499999046325684
2017-04-11,33600,2.9000000953674316,2.8499999046325684,2.9000000953674316,2.8499999046325684,2.8499999046325684
2017-04-10,300,2.9000000953674316,2.9000000953674316,2.9000000953674316,2.9000000953674316,2.9000000953674316
2017-04-07,8700,2.950000047683716,2.950000047683716,2.950000047683716,2.8499999046325684,2.950000047683716
2017-04-06,25000,2.799999952316284,2.940000057220459,3.0,2.799999952316284,2.940000057220459
2017-04-05,1200,2.799999952316284,2.8299999237060547,2.8299999237060547,2.799999952316284,2.8299999237060547
2017-04-04,19700,2.8499999046325684,2.799999952316284,2.8499999046325684,2.799999952316284,2.799999952316284
2017-04-03,1100,2.799999952316284,2.75,2.890000104904175,2.75,2.75
2017-03-31,1000,2.799999952316284,2.8499999046325684,2.9000000953674316,2.799999952316284,2.8499999046325684
2017-03-30,7600,2.890000104904175,2.9000000953674316,2.9000000953674316,2.799999952316284,2.9000000953674316
2017-03-29,12400,2.799999952316284,2.799999952316284,2.9000000953674316,2.799999952316284,2.799999952316284
2017-03-28,2200,2.799999952316284,2.799999952316284,2.890000104904175,2.799999952316284,2.799999952316284
2017-03-27,1600,2.890000104904175,2.8399999141693115,2.890000104904175,2.8399999141693115,2.8399999141693115
2017-03-24,15600,2.799999952316284,2.950000047683716,2.990000009536743,2.75,2.950000047683716
2017-03-23,37100,2.549999952316284,2.799999952316284,2.799999952316284,2.549999952316284,2.799999952316284
2017-03-22,36000,3.200000047683716,2.5999999046325684,3.200000047683716,2.549999952316284,2.5999999046325684
2017-03-21,0,2.9000000953674316,2.9000000953674316,2.9000000953674316,2.9000000953674316,2.9000000953674316
2017-03-20,2900,3.0,2.9000000953674316,3.0999999046325684,2.9000000953674316,2.9000000953674316
2017-03-17,900,3.0,3.0,3.0,2.9000000953674316,3.0
2017-03-16,300,2.9000000953674316,2.9000000953674316,2.9000000953674316,2.9000000953674316,2.9000000953674316
2017-03-15,1400,2.9700000286102295,2.950000047683716,3.0,2.950000047683716,2.950000047683716
2017-03-14,400,3.049999952316284,3.049999952316284,3.049999952316284,3.049999952316284,3.049999952316284
2017-03-13,0,2.9000000953674316,2.9000000953674316,2.9000000953674316,2.9000000953674316,2.9000000953674316
2017-03-10,8800,3.200000047683716,2.9000000953674316,3.200000047683716,2.9000000953674316,2.9000000953674316
2017-03-09,33300,3.200000047683716,3.0999999046325684,3.200000047683716,2.8499999046325684,3.0999999046325684
2017-03-08,41700,3.0,3.049999952316284,3.049999952316284,3.0,3.049999952316284
2017-03-07,8600,3.25,3.0,3.25,3.0,3.0
2017-03-06,18000,2.940000057220459,3.1500000953674316,3.3499999046325684,2.9000000953674316,3.1500000953674316
2017-03-03,16700,2.869999885559082,2.950000047683716,3.0,2.869999885559082,2.950000047683716
2017-03-02,8100,2.7200000286102295,2.8499999046325684,2.9000000953674316,2.7200000286102295,2.8499999046325684
2017-03-01,4700,2.8499999046325684,2.9000000953674316,2.9000000953674316,2.8499999046325684,2.9000000953674316
2017-02-28,8700,2.8499999046325684,2.799999952316284,2.8499999046325684,2.75,2.799999952316284
2017-02-27,13100,2.75,2.799999952316284,2.799999952316284,2.75,2.799999952316284
2017-02-24,7400,2.5,2.700000047683716,2.700000047683716,2.5,2.700000047683716
2017-02-23,3500,2.6500000953674316,2.6500000953674316,2.6500000953674316,2.4700000286102295,2.6500000953674316
2017-02-22,1600,2.700000047683716,2.700000047683716,2.700000047683716,2.6500000953674316,2.700000047683716
2017-02-21,6100,2.5999999046325684,2.5999999046325684,2.799999952316284,2.5999999046325684,2.5999999046325684
2017-02-17,13200,2.5899999141693115,2.6500000953674316,2.6500000953674316,2.549999952316284,2.6500000953674316
2017-02-16,32900,2.5,2.5999999046325684,2.6500000953674316,2.5,2.5999999046325684
2017-02-15,12100,2.5799999237060547,2.640000104904175,2.690000057220459,2.3499999046325684,2.640000104904175
2017-02-14,44000,2.6500000953674316,2.549999952316284,2.75,2.549999952316284,2.549999952316284
2017-02-13,25200,2.549999952316284,2.859999895095825,2.990000009536743,2.549999952316284,2.859999895095825
2017-02-10,2500,2.5999999046325684,2.549999952316284,2.5999999046325684,2.5,2.549999952316284
2017-02-09,700,2.5999999046325684,2.5999999046325684,2.5999999046325684,2.5999999046325684,2.5999999046325684
2017-02-08,0,2.6600000858306885,2.6600000858306885,2.6600000858306885,2.6600000858306885,2.6600000858306885
2017-02-07,3500,2.5999999046325684,2.6600000858306885,2.6600000858306885,2.549999952316284,2.6600000858306885
2017-02-06,600,2.6600000858306885,2.640000104904175,2.6600000858306885,2.640000104904175,2.640000104904175
2017-02-03,0,2.6500000953674316,2.6500000953674316,2.6500000953674316,2.6500000953674316,2.6500000953674316
2017-02-02,100,2.6500000953674316,2.6500000953674316,2.6500000953674316,2.6500000953674316,2.6500000953674316
2017-02-01,6000,2.700000047683716,2.75,2.75,2.700000047683716,2.75
2017-01-31,0,2.75,2.75,2.75,2.75,2.75
2017-01-30,100,2.75,2.75,2.75,2.75,2.75
2017-01-27,3900,2.549999952316284,2.700000047683716,2.700000047683716,2.549999952316284,2.700000047683716
2017-01-26,0,2.6500000953674316,2.6500000953674316,2.6500000953674316,2.6500000953674316,2.6500000953674316
2017-01-25,0,2.6500000953674316,2.6500000953674316,2.6500000953674316,2.6500000953674316,2.6500000953674316
2017-01-24,3200,2.5999999046325684,2.6500000953674316,2.680000066757202,2.5999999046325684,2.6500000953674316
2017-01-23,1500,2.5,2.549999952316284,2.5999999046325684,2.5,2.549999952316284
2017-01-20,400,2.5999999046325684,2.5999999046325684,2.5999999046325684,2.5999999046325684,2.5999999046325684
2017-01-19,800,2.5399999618530273,2.6500000953674316,2.6500000953674316,2.5399999618530273,2.6500000953674316
2017-01-18,2500,2.5,2.5,2.5,2.5,2.5
2017-01-17,3500,2.3499999046325684,2.549999952316284,2.549999952316284,2.3499999046325684,2.549999952316284
2017-01-13,0,2.3499999046325684,2.3499999046325684,2.3499999046325684,2.3499999046325684,2.3499999046325684
2017-01-12,400,2.3499999046325684,2.3499999046325684,2.3499999046325684,2.3499999046325684,2.3499999046325684
2017-01-11,2600,2.5,2.509999990463257,2.75,2.5,2.509999990463257
2017-01-10,0,2.5,2.5,2.5,2.5,2.5
2017-01-09,300,2.450000047683716,2.5,2.5,2.450000047683716,2.5
2017-01-06,6200,2.390000104904175,2.5,2.549999952316284,2.380000114440918,2.5
2017-01-05,1200,2.3499999046325684,2.369999885559082,2.369999885559082,2.3499999046325684,2.369999885559082
2017-01-04,1100,2.4000000953674316,2.3499999046325684,2.4000000953674316,2.3499999046325684,2.3499999046325684
2017-01-03,4100,2.3499999046325684,2.4000000953674316,2.4000000953674316,2.299999952316284,2.4000000953674316
2016-12-30,4800,2.299999952316284,2.3499999046325684,2.3499999046325684,2.299999952316284,2.3499999046325684
2016-12-29,18600,2.299999952316284,2.299999952316284,2.450000047683716,2.2899999618530273,2.299999952316284
2016-12-28,10500,2.4000000953674316,2.299999952316284,2.5,2.299999952316284,2.299999952316284
2016-12-27,11100,2.4000000953674316,2.380000114440918,2.4000000953674316,2.380000114440918,2.380000114440918
2016-12-23,13100,2.4000000953674316,2.3499999046325684,2.4000000953674316,2.299999952316284,2.3499999046325684
2016-12-22,7500,2.4000000953674316,2.3499999046325684,2.450000047683716,2.3499999046325684,2.3499999046325684
2016-12-21,1500,2.4000000953674316,2.4000000953674316,2.4000000953674316,2.4000000953674316,2.4000000953674316
2016-12-20,0,2.4000000953674316,2.4000000953674316,2.4000000953674316,2.4000000953674316,2.4000000953674316
2016-12-19,6300,2.5,2.4000000953674316,2.5,2.3499999046325684,2.4000000953674316
2016-12-16,1400,2.549999952316284,2.450000047683716,2.5999999046325684,2.450000047683716,2.450000047683716
2016-12-15,0,2.4600000381469727,2.4600000381469727,2.4600000381469727,2.4600000381469727,2.4600000381469727
2016-12-14,6200,2.549999952316284,2.4600000381469727,2.5999999046325684,2.450000047683716,2.4600000381469727
2016-12-13,6700,2.549999952316284,2.5999999046325684,2.700000047683716,2.549999952316284,2.5999999046325684
2016-12-12,3900,2.5,2.5,2.5999999046325684,2.5,2.5
2016-12-09,100,2.549999952316284,2.549999952316284,2.549999952316284,2.549999952316284,2.549999952316284
2016-12-08,10100,2.5,2.5,2.5999999046325684,2.5,2.5
2016-12-07,2800,2.5,2.5999999046325684,2.5999999046325684,2.5,2.5999999046325684
2016-12-06,3200,2.5,2.549999952316284,2.549999952316284,2.5,2.549999952316284
2016-12-05,5800,2.5,2.549999952316284,2.549999952316284,2.5,2.549999952316284
2016-12-02,5300,2.4000000953674316,2.549999952316284,2.549999952316284,2.4000000953674316,2.549999952316284
2016-12-01,2800,2.549999952316284,2.5,2.549999952316284,2.5,2.5
2016-11-30,1000,2.5999999046325684,2.549999952316284,2.5999999046325684,2.549999952316284,2.549999952316284
2016-11-29,3300,2.549999952316284,2.6500000953674316,2.6500000953674316,2.549999952316284,2.6500000953674316
2016-11-28,9700,2.6500000953674316,2.6500000953674316,2.6500000953674316,2.549999952316284,2.6500000953674316
2016-11-25,7500,2.8499999046325684,2.6500000953674316,2.8499999046325684,2.6500000953674316,2.6500000953674316
2016-11-23,6100,2.8499999046325684,2.8499999046325684,2.8499999046325684,2.8499999046325684,2.8499999046325684
2016-11-22,4000,2.7799999713897705,2.9000000953674316,2.9000000953674316,2.75,2.9000000953674316
2016-11-21,7800,2.6500000953674316,2.6700000762939453,2.6700000762939453,2.6500000953674316,2.6700000762939453
2016-11-18,6700,2.75,2.700000047683716,2.75,2.6500000953674316,2.700000047683716
2016-11-17,4000,2.75,2.75,2.75,2.75,2.75
2016-11-16,4000,2.5999999046325684,2.5999999046325684,2.680000066757202,2.5999999046325684,2.5999999046325684
2016-11-15,10600,2.6500000953674316,2.700000047683716,2.700000047683716,2.6500000953674316,2.700000047683716
2016-11-14,7500,2.5,2.6500000953674316,2.6500000953674316,2.4000000953674316,2.6500000953674316
2016-11-11,12100,2.5999999046325684,2.6500000953674316,2.700000047683716,2.5999999046325684,2.6500000953674316
2016-11-10,400,2.5,2.5,2.509999990463257,2.5,2.5
2016-11-09,1900,2.5999999046325684,2.5999999046325684,2.5999999046325684,2.509999990463257,2.5999999046325684
2016-11-08,12700,2.5999999046325684,2.5999999046325684,2.640000104904175,2.5,2.5999999046325684
2016-11-07,4000,2.6500000953674316,2.5299999713897705,2.6500000953674316,2.5,2.5299999713897705
2016-11-04,10400,2.5999999046325684,2.5,2.5999999046325684,2.5,2.5
2016-11-03,9900,2.6500000953674316,2.5799999237060547,2.6500000953674316,2.5,2.5799999237060547
2016-11-02,800,2.5999999046325684,2.6500000953674316,2.6600000858306885,2.5999999046325684,2.6500000953674316
2016-11-01,6100,2.75,2.6500000953674316,2.75,2.6500000953674316,2.6500000953674316
2016-10-31,2800,2.5,2.6500000953674316,2.6500000953674316,2.5,2.6500000953674316
2016-10-28,0,2.549999952316284,2.549999952316284,2.549999952316284,2.549999952316284,2.549999952316284
2016-10-27,21900,2.549999952316284,2.549999952316284,2.700000047683716,2.5,2.549999952316284
2016-10-26,19100,2.549999952316284,2.549999952316284,2.549999952316284,2.5,2.549999952316284
2016-10-25,400,2.559999942779541,2.559999942779541,2.559999942779541,2.559999942779541,2.559999942779541
2016-10-24,18900,2.5,2.450000047683716,2.75,2.450000047683716,2.450000047683716
2016-10-21,9000,2.549999952316284,2.5,2.549999952316284,2.450000047683716,2.5
2016-10-20,1300,2.509999990463257,2.5,2.509999990463257,2.5,2.5
2016-10-19,200,2.549999952316284,2.5,2.549999952316284,2.5,2.5
2016-10-18,200,2.450000047683716,2.450000047683716,2.450000047683716,2.450000047683716,2.450000047683716
2016-10-17,70000,2.450000047683716,2.450000047683716,2.450000047683716,2.450000047683716,2.450000047683716
2016-10-14,7600,2.5999999046325684,2.5,2.5999999046325684,2.5,2.5
2016-10-13,3600,2.450000047683716,2.450000047683716,2.5399999618530273,2.450000047683716,2.450000047683716
2016-10-12,21600,2.490000009536743,2.4600000381469727,2.549999952316284,2.450000047683716,2.4600000381469727
2016-10-11,2700,2.619999885559082,2.5399999618530273,2.619999885559082,2.509999990463257,2.5399999618530273
2016-10-10,0,2.5999999046325684,2.5999999046325684,2.5999999046325684,2.5999999046325684,2.5999999046325684
2016-10-07,6600,2.490000009536743,2.5999999046325684,2.6500000953674316,2.490000009536743,2.5999999046325684
2016-10-06,8700,2.450000047683716,2.5,2.5299999713897705,2.450000047683716,2.5
2016-10-05,16000,2.450000047683716,2.450000047683716,2.5999999046325684,2.380000114440918,2.450000047683716
2016-10-04,2000,2.5,2.450000047683716,2.5,2.3299999237060547,2.450000047683716
2016-10-03,2000,2.5799999237060547,2.5,2.5799999237060547,2.5,2.5
2016-09-30,11600,2.569999933242798,2.5,2.609999895095825,2.3299999237060547,2.5
2016-09-29,6800,2.5199999809265137,2.4100000858306885,2.5199999809265137,2.4000000953674316,2.4100000858306885
2016-09-28,2700,2.509999990463257,2.509999990463257,2.509999990463257,2.509999990463257,2.509999990463257
2016-09-27,3600,2.5299999713897705,2.619999885559082,2.619999885559082,2.5299999713897705,2.619999885559082
2016-09-26,2700,2.619999885559082,2.569999933242798,2.619999885559082,2.569999933242798,2.569999933242798
2016-09-23,11400,2.5299999713897705,2.5199999809265137,2.609999895095825,2.5199999809265137,2.5199999809265137
2016-09-22,85600,2.5299999713897705,2.5199999809265137,2.7200000286102295,2.5,2.5199999809265137
2016-09-21,200,2.559999942779541,2.559999942779541,2.559999942779541,2.559999942779541,2.559999942779541
2016-09-20,4700,2.490000009536743,2.4600000381469727,2.490000009536743,2.4600000381469727,2.4600000381469727
2016-09-19,6400,2.559999942779541,2.4600000381469727,2.559999942779541,2.450000047683716,2.4600000381469727
2016-09-16,15100,2.5999999046325684,2.7100000381469727,2.7100000381469727,2.4000000953674316,2.7100000381469727
2016-09-15,3100,2.5799999237060547,2.5799999237060547,2.5799999237060547,2.5799999237060547,2.5799999237060547
2016-09-14,500,2.609999895095825,2.5799999237060547,2.609999895095825,2.5799999237060547,2.5799999237060547
2016-09-13,5700,2.6500000953674316,2.6500000953674316,2.7200000286102295,2.6500000953674316,2.6500000953674316
2016-09-12,4000,2.640000104904175,2.5799999237060547,2.640000104904175,2.5799999237060547,2.5799999237060547
2016-09-09,200,2.630000114440918,2.630000114440918,2.630000114440918,2.630000114440918,2.630000114440918
2016-09-08,1000,2.640000104904175,2.619999885559082,2.640000104904175,2.619999885559082,2.619999885559082
2016-09-07,400,2.7699999809265137,2.8399999141693115,2.8399999141693115,2.7699999809265137,2.8399999141693115
2016-09-06,1000,2.619999885559082,2.6700000762939453,2.8499999046325684,2.619999885559082,2.6700000762939453
2016-09-02,0,2.619999885559082,2.619999885559082,2.619999885559082,2.619999885559082,2.619999885559082
2016-09-01,0,2.619999885559082,2.619999885559082,2.619999885559082,2.619999885559082,2.619999885559082
2016-08-31,500,2.619999885559082,2.619999885559082,2.619999885559082,2.619999885559082,2.619999885559082
2016-08-30,1100,2.619999885559082,2.6600000858306885,2.7100000381469727,2.619999885559082,2.6600000858306885
2016-08-29,300,2.6700000762939453,2.7100000381469727,2.7100000381469727,2.6700000762939453,2.7100000381469727
2016-08-26,400,2.6500000953674316,2.6500000953674316,2.6500000953674316,2.6500000953674316,2.6500000953674316
2016-08-25,0,2.75,2.75,2.75,2.75,2.75
2016-08-24,0,2.75,2.75,2.75,2.75,2.75
2016-08-23,0,2.75,2.75,2.75,2.75,2.75
2016-08-22,0,2.75,2.75,2.75,2.75,2.75
2016-08-19,3500,2.700000047683716,2.75,2.75,2.6500000953674316,2.75
2016-08-18,1900,2.7300000190734863,2.7899999618530273,2.7899999618530273,2.6500000953674316,2.7899999618530273
2016-08-17,0,2.869999885559082,2.869999885559082,2.869999885559082,2.869999885559082,2.869999885559082
2016-08-16,600,2.740000009536743,2.869999885559082,2.869999885559082,2.740000009536743,2.869999885559082
2016-08-15,2100,2.6500000953674316,2.6600000858306885,2.6600000858306885,2.6500000953674316,2.6600000858306885
2016-08-12,4700,2.690000057220459,2.799999952316284,2.799999952316284,2.690000057220459,2.799999952316284
2016-08-11,7200,2.7200000286102295,2.8399999141693115,2.8399999141693115,2.7100000381469727,2.8399999141693115
2016-08-10,700,2.75,2.740000009536743,2.880000114440918,2.740000009536743,2.740000009536743
2016-08-09,300,2.8299999237060547,2.8299999237060547,2.8299999237060547,2.8299999237060547,2.8299999237060547
2016-08-08,700,2.809999942779541,2.7699999809265137,2.809999942779541,2.7699999809265137,2.7699999809265137
2016-08-05,1200,2.700000047683716,2.890000104904175,2.890000104904175,2.700000047683716,2.890000104904175
2016-08-04,100,2.869999885559082,2.869999885559082,2.869999885559082,2.869999885559082,2.869999885559082
2016-08-03,0,2.890000104904175,2.890000104904175,2.890000104904175,2.890000104904175,2.890000104904175
2016-08-02,400,2.859999895095825,2.890000104904175,2.890000104904175,2.859999895095825,2.890000104904175
2016-08-01,300,2.869999885559082,2.880000114440918,2.880000114440918,2.869999885559082,2.880000114440918
2016-07-29,6200,2.7100000381469727,2.7899999618530273,2.7899999618530273,2.680000066757202,2.7899999618530273
2016-07-28,6300,2.740000009536743,2.740000009536743,2.75,2.7300000190734863,2.740000009536743
2016-07-27,2700,2.7100000381469727,2.6700000762939453,2.75,2.6500000953674316,2.6700000762939453
2016-07-26,600,2.7300000190734863,2.819999933242798,2.880000114440918,2.7300000190734863,2.819999933242798
2016-07-25,7100,2.7100000381469727,2.75,2.75,2.6700000762939453,2.75
2016-07-22,14400,2.7200000286102295,2.7699999809265137,2.8499999046325684,2.640000104904175,2.7699999809265137
2016-07-21,100,2.8399999141693115,2.8399999141693115,2.8399999141693115,2.8399999141693115,2.8399999141693115
2016-07-20,3000,2.759999990463257,2.759999990463257,2.759999990463257,2.759999990463257,2.759999990463257
2016-07-19,3100,2.809999942779541,2.799999952316284,2.809999942779541,2.799999952316284,2.799999952316284
2016-07-18,500,2.8499999046325684,2.8499999046325684,2.8499999046325684,2.8499999046325684,2.8499999046325684
2016-07-15,2300,2.700000047683716,2.700000047683716,2.819999933242798,2.700000047683716,2.700000047683716
2016-07-14,3300,2.700000047683716,2.700000047683716,2.700000047683716,2.6700000762939453,2.700000047683716
2016-07-13,1700,2.7100000381469727,2.7200000286102295,2.7200000286102295,2.680000066757202,2.7200000286102295
2016-07-12,100,2.7899999618530273,2.7899999618530273,2.7899999618530273,2.7899999618530273,2.7899999618530273
2016-07-11,0,2.9200000762939453,2.9200000762939453,2.9200000762939453,2.9200000762939453,2.9200000762939453
2016-07-08,900,2.990000009536743,2.9200000762939453,2.990000009536743,2.9200000762939453,2.9200000762939453
2016-07-07,0,2.9800000190734863,2.9800000190734863,2.9800000190734863,2.9800000190734863,2.9800000190734863
2016-07-06,400,2.930000066757202,2.9800000190734863,2.9800000190734863,2.7899999618530273,2.9800000190734863
2016-07-05,0,2.6700000762939453,2.6700000762939453,2.6700000762939453,2.6700000762939453,2.6700000762939453
2016-07-01,100,2.6700000762939453,2.6700000762939453,2.6700000762939453,2.6700000762939453,2.6700000762939453
2016-06-30,600,2.9800000190734863,2.9700000286102295,2.9800000190734863,2.9700000286102295,2.9700000286102295
2016-06-29,200,2.630000114440918,2.630000114440918,2.630000114440918,2.630000114440918,2.630000114440918
2016-06-28,0,2.75,2.75,2.75,2.75,2.75
2016-06-27,0,2.75,2.75,2.75,2.75,2.75
2016-06-24,500,2.869999885559082,2.75,2.869999885559082,2.75,2.75
2016-06-23,1900,2.8499999046325684,2.8499999046325684,2.8499999046325684,2.8499999046325684,2.8499999046325684
2016-06-22,4300,2.8399999141693115,2.75,2.8399999141693115,2.740000009536743,2.75
2016-06-21,200,2.7200000286102295,2.7200000286102295,2.7200000286102295,2.7200000286102295,2.7200000286102295
2016-06-20,900,2.7200000286102295,2.799999952316284,2.799999952316284,2.7200000286102295,2.799999952316284
2016-06-17,2700,2.75,2.7300000190734863,2.8399999141693115,2.7200000286102295,2.7300000190734863
2016-06-16,400,2.75,2.75,2.75,2.75,2.75
2016-06-15,1200,2.940000057220459,2.990000009536743,2.990000009536743,2.7300000190734863,2.990000009536743
2016-06-14,600,2.7200000286102295,2.9700000286102295,2.9800000190734863,2.7200000286102295,2.9700000286102295
2016-06-13,100,2.9200000762939453,2.9200000762939453,2.9200000762939453,2.9200000762939453,2.9200000762939453
2016-06-10,0,2.7200000286102295,2.7200000286102295,2.7200000286102295,2.7200000286102295,2.7200000286102295
2016-06-09,200,2.7200000286102295,2.7200000286102295,2.7200000286102295,2.7200000286102295,2.7200000286102295
2016-06-08,0,2.9200000762939453,2.9200000762939453,2.9200000762939453,2.9200000762939453,2.9200000762939453
2016-06-07,0,2.9200000762939453,2.9200000762939453,2.9200000762939453,2.9200000762939453,2.9200000762939453
2016-06-06,7900,2.7899999618530273,2.9200000762939453,2.9200000762939453,2.7699999809265137,2.9200000762939453
2016-06-03,6000,2.700000047683716,2.7699999809265137,2.7699999809265137,2.700000047683716,2.7699999809265137
2016-06-02,3600,2.7100000381469727,2.7100000381469727,2.7100000381469727,2.7100000381469727,2.7100000381469727
2016-06-01,1800,2.7100000381469727,2.7100000381469727,2.7100000381469727,2.7100000381469727,2.7100000381469727
2016-05-31,2100,2.75,2.700000047683716,2.75,2.700000047683716,2.700000047683716
2016-05-27,1400,2.6500000953674316,2.6500000953674316,2.6500000953674316,2.6500000953674316,2.6500000953674316
2016-05-26,8400,2.7100000381469727,2.6500000953674316,2.740000009536743,2.6500000953674316,2.6500000953674316
2016-05-25,500,2.7100000381469727,2.7100000381469727,2.7100000381469727,2.7100000381469727,2.7100000381469727
2016-05-24,500,2.619999885559082,2.619999885559082,2.619999885559082,2.619999885559082,2.619999885559082
2016-05-23,900,2.799999952316284,2.619999885559082,2.799999952316284,2.619999885559082,2.619999885559082
2016-05-20,3100,2.6500000953674316,2.6700000762939453,2.75,2.5899999141693115,2.6700000762939453
2016-05-19,2000,2.6600000858306885,2.680000066757202,2.75,2.6600000858306885,2.680000066757202
2016-05-18,900,2.5899999141693115,2.690000057220459,2.690000057220459,2.5899999141693115,2.690000057220459
2016-05-17,9800,2.7300000190734863,2.799999952316284,2.799999952316284,2.549999952316284,2.799999952316284
2016-05-16,200,2.759999990463257,2.759999990463257,2.759999990463257,2.759999990463257,2.759999990463257
2016-05-13,200,3.0,3.0,3.0,3.0,3.0
2016-05-12,500,3.2100000381469727,3.2100000381469727,3.2100000381469727,3.2100000381469727,3.2100000381469727
2016-05-11,400,3.0299999713897705,3.0,3.0299999713897705,3.0,3.0
2016-05-10,0,2.950000047683716,2.950000047683716,2.950000047683716,2.950000047683716,2.950000047683716
2016-05-09,1500,2.9100000858306885,2.950000047683716,3.109999895095825,2.9100000858306885,2.950000047683716
2016-05-06,0,2.9100000858306885,2.9100000858306885,2.9100000858306885,2.9100000858306885,2.9100000858306885
2016-05-05,300,2.9100000858306885,2.9100000858306885,2.9100000858306885,2.9100000858306885,2.9100000858306885
2016-05-04,2300,3.180000066757202,2.880000114440918,3.180000066757202,2.880000114440918,2.880000114440918
2016-05-03,300,3.180000066757202,3.180000066757202,3.180000066757202,3.1500000953674316,3.180000066757202
2016-05-02,0,2.880000114440918,2.880000114440918,2.880000114440918,2.880000114440918,2.880000114440918
2016-04-29,0,2.880000114440918,2.880000114440918,2.880000114440918,2.880000114440918,2.880000114440918
2016-04-28,700,2.880000114440918,2.880000114440918,2.880000114440918,2.880000114440918,2.880000114440918
2016-04-27,600,2.9100000858306885,2.9000000953674316,2.9100000858306885,2.9000000953674316,2.9000000953674316
2016-04-26,0,2.9000000953674316,2.9000000953674316,2.9000000953674316,2.9000000953674316,2.9000000953674316
2016-04-25,8500,2.930000066757202,2.9000000953674316,2.930000066757202,2.9000000953674316,2.9000000953674316
2016-04-22,0,2.9200000762939453,2.9200000762939453,2.9200000762939453,2.9200000762939453,2.9200000762939453
2016-04-21,100,2.9200000762939453,2.9200000762939453,2.9200000762939453,2.9200000762939453,2.9200000762939453
2016-04-20,600,2.950000047683716,3.009999990463257,3.009999990463257,2.950000047683716,3.009999990463257
2016-04-19,400,2.950000047683716,2.950000047683716,2.950000047683716,2.950000047683716,2.950000047683716
2016-04-18,500,2.880000114440918,2.880000114440918,2.880000114440918,2.880000114440918,2.880000114440918
2016-04-15,300,2.9000000953674316,2.9000000953674316,2.9000000953674316,2.9000000953674316,2.9000000953674316
2016-04-14,0,2.9000000953674316,2.9000000953674316,2.9000000953674316,2.9000000953674316,2.9000000953674316
2016-04-13,0,2.9000000953674316,2.9000000953674316,2.9000000953674316,2.9000000953674316,2.9000000953674316
2016-04-12,0,2.9000000953674316,2.9000000953674316,2.9000000953674316,2.9000000953674316,2.9000000953674316
2016-04-11,0,2.9000000953674316,2.9000000953674316,2.9000000953674316,2.9000000953674316,2.9000000953674316
2016-04-08,300,2.930000066757202,2.9000000953674316,2.930000066757202,2.9000000953674316,2.9000000953674316
2016-04-07,0,2.930000066757202,2.930000066757202,2.930000066757202,2.930000066757202,2.930000066757202
2016-04-06,0,2.930000066757202,2.930000066757202,2.930000066757202,2.930000066757202,2.930000066757202
2016-04-05,0,2.930000066757202,2.930000066757202,2.930000066757202,2.930000066757202,2.930000066757202
2016-04-04,0,2.930000066757202,2.930000066757202,2.930000066757202,2.930000066757202,2.930000066757202
2016-04-01,0,2.930000066757202,2.930000066757202,2.930000066757202,2.930000066757202,2.930000066757202
2016-03-31,0,2.930000066757202,2.930000066757202,2.930000066757202,2.930000066757202,2.930000066757202
2016-03-30,300,2.930000066757202,2.930000066757202,2.930000066757202,2.930000066757202,2.930000066757202
2016-03-29,1300,3.0,2.9000000953674316,3.0,2.890000104904175,2.9000000953674316
2016-03-28,2500,2.9000000953674316,2.9000000953674316,3.0899999141693115,2.9000000953674316,2.9000000953674316
2016-03-24,0,2.880000114440918,2.880000114440918,2.880000114440918,2.880000114440918,2.880000114440918
2016-03-23,0,2.880000114440918,2.880000114440918,2.880000114440918,2.880000114440918,2.880000114440918
2016-03-22,0,2.880000114440918,2.880000114440918,2.880000114440918,2.880000114440918,2.880000114440918
2016-03-21,500,2.9100000858306885,2.880000114440918,2.9100000858306885,2.880000114440918,2.880000114440918
2016-03-18,500,2.880000114440918,2.880000114440918,2.880000114440918,2.880000114440918,2.880000114440918
2016-03-17,100,3.0899999141693115,3.0899999141693115,3.0899999141693115,3.0899999141693115,3.0899999141693115
2016-03-16,0,3.0299999713897705,3.0299999713897705,3.0299999713897705,3.0299999713897705,3.0299999713897705
2016-03-15,2700,3.0799999237060547,3.0299999713897705,3.0799999237060547,3.0299999713897705,3.0299999713897705
2016-03-14,1700,2.880000114440918,3.0899999141693115,3.0899999141693115,2.880000114440918,3.0899999141693115
2016-03-11,0,2.890000104904175,2.890000104904175,2.890000104904175,2.890000104904175,2.890000104904175
2016-03-10,1300,3.0899999141693115,2.890000104904175,3.0899999141693115,2.890000104904175,2.890000104904175
2016-03-09,0,3.0399999618530273,3.0399999618530273,3.0399999618530273,3.0399999618530273,3.0399999618530273
2016-03-08,0,3.0399999618530273,3.0399999618530273,3.0399999618530273,3.0399999618530273,3.0399999618530273
2016-03-07,1600,3.0799999237060547,3.0399999618530273,3.0799999237060547,3.0399999618530273,3.0399999618530273
2016-03-04,400,2.890000104904175,3.0799999237060547,3.0799999237060547,2.890000104904175,3.0799999237060547
2016-03-03,1000,2.799999952316284,2.8499999046325684,2.8499999046325684,2.799999952316284,2.8499999046325684
2016-03-02,200,2.799999952316284,2.799999952316284,2.799999952316284,2.799999952316284,2.799999952316284
2016-03-01,0,2.8399999141693115,2.8399999141693115,2.8399999141693115,2.8399999141693115,2.8399999141693115
2016-02-29,0,2.8399999141693115,2.8399999141693115,2.8399999141693115,2.8399999141693115,2.8399999141693115
2016-02-26,500,2.8499999046325684,2.8399999141693115,2.8499999046325684,2.8399999141693115,2.8399999141693115
2016-02-25,0,2.859999895095825,2.859999895095825,2.859999895095825,2.859999895095825,2.859999895095825
2016-02-24,0,2.859999895095825,2.859999895095825,2.859999895095825,2.859999895095825,2.859999895095825
2016-02-23,800,2.7799999713897705,2.859999895095825,2.859999895095825,2.7799999713897705,2.859999895095825
2016-02-22,100,2.869999885559082,2.869999885559082,2.869999885559082,2.869999885559082,2.869999885559082
2016-02-19,500,2.930000066757202,2.930000066757202,2.930000066757202,2.930000066757202,2.930000066757202
2016-02-18,3000,3.0399999618530273,3.0,3.0399999618530273,3.0,3.0
2016-02-17,0,2.950000047683716,2.950000047683716,2.950000047683716,2.950000047683716,2.950000047683716
2016-02-16,1000,2.890000104904175,2.950000047683716,3.009999990463257,2.890000104904175,2.950000047683716
2016-02-12,3200,2.75,2.75,2.75,2.7300000190734863,2.75
2016-02-11,700,2.7799999713897705,2.7799999713897705,2.7799999713897705,2.7799999713897705,2.7799999713897705
2016-02-10,0,2.930000066757202,2.930000066757202,2.930000066757202,2.930000066757202,2.930000066757202
2016-02-09,1400,2.819999933242798,2.930000066757202,2.930000066757202,2.819999933242798,2.930000066757202
2016-02-08,4200,2.819999933242798,2.890000104904175,2.9200000762939453,2.819999933242798,2.890000104904175
2016-02-05,10800,2.990000009536743,3.0399999618530273,3.0799999237060547,2.990000009536743,3.0399999618530273
2016-02-04,10900,2.880000114440918,2.9200000762939453,3.009999990463257,2.869999885559082,2.9200000762939453
2016-02-03,600,2.8399999141693115,2.8499999046325684,2.8499999046325684,2.8399999141693115,2.8499999046325684
2016-02-02,1900,2.7799999713897705,2.7699999809265137,2.7899999618530273,2.740000009536743,2.7699999809265137
2016-02-01,1500,2.75,2.759999990463257,3.0,2.7100000381469727,2.759999990463257
2016-01-29,200,2.700000047683716,2.700000047683716,2.700000047683716,2.700000047683716,2.700000047683716
2016-01-28,700,2.700000047683716,2.700000047683716,2.700000047683716,2.700000047683716,2.700000047683716
2016-01-27,0,2.7799999713897705,2.7799999713897705,2.7799999713897705,2.7799999713897705,2.7799999713897705
2016-01-26,1200,2.6700000762939453,2.7799999713897705,2.7799999713897705,2.6500000953674316,2.7799999713897705
2016-01-25,900,2.869999885559082,2.799999952316284,2.869999885559082,2.799999952316284,2.799999952316284
2016-01-22,1300,2.5999999046325684,2.7100000381469727,2.7100000381469727,2.5999999046325684,2.7100000381469727
2016-01-21,1500,2.7200000286102295,2.700000047683716,2.740000009536743,2.700000047683716,2.700000047683716
2016-01-20,5100,2.559999942779541,2.7300000190734863,2.7300000190734863,2.559999942779541,2.7300000190734863
2016-01-19,5200,2.9100000858306885,2.700000047683716,2.9100000858306885,2.690000057220459,2.700000047683716
2016-01-15,8500,2.6500000953674316,2.630000114440918,2.6600000858306885,2.630000114440918,2.630000114440918
2016-01-14,5100,2.6500000953674316,2.700000047683716,2.700000047683716,2.6500000953674316,2.700000047683716
2016-01-13,14400,2.630000114440918,2.75,2.9600000381469727,2.630000114440918,2.75
2016-01-12,17400,2.700000047683716,2.630000114440918,2.759999990463257,2.630000114440918,2.630000114440918
2016-01-11,600,2.75,2.9600000381469727,2.9600000381469727,2.75,2.9600000381469727
2016-01-08,26700,2.809999942779541,2.75,2.8299999237060547,2.7100000381469727,2.75
2016-01-07,1400,2.799999952316284,2.799999952316284,2.799999952316284,2.799999952316284,2.799999952316284
2016-01-06,0,2.940000057220459,2.940000057220459,2.940000057220459,2.940000057220459,2.940000057220459
2016-01-05,700,2.809999942779541,2.940000057220459,2.940000057220459,2.799999952316284,2.940000057220459
2016-01-04,22600,2.75,2.950000047683716,2.950000047683716,2.75,2.950000047683716
2015-12-31,8800,2.859999895095825,2.9600000381469727,2.9600000381469727,2.859999895095825,2.9600000381469727
2015-12-30,9400,2.9000000953674316,2.859999895095825,2.9000000953674316,2.8499999046325684,2.859999895095825
2015-12-29,800,2.9200000762939453,2.9100000858306885,2.9200000762939453,2.9100000858306885,2.9100000858306885
2015-12-28,6500,2.9000000953674316,2.9200000762939453,2.9200000762939453,2.880000114440918,2.9200000762939453
2015-12-24,200,2.9600000381469727,2.9600000381469727,2.9600000381469727,2.9600000381469727,2.9600000381469727
2015-12-23,0,2.8499999046325684,2.8499999046325684,2.8499999046325684,2.8499999046325684,2.8499999046325684
2015-12-22,4000,2.8499999046325684,2.8499999046325684,2.8499999046325684,2.8499999046325684,2.8499999046325684
2015-12-21,200,2.950000047683716,2.9000000953674316,2.950000047683716,2.9000000953674316,2.9000000953674316
2015-12-18,2600,2.9700000286102295,2.859999895095825,2.9700000286102295,2.859999895095825,2.859999895095825
2015-12-17,0,2.9700000286102295,2.9700000286102295,2.9700000286102295,2.9700000286102295,2.9700000286102295
2015-12-16,0,2.9700000286102295,2.9700000286102295,2.9700000286102295,2.9700000286102295,2.9700000286102295
2015-12-15,1000,2.9600000381469727,2.9700000286102295,2.9700000286102295,2.9600000381469727,2.9700000286102295
2015-12-14,0,2.9800000190734863,2.9800000190734863,2.9800000190734863,2.9800000190734863,2.9800000190734863
2015-12-11,1200,2.990000009536743,2.9800000190734863,2.990000009536743,2.9600000381469727,2.9800000190734863
2015-12-10,200,3.009999990463257,3.009999990463257,3.009999990463257,3.009999990463257,3.009999990463257
2015-12-09,200,3.0799999237060547,3.0799999237060547,3.0799999237060547,3.0799999237060547,3.0799999237060547
2015-12-08,0,3.009999990463257,3.009999990463257,3.009999990463257,3.009999990463257,3.009999990463257
2015-12-07,18300,3.0,3.009999990463257,3.0399999618530273,2.990000009536743,3.009999990463257
2015-12-04,2300,3.0999999046325684,3.009999990463257,3.0999999046325684,3.009999990463257,3.009999990463257
2015-12-03,5600,3.009999990463257,3.0999999046325684,3.190000057220459,3.009999990463257,3.0999999046325684
2015-12-02,300,3.0799999237060547,3.1600000858306885,3.1700000762939453,3.0799999237060547,3.1600000858306885
2015-12-01,6000,2.940000057220459,3.2200000286102295,3.2300000190734863,2.940000057220459,3.2200000286102295
2015-11-30,1700,2.9100000858306885,2.9700000286102295,2.990000009536743,2.9100000858306885,2.9700000286102295
2015-11-27,0,2.9200000762939453,2.9200000762939453,2.9200000762939453,2.9200000762939453,2.9200000762939453
2015-11-25,8200,2.9000000953674316,2.9200000762939453,2.9200000762939453,2.890000104904175,2.9200000762939453
2015-11-24,3600,2.8499999046325684,2.8499999046325684,2.8499999046325684,2.8499999046325684,2.8499999046325684
2015-11-23,3200,2.7799999713897705,2.930000066757202,2.9700000286102295,2.759999990463257,2.930000066757202
2015-11-20,0,2.940000057220459,2.940000057220459,2.940000057220459,2.940000057220459,2.940000057220459
2015-11-19,700,2.930000066757202,2.940000057220459,2.9700000286102295,2.819999933242798,2.940000057220459
2015-11-18,2000,2.930000066757202,2.819999933242798,2.930000066757202,2.819999933242798,2.819999933242798
2015-11-17,3000,2.930000066757202,2.9600000381469727,2.990000009536743,2.9000000953674316,2.9600000381469727
2015-11-16,13300,3.0,2.950000047683716,3.009999990463257,2.9200000762939453,2.950000047683716
2015-11-13,30500,3.0999999046325684,3.0299999713897705,3.299999952316284,2.9600000381469727,3.0299999713897705
2015-11-12,500,3.200000047683716,3.1600000858306885,3.200000047683716,3.1600000858306885,3.1600000858306885
2015-11-11,900,3.1600000858306885,3.1600000858306885,3.1600000858306885,3.1600000858306885,3.1600000858306885
2015-11-10,3400,3.1600000858306885,3.119999885559082,3.1600000858306885,3.119999885559082,3.119999885559082
2015-11-09,7500,3.1700000762939453,3.1600000858306885,3.2200000286102295,3.1600000858306885,3.1600000858306885
2015-11-06,200,3.2200000286102295,3.2200000286102295,3.2200000286102295,3.2200000286102295,3.2200000286102295
2015-11-05,0,3.1600000858306885,3.1600000858306885,3.1600000858306885,3.1600000858306885,3.1600000858306885
2015-11-04,4400,3.299999952316284,3.1600000858306885,3.359999895095825,3.1600000858306885,3.1600000858306885
2015-11-03,4000,3.2699999809265137,3.25,3.2699999809265137,3.200000047683716,3.25
2015-11-02,100,3.259999990463257,3.259999990463257,3.259999990463257,3.259999990463257,3.259999990463257
2015-10-30,200,3.140000104904175,3.140000104904175,3.140000104904175,3.140000104904175,3.140000104904175
2015-10-29,4200,3.1600000858306885,3.1500000953674316,3.25,3.1500000953674316,3.1500000953674316
2015-10-28,2900,3.1600000858306885,3.1500000953674316,3.1600000858306885,3.1500000953674316,3.1500000953674316
2015-10-27,2300,3.109999895095825,3.1500000953674316,3.1500000953674316,3.109999895095825,3.1500000953674316
2015-10-26,2500,3.0999999046325684,3.130000114440918,3.1600000858306885,3.0999999046325684,3.130000114440918
2015-10-23,1300,3.130000114440918,3.130000114440918,3.1500000953674316,3.130000114440918,3.130000114440918
2015-10-22,6400,3.140000104904175,3.1600000858306885,3.1600000858306885,3.140000104904175,3.1600000858306885
2015-10-21,7700,3.1500000953674316,3.1500000953674316,3.1500000953674316,3.130000114440918,3.1500000953674316
2015-10-20,300,3.1600000858306885,3.1600000858306885,3.1600000858306885,3.1600000858306885,3.1600000858306885
2015-10-19,2800,3.1700000762939453,3.109999895095825,3.1700000762939453,3.109999895095825,3.109999895095825
2015-10-16,800,3.1700000762939453,3.1700000762939453,3.1700000762939453,3.1700000762939453,3.1700000762939453
2015-10-15,600,3.259999990463257,3.2100000381469727,3.259999990463257,3.2100000381469727,3.2100000381469727
2015-10-14,3900,3.3399999141693115,3.25,3.3399999141693115,3.25,3.25
2015-10-13,5600,3.049999952316284,3.2200000286102295,3.240000009536743,3.049999952316284,3.2200000286102295
2015-10-12,200,3.180000066757202,3.0899999141693115,3.180000066757202,3.0899999141693115,3.0899999141693115
2015-10-09,14300,3.1500000953674316,3.1700000762939453,3.200000047683716,3.130000114440918,3.1700000762939453
2015-10-08,6800,3.0999999046325684,3.1500000953674316,3.1500000953674316,3.0999999046325684,3.1500000953674316
2015-10-07,5100,3.1600000858306885,3.069999933242798,3.1700000762939453,3.069999933242798,3.069999933242798
2015-10-06,6400,3.1500000953674316,3.109999895095825,3.1500000953674316,3.059999942779541,3.109999895095825
2015-10-05,1800,3.2699999809265137,3.109999895095825,3.2699999809265137,3.109999895095825,3.109999895095825
2015-10-02,1900,3.3299999237060547,3.0899999141693115,3.3299999237060547,3.0899999141693115,3.0899999141693115
2015-10-01,500,3.2300000190734863,3.119999885559082,3.25,3.119999885559082,3.119999885559082
2015-09-30,8800,3.109999895095825,3.0999999046325684,3.1700000762939453,3.0999999046325684,3.0999999046325684
2015-09-29,15500,3.1500000953674316,3.0799999237060547,3.3399999141693115,3.049999952316284,3.0799999237060547
2015-09-28,14800,3.140000104904175,3.049999952316284,3.140000104904175,3.049999952316284,3.049999952316284
2015-09-25,1700,3.049999952316284,3.059999942779541,3.059999942779541,3.049999952316284,3.059999942779541
2015-09-24,75900,3.140000104904175,3.049999952316284,3.140000104904175,3.0399999618530273,3.049999952316284
2015-09-23,3700,3.069999933242798,3.049999952316284,3.069999933242798,3.049999952316284,3.049999952316284
2015-09-22,1500,3.119999885559082,3.049999952316284,3.119999885559082,3.049999952316284,3.049999952316284
2015-09-21,300,3.069999933242798,3.059999942779541,3.069999933242798,3.059999942779541,3.059999942779541
2015-09-18,2200,3.0399999618530273,3.1700000762939453,3.1700000762939453,3.009999990463257,3.1700000762939453
2015-09-17,900,3.109999895095825,3.049999952316284,3.2799999713897705,3.049999952316284,3.049999952316284
2015-09-16,4000,3.0799999237060547,3.0799999237060547,3.0999999046325684,3.009999990463257,3.0799999237060547
2015-09-15,700,3.069999933242798,3.0799999237060547,3.0799999237060547,3.069999933242798,3.0799999237060547
2015-09-14,2000,3.049999952316284,3.059999942779541,3.0999999046325684,3.049999952316284,3.059999942779541
2015-09-11,1400,3.0,3.0799999237060547,3.1500000953674316,3.0,3.0799999237060547
2015-09-10,1000,3.049999952316284,3.0399999618530273,3.069999933242798,3.0399999618530273,3.0399999618530273
2015-09-09,5700,3.1500000953674316,3.0899999141693115,3.1500000953674316,3.049999952316284,3.0899999141693115
2015-09-08,1500,3.119999885559082,3.069999933242798,3.119999885559082,3.069999933242798,3.069999933242798
2015-09-04,400,3.059999942779541,3.059999942779541,3.0999999046325684,3.059999942779541,3.059999942779541
2015-09-03,11600,3.0,3.059999942779541,3.0799999237060547,3.0,3.059999942779541
2015-09-02,4300,3.049999952316284,3.009999990463257,3.0899999141693115,2.950000047683716,3.009999990463257
2015-09-01,1000,2.930000066757202,3.049999952316284,3.0899999141693115,2.930000066757202,3.049999952316284
2015-08-31,200,3.049999952316284,3.049999952316284,3.049999952316284,3.049999952316284,3.049999952316284
2015-08-28,2900,2.950000047683716,3.0,3.0999999046325684,2.950000047683716,3.0
2015-08-27,14400,2.990000009536743,3.0,3.2200000286102295,2.9200000762939453,3.0
2015-08-26,4800,2.930000066757202,2.9800000190734863,2.9800000190734863,2.869999885559082,2.9800000190734863
2015-08-25,9200,2.940000057220459,2.890000104904175,2.940000057220459,2.7799999713897705,2.890000104904175
2015-08-24,16000,2.799999952316284,2.8499999046325684,2.8499999046325684,2.799999952316284,2.8499999046325684
2015-08-21,4600,2.859999895095825,2.890000104904175,2.930000066757202,2.859999895095825,2.890000104904175
2015-08-20,10500,2.990000009536743,2.8499999046325684,3.0,2.799999952316284,2.8499999046325684
2015-08-19,10000,3.0299999713897705,3.009999990463257,3.0399999618530273,2.950000047683716,3.009999990463257
2015-08-18,800,3.0399999618530273,3.0899999141693115,3.0899999141693115,3.0399999618530273,3.0899999141693115
2015-08-17,10600,3.059999942779541,3.0,3.059999942779541,2.9800000190734863,3.0
2015-08-14,17100,2.930000066757202,3.049999952316284,3.0899999141693115,2.9100000858306885,3.049999952316284
2015-08-13,78400,3.009999990463257,2.9200000762939453,3.119999885559082,2.7799999713897705,2.9200000762939453
2015-08-12,697000,3.0299999713897705,3.0899999141693115,4.440000057220459,2.9600000381469727,3.0899999141693115
2015-08-11,6800,3.1600000858306885,3.0299999713897705,3.1600000858306885,3.0299999713897705,3.0299999713897705
2015-08-10,8000,3.130000114440918,3.049999952316284,3.1500000953674316,3.049999952316284,3.049999952316284
2015-08-07,7000,3.0399999618530273,3.0799999237060547,3.130000114440918,3.0299999713897705,3.0799999237060547
2015-08-06,4100,3.059999942779541,3.0899999141693115,3.0899999141693115,3.049999952316284,3.0899999141693115
2015-08-05,5700,3.069999933242798,3.0799999237060547,3.119999885559082,3.069999933242798,3.0799999237060547
2015-08-04,0,3.140000104904175,3.140000104904175,3.140000104904175,3.140000104904175,3.140000104904175
2015-08-03,4900,3.109999895095825,3.140000104904175,3.2799999713897705,3.049999952316284,3.140000104904175
2015-07-31,1400,3.299999952316284,3.180000066757202,3.299999952316284,3.1700000762939453,3.180000066757202
2015-07-30,2500,3.069999933242798,3.119999885559082,3.119999885559082,3.059999942779541,3.119999885559082
2015-07-29,10300,3.240000009536743,3.3299999237060547,3.450000047683716,3.240000009536743,3.3299999237060547
2015-07-28,3900,3.190000057220459,3.2699999809265137,3.2699999809265137,3.180000066757202,3.2699999809265137
2015-07-27,151200,3.299999952316284,3.200000047683716,4.110000133514404,3.0,3.200000047683716
2015-07-24,4700,3.0299999713897705,3.049999952316284,3.130000114440918,3.0299999713897705,3.049999952316284
2015-07-23,0,3.380000114440918,3.380000114440918,3.380000114440918,3.380000114440918,3.380000114440918
2015-07-22,0,3.380000114440918,3.380000114440918,3.380000114440918,3.380000114440918,3.380000114440918
2015-07-21,0,3.380000114440918,3.380000114440918,3.380000114440918,3.380000114440918,3.380000114440918
2015-07-20,500,3.390000104904175,3.380000114440918,3.390000104904175,3.380000114440918,3.380000114440918
2015-07-17,8000,3.359999895095825,3.3499999046325684,3.430000066757202,3.3299999237060547,3.3499999046325684
2015-07-16,2400,3.359999895095825,3.359999895095825,3.359999895095825,3.359999895095825,3.359999895095825
2015-07-15,300,3.490000009536743,3.359999895095825,3.490000009536743,3.359999895095825,3.359999895095825
2015-07-14,300,3.359999895095825,3.359999895095825,3.359999895095825,3.359999895095825,3.359999895095825
2015-07-13,1300,3.2200000286102295,3.369999885559082,3.490000009536743,3.2200000286102295,3.369999885559082
2015-07-10,400,3.4600000381469727,3.4600000381469727,3.4600000381469727,3.4600000381469727,3.4600000381469727
2015-07-09,1900,3.509999990463257,3.109999895095825,3.509999990463257,3.009999990463257,3.109999895095825
2015-07-08,2300,3.4700000286102295,3.319999933242798,3.4700000286102295,3.299999952316284,3.319999933242798
2015-07-07,9800,3.4100000858306885,3.309999942779541,3.4100000858306885,3.299999952316284,3.309999942779541
2015-07-06,6300,3.4800000190734863,3.4000000953674316,3.4800000190734863,3.299999952316284,3.4000000953674316
2015-07-02,2200,3.25,3.2799999713897705,3.390000104904175,3.25,3.2799999713897705
2015-07-01,200,3.2300000190734863,3.2300000190734863,3.2300000190734863,3.2300000190734863,3.2300000190734863
2015-06-30,0,3.2300000190734863,3.2300000190734863,3.2300000190734863,3.2300000190734863,3.2300000190734863
2015-06-29,300,3.190000057220459,3.2300000190734863,3.2300000190734863,3.190000057220459,3.2300000190734863
2015-06-26,0,3.200000047683716,3.200000047683716,3.200000047683716,3.200000047683716,3.200000047683716
2015-06-25,0,3.200000047683716,3.200000047683716,3.200000047683716,3.200000047683716,3.200000047683716
2015-06-24,6900,3.200000047683716,3.200000047683716,3.200000047683716,3.1500000953674316,3.200000047683716
2015-06-23,4500,3.200000047683716,3.359999895095825,3.5,3.200000047683716,3.359999895095825
2015-06-22,600,3.4800000190734863,3.4800000190734863,3.4800000190734863,3.4800000190734863,3.4800000190734863
2015-06-19,4400,3.309999942779541,3.4800000190734863,3.509999990463257,3.299999952316284,3.4800000190734863
2015-06-18,200,3.25,3.25,3.25,3.25,3.25
2015-06-17,0,3.1500000953674316,3.1500000953674316,3.1500000953674316,3.1500000953674316,3.1500000953674316
2015-06-16,5500,3.1500000953674316,3.1500000953674316,3.25,3.1500000953674316,3.1500000953674316
2015-06-15,5800,3.069999933242798,3.069999933242798,3.0999999046325684,3.0,3.069999933242798
2015-06-12,10200,3.049999952316284,3.0,3.0899999141693115,3.0,3.0
2015-06-11,3000,2.9600000381469727,3.0,3.0,2.9600000381469727,3.0
2015-06-10,5500,3.0,3.0,3.0,2.990000009536743,3.0
2015-06-09,1800,2.990000009536743,3.009999990463257,3.009999990463257,2.990000009536743,3.009999990463257
2015-06-08,0,2.8399999141693115,2.8399999141693115,2.8399999141693115,2.8399999141693115,2.8399999141693115
2015-06-05,1900,2.819999933242798,2.8399999141693115,2.8399999141693115,2.819999933242798,2.8399999141693115
2015-06-04,0,2.759999990463257,2.759999990463257,2.759999990463257,2.759999990463257,2.759999990463257
2015-06-03,0,2.759999990463257,2.759999990463257,2.759999990463257,2.759999990463257,2.759999990463257
2015-06-02,0,2.759999990463257,2.759999990463257,2.759999990463257,2.759999990463257,2.759999990463257
2015-06-01,200,2.759999990463257,2.759999990463257,2.759999990463257,2.759999990463257,2.759999990463257
2015-05-29,400,2.940000057220459,2.940000057220459,2.940000057220459,2.930000066757202,2.940000057220459
2015-05-28,600,2.7899999618530273,2.799999952316284,2.799999952316284,2.7899999618530273,2.799999952316284
2015-05-27,1700,2.799999952316284,2.75,2.799999952316284,2.740000009536743,2.75
2015-05-26,100,2.7300000190734863,2.7300000190734863,2.7300000190734863,2.7300000190734863,2.7300000190734863
2015-05-22,100,2.7200000286102295,2.7200000286102295,2.7200000286102295,2.7200000286102295,2.7200000286102295
2015-05-21,400,2.7100000381469727,2.740000009536743,2.740000009536743,2.7100000381469727,2.740000009536743
2015-05-20,200,2.7699999809265137,2.7699999809265137,2.7699999809265137,2.7699999809265137,2.7699999809265137
2015-05-19,3200,2.759999990463257,2.799999952316284,2.799999952316284,2.75,2.799999952316284
2015-05-18,2100,2.759999990463257,2.799999952316284,2.8499999046325684,2.759999990463257,2.799999952316284
2015-05-15,1000,2.8499999046325684,2.8499999046325684,2.8499999046325684,2.8499999046325684,2.8499999046325684
2015-05-14,3500,3.0399999618530273,3.009999990463257,3.130000114440918,3.0,3.009999990463257
2015-05-13,0,3.1500000953674316,3.1500000953674316,3.1500000953674316,3.1500000953674316,3.1500000953674316
2015-05-12,7000,3.0999999046325684,3.1500000953674316,3.1700000762939453,3.0899999141693115,3.1500000953674316
2015-05-11,13000,3.130000114440918,3.1500000953674316,3.25,3.130000114440918,3.1500000953674316
2015-05-08,13700,3.0,3.0899999141693115,3.119999885559082,2.9700000286102295,3.0899999141693115
2015-05-07,14000,2.9800000190734863,2.9600000381469727,3.119999885559082,2.930000066757202,2.9600000381469727
2015-05-06,900,2.8499999046325684,2.869999885559082,2.869999885559082,2.8499999046325684,2.869999885559082
2015-05-05,19000,2.9700000286102295,2.859999895095825,3.0,2.8399999141693115,2.859999895095825
2015-05-04,900,2.9000000953674316,2.930000066757202,2.930000066757202,2.9000000953674316,2.930000066757202
2015-05-01,500,2.809999942779541,2.809999942779541,2.809999942779541,2.809999942779541,2.809999942779541
2015-04-30,2800,2.7699999809265137,2.799999952316284,2.799999952316284,2.7699999809265137,2.799999952316284
2015-04-29,1200,2.7699999809265137,2.7899999618530273,2.7899999618530273,2.7699999809265137,2.7899999618530273
2015-04-28,100,2.7799999713897705,2.7799999713897705,2.7799999713897705,2.7799999713897705,2.7799999713897705
2015-04-27,1000,2.700000047683716,2.700000047683716,2.700000047683716,2.700000047683716,2.700000047683716
2015-04-24,800,2.700000047683716,2.700000047683716,2.700000047683716,2.700000047683716,2.700000047683716
2015-04-23,100,2.8499999046325684,2.8499999046325684,2.8499999046325684,2.8499999046325684,2.8499999046325684
2015-04-22,9700,2.7699999809265137,2.700000047683716,2.7699999809265137,2.700000047683716,2.700000047683716
2015-04-21,9100,2.8499999046325684,2.7699999809265137,2.890000104904175,2.7699999809265137,2.7699999809265137
2015-04-20,1100,2.880000114440918,2.9000000953674316,2.9000000953674316,2.880000114440918,2.9000000953674316
2015-04-17,100,2.890000104904175,2.890000104904175,2.890000104904175,2.890000104904175,2.890000104904175
2015-04-16,1100,2.9000000953674316,2.9000000953674316,2.9000000953674316,2.9000000953674316,2.9000000953674316
2015-04-15,1000,2.859999895095825,2.890000104904175,2.9200000762939453,2.859999895095825,2.890000104904175
2015-04-14,600,2.9000000953674316,2.9100000858306885,2.9100000858306885,2.9000000953674316,2.9100000858306885
2015-04-13,9300,2.8499999046325684,2.890000104904175,2.890000104904175,2.8499999046325684,2.890000104904175
2015-04-10,0,2.8499999046325684,2.8499999046325684,2.8499999046325684,2.8499999046325684,2.8499999046325684
2015-04-09,200,2.8499999046325684,2.8499999046325684,2.8499999046325684,2.8499999046325684,2.8499999046325684
2015-04-08,300,2.8499999046325684,2.890000104904175,2.890000104904175,2.8499999046325684,2.890000104904175
2015-04-07,700,2.930000066757202,2.930000066757202,2.930000066757202,2.930000066757202,2.930000066757202
2015-04-06,2600,2.9000000953674316,2.9100000858306885,2.9100000858306885,2.9000000953674316,2.9100000858306885
2015-04-02,2000,2.930000066757202,2.890000104904175,2.930000066757202,2.880000114440918,2.890000104904175
2015-04-01,500,2.940000057220459,2.8499999046325684,2.940000057220459,2.8499999046325684,2.8499999046325684
2015-03-31,800,2.9700000286102295,2.950000047683716,2.9700000286102295,2.950000047683716,2.950000047683716
2015-03-30,1500,2.930000066757202,2.9600000381469727,2.9600000381469727,2.9000000953674316,2.9600000381469727
2015-03-27,2700,2.940000057220459,2.940000057220459,2.9700000286102295,2.9100000858306885,2.940000057220459
2015-03-26,18900,2.9100000858306885,2.9200000762939453,2.9700000286102295,2.9100000858306885,2.9200000762939453
2015-03-25,16500,2.9100000858306885,2.9700000286102295,2.9700000286102295,2.9100000858306885,2.9700000286102295
2015-03-24,100,2.9700000286102295,2.9700000286102295,2.9700000286102295,2.9700000286102295,2.9700000286102295
2015-03-23,200,2.9700000286102295,2.9700000286102295,2.9700000286102295,2.9700000286102295,2.9700000286102295
2015-03-20,2400,2.940000057220459,2.9200000762939453,2.940000057220459,2.9200000762939453,2.9200000762939453
2015-03-19,2900,2.940000057220459,2.930000066757202,2.940000057220459,2.8499999046325684,2.930000066757202
2015-03-18,2000,2.930000066757202,2.9200000762939453,2.950000047683716,2.9200000762939453,2.9200000762939453
2015-03-17,3200,2.930000066757202,2.9000000953674316,2.950000047683716,2.9000000953674316,2.9000000953674316
2015-03-16,19900,2.7799999713897705,2.9200000762939453,2.9600000381469727,2.7799999713897705,2.9200000762939453
2015-03-13,9700,2.930000066757202,2.859999895095825,2.930000066757202,2.859999895095825,2.859999895095825
2015-03-12,25000,3.140000104904175,2.9100000858306885,3.140000104904175,2.8399999141693115,2.9100000858306885
2015-03-11,700,3.140000104904175,3.0199999809265137,3.140000104904175,3.0199999809265137,3.0199999809265137
2015-03-10,5000,3.0999999046325684,3.0299999713897705,3.1500000953674316,3.0299999713897705,3.0299999713897705
2015-03-09,1000,3.1500000953674316,3.1500000953674316,3.1500000953674316,3.1500000953674316,3.1500000953674316
2015-03-06,2700,3.2799999713897705,3.1500000953674316,3.2799999713897705,3.119999885559082,3.1500000953674316
2015-03-05,0,3.2899999618530273,3.2899999618530273,3.2899999618530273,3.2899999618530273,3.2899999618530273
2015-03-04,4400,3.2200000286102295,3.2899999618530273,3.2899999618530273,3.200000047683716,3.2899999618530273
2015-03-03,8300,3.369999885559082,3.240000009536743,3.369999885559082,3.240000009536743,3.240000009536743
2015-03-02,7500,3.299999952316284,3.369999885559082,3.5,3.25,3.369999885559082
2015-02-27,100,3.490000009536743,3.490000009536743,3.490000009536743,3.490000009536743,3.490000009536743
2015-02-26,10100,3.5299999713897705,3.509999990463257,3.5299999713897705,3.509999990463257,3.509999990463257
2015-02-25,3500,3.6500000953674316,3.630000114440918,3.6600000858306885,3.619999885559082,3.630000114440918
2015-02-24,200,3.5799999237060547,3.5799999237060547,3.5799999237060547,3.5799999237060547,3.5799999237060547
2015-02-23,1400,3.740000009536743,3.6600000858306885,3.740000009536743,3.6600000858306885,3.6600000858306885
2015-02-20,100,3.8499999046325684,3.8499999046325684,3.8499999046325684,3.8499999046325684,3.8499999046325684
2015-02-19,500,3.559999942779541,3.549999952316284,3.559999942779541,3.549999952316284,3.549999952316284
2015-02-18,3100,3.680000066757202,3.680000066757202,3.880000114440918,3.4000000953674316,3.680000066757202
2015-02-17,200,3.359999895095825,3.359999895095825,3.359999895095825,3.359999895095825,3.359999895095825
2015-02-13,14900,3.5,3.359999895095825,3.5,3.319999933242798,3.359999895095825
2015-02-12,300,3.569999933242798,3.569999933242798,3.569999933242798,3.569999933242798,3.569999933242798
2015-02-11,4600,3.6600000858306885,3.880000114440918,3.880000114440918,3.6500000953674316,3.880000114440918
2015-02-10,5000,3.799999952316284,3.890000104904175,3.890000104904175,3.799999952316284,3.890000104904175
2015-02-09,500,3.880000114440918,3.880000114440918,3.880000114440918,3.880000114440918,3.880000114440918
2015-02-06,4900,3.7799999713897705,3.869999885559082,3.890000104904175,3.7699999809265137,3.869999885559082
2015-02-05,100,3.7699999809265137,3.7699999809265137,3.7699999809265137,3.7699999809265137,3.7699999809265137
2015-02-04,600,3.740000009536743,3.740000009536743,3.740000009536743,3.740000009536743,3.740000009536743
2015-02-03,4000,3.740000009536743,3.7300000190734863,3.75,3.7300000190734863,3.7300000190734863
2015-02-02,100,3.7699999809265137,3.7699999809265137,3.7699999809265137,3.7699999809265137,3.7699999809265137
2015-01-30,9100,3.6500000953674316,3.7899999618530273,3.7899999618530273,3.630000114440918,3.7899999618530273
2015-01-29,4400,3.6700000762939453,3.6500000953674316,3.6700000762939453,3.6500000953674316,3.6500000953674316
2015-01-28,7100,3.6600000858306885,3.6500000953674316,3.6700000762939453,3.5899999141693115,3.6500000953674316
2015-01-27,100,3.890000104904175,3.890000104904175,3.890000104904175,3.890000104904175,3.890000104904175
2015-01-26,2000,3.7799999713897705,3.6700000762939453,3.7799999713897705,3.6700000762939453,3.6700000762939453
2015-01-23,1400,3.799999952316284,3.799999952316284,3.799999952316284,3.799999952316284,3.799999952316284
2015-01-22,600,3.6600000858306885,3.7200000286102295,3.7200000286102295,3.6600000858306885,3.7200000286102295
2015-01-21,100,3.8399999141693115,3.8399999141693115,3.8399999141693115,3.8399999141693115,3.8399999141693115
2015-01-20,400,3.6600000858306885,3.6600000858306885,3.6600000858306885,3.6600000858306885,3.6600000858306885
2015-01-16,200,3.6700000762939453,3.6700000762939453,3.6700000762939453,3.6700000762939453,3.6700000762939453
2015-01-15,2200,3.700000047683716,3.700000047683716,3.75,3.6700000762939453,3.700000047683716
2015-01-14,700,3.75,3.880000114440918,3.880000114440918,3.6700000762939453,3.880000114440918
2015-01-13,2500,3.740000009536743,3.75,3.7799999713897705,3.6600000858306885,3.75
2015-01-12,2300,3.859999895095825,3.799999952316284,3.859999895095825,3.799999952316284,3.799999952316284
2015-01-09,400,3.799999952316284,3.799999952316284,3.799999952316284,3.799999952316284,3.799999952316284
2015-01-08,3600,3.7799999713897705,3.7300000190734863,3.8499999046325684,3.7100000381469727,3.7300000190734863
2015-01-07,9900,3.75,3.6700000762939453,3.7899999618530273,3.6700000762939453,3.6700000762939453
2015-01-06,2800,3.7899999618530273,3.7300000190734863,3.7899999618530273,3.6600000858306885,3.7300000190734863
2015-01-05,400,3.7699999809265137,3.7899999618530273,3.7899999618530273,3.7699999809265137,3.7899999618530273
2015-01-02,1000,3.8499999046325684,3.8499999046325684,3.8499999046325684,3.8499999046325684,3.8499999046325684
2014-12-31,3100,3.8399999141693115,3.890000104904175,3.890000104904175,3.8399999141693115,3.890000104904175
2014-12-30,14500,3.75,3.75,3.940000057220459,3.75,3.75
2014-12-29,2500,3.7899999618530273,3.7799999713897705,3.7899999618530273,3.7799999713897705,3.7799999713897705
2014-12-26,200,3.809999942779541,3.75,3.809999942779541,3.75,3.75
2014-12-24,1000,3.7899999618530273,3.7899999618530273,3.7899999618530273,3.7899999618530273,3.7899999618530273
2014-12-23,400,3.7200000286102295,3.7300000190734863,3.7300000190734863,3.7200000286102295,3.7300000190734863
2014-12-22,13500,3.7100000381469727,3.7899999618530273,3.9000000953674316,3.7100000381469727,3.7899999618530273
2014-12-19,3700,3.7699999809265137,3.690000057220459,3.7699999809265137,3.680000066757202,3.690000057220459
2014-12-18,200,3.700000047683716,3.7300000190734863,3.7300000190734863,3.700000047683716,3.7300000190734863
2014-12-17,2200,3.7100000381469727,3.7200000286102295,3.759999990463257,3.7100000381469727,3.7200000286102295
2014-12-16,500,3.7200000286102295,3.700000047683716,3.7200000286102295,3.700000047683716,3.700000047683716
2014-12-15,2300,3.75,3.700000047683716,3.75,3.690000057220459,3.700000047683716
2014-12-12,3700,3.8399999141693115,3.809999942779541,3.8399999141693115,3.759999990463257,3.809999942779541
2014-12-11,4600,3.75,3.809999942779541,3.819999933242798,3.75,3.809999942779541
2014-12-10,10900,3.799999952316284,3.75,3.799999952316284,3.75,3.75
2014-12-09,6000,3.7899999618530273,3.8499999046325684,3.940000057220459,3.7899999618530273,3.8499999046325684
2014-12-08,2100,3.7899999618530273,3.7899999618530273,3.799999952316284,3.7899999618530273,3.7899999618530273
2014-12-05,2300,3.759999990463257,3.7899999618530273,3.859999895095825,3.759999990463257,3.7899999618530273
2014-12-04,100,3.759999990463257,3.759999990463257,3.759999990463257,3.759999990463257,3.759999990463257
2014-12-03,200,3.7799999713897705,3.7799999713897705,3.7799999713897705,3.7799999713897705,3.7799999713897705
2014-12-02,2400,3.859999895095825,3.809999942779541,3.859999895095825,3.759999990463257,3.809999942779541
2014-12-01,700,3.9600000381469727,3.799999952316284,3.9600000381469727,3.799999952316284,3.799999952316284
2014-11-28,5300,3.8499999046325684,3.819999933242798,3.8499999046325684,3.819999933242798,3.819999933242798
2014-11-26,700,3.809999942779541,3.809999942779541,3.8299999237060547,3.809999942779541,3.809999942779541
2014-11-25,2300,3.9600000381469727,3.950000047683716,3.9600000381469727,3.759999990463257,3.950000047683716
2014-11-24,1600,3.759999990463257,3.8399999141693115,3.8499999046325684,3.759999990463257,3.8399999141693115
2014-11-21,7200,3.819999933242798,3.799999952316284,3.8399999141693115,3.75,3.799999952316284
2014-11-20,5100,3.8399999141693115,3.9000000953674316,4.090000152587891,3.75,3.9000000953674316
2014-11-19,0,3.75,3.75,3.75,3.75,3.75
2014-11-18,7300,3.7799999713897705,3.75,3.819999933242798,3.75,3.75
2014-11-17,1100,3.7699999809265137,3.7699999809265137,3.8499999046325684,3.7699999809265137,3.7699999809265137
2014-11-14,23900,3.9800000190734863,3.799999952316284,4.25,3.799999952316284,3.799999952316284
2014-11-13,3500,3.930000066757202,3.859999895095825,3.9800000190734863,3.859999895095825,3.859999895095825
2014-11-12,1300,3.950000047683716,3.930000066757202,3.950000047683716,3.9200000762939453,3.930000066757202
2014-11-11,25800,3.9600000381469727,3.9600000381469727,4.119999885559082,3.8299999237060547,3.9600000381469727
2014-11-10,3100,4.039999961853027,3.9000000953674316,4.039999961853027,3.9000000953674316,3.9000000953674316
2014-11-07,400,4.119999885559082,4.019999980926514,4.119999885559082,4.010000228881836,4.019999980926514
2014-11-06,900,4.050000190734863,4.139999866485596,4.139999866485596,4.0,4.139999866485596
2014-11-05,3500,4.099999904632568,4.03000020980835,4.269999980926514,4.0,4.03000020980835
2014-11-04,7200,4.0,4.039999961853027,4.179999828338623,4.0,4.039999961853027
2014-11-03,7200,3.950000047683716,4.019999980926514,4.190000057220459,3.950000047683716,4.019999980926514
2014-10-31,12400,3.9800000190734863,3.950000047683716,4.090000152587891,3.9100000858306885,3.950000047683716
2014-10-30,5100,3.809999942779541,4.150000095367432,4.150000095367432,3.809999942779541,4.150000095367432
2014-10-29,15200,3.8499999046325684,3.809999942779541,3.8499999046325684,3.799999952316284,3.809999942779541
2014-10-28,2200,3.809999942779541,3.8299999237060547,3.8299999237060547,3.799999952316284,3.8299999237060547
2014-10-27,15800,3.8499999046325684,3.819999933242798,3.940000057220459,3.75,3.819999933242798
2014-10-24,17000,3.990000009536743,3.799999952316284,3.990000009536743,3.75,3.799999952316284
2014-10-23,29600,3.8399999141693115,3.9700000286102295,4.0,3.799999952316284,3.9700000286102295
2014-10-22,3500,3.799999952316284,3.8399999141693115,3.890000104904175,3.759999990463257,3.8399999141693115
2014-10-21,6300,3.7699999809265137,3.759999990463257,3.809999942779541,3.759999990463257,3.759999990463257
2014-10-20,12300,3.8299999237060547,3.819999933242798,3.9100000858306885,3.819999933242798,3.819999933242798
2014-10-17,21700,3.930000066757202,3.809999942779541,4.050000190734863,3.809999942779541,3.809999942779541
2014-10-16,22200,4.010000228881836,4.099999904632568,4.230000019073486,3.809999942779541,4.099999904632568
2014-10-15,86500,3.8499999046325684,4.0,4.840000152587891,3.759999990463257,4.0
2014-10-14,52400,4.199999809265137,3.759999990463257,4.199999809265137,3.75,3.759999990463257
2014-10-13,142500,3.740000009536743,4.369999885559082,4.78000020980835,3.740000009536743,4.369999885559082
2014-10-10,301700,5.25,4.050000190734863,5.760000228881836,3.6500000953674316,4.050000190734863
2014-10-09,235100,3.5899999141693115,4.579999923706055,5.449999809265137,3.5799999237060547,4.579999923706055
2014-10-08,12200,3.5799999237060547,3.5399999618530273,3.5999999046325684,3.4200000762939453,3.5399999618530273
2014-10-07,15300,3.549999952316284,3.5899999141693115,3.700000047683716,3.4700000286102295,3.5899999141693115
2014-10-06,2000,3.490000009536743,3.4200000762939453,3.490000009536743,3.4000000953674316,3.4200000762939453
2014-10-03,8100,3.7200000286102295,3.450000047683716,3.7200000286102295,3.3399999141693115,3.450000047683716
2014-10-02,10900,3.75,3.7200000286102295,3.799999952316284,3.509999990463257,3.7200000286102295
2014-10-01,100,3.7799999713897705,3.7799999713897705,3.7799999713897705,3.7799999713897705,3.7799999713897705
2014-09-30,30300,4.03000020980835,3.9000000953674316,4.050000190734863,3.9000000953674316,3.9000000953674316
2014-09-29,2500,4.03000020980835,4.019999980926514,4.119999885559082,4.019999980926514,4.019999980926514
2014-09-26,0,4.03000020980835,4.03000020980835,4.03000020980835,4.03000020980835,4.03000020980835
2014-09-25,1300,4.150000095367432,4.03000020980835,4.170000076293945,4.03000020980835,4.03000020980835
2014-09-24,0,4.03000020980835,4.03000020980835,4.03000020980835,4.03000020980835,4.03000020980835
2014-09-23,2000,4.019999980926514,4.03000020980835,4.03000020980835,4.019999980926514,4.03000020980835
2014-09-22,400,4.019999980926514,4.019999980926514,4.019999980926514,4.019999980926514,4.019999980926514
2014-09-19,7900,4.070000171661377,4.03000020980835,4.130000114440918,4.03000020980835,4.03000020980835
2014-09-18,1000,4.099999904632568,4.050000190734863,4.099999904632568,4.039999961853027,4.050000190734863
2014-09-17,700,4.230000019073486,4.099999904632568,4.230000019073486,4.079999923706055,4.099999904632568
2014-09-16,100,4.210000038146973,4.210000038146973,4.210000038146973,4.210000038146973,4.210000038146973
2014-09-15,700,4.019999980926514,4.050000190734863,4.25,4.019999980926514,4.050000190734863
2014-09-12,1100,4.050000190734863,4.070000171661377,4.239999771118164,4.050000190734863,4.070000171661377
2014-09-11,1600,4.25,4.050000190734863,4.25,4.019999980926514,4.050000190734863
2014-09-10,3700,4.070000171661377,4.269999980926514,4.269999980926514,4.019999980926514,4.269999980926514
2014-09-09,1400,4.050000190734863,4.329999923706055,4.329999923706055,4.0,4.329999923706055
2014-09-08,1500,3.9600000381469727,4.150000095367432,4.150000095367432,3.9600000381469727,4.150000095367432
2014-09-05,10800,4.079999923706055,4.079999923706055,4.110000133514404,4.019999980926514,4.079999923706055
2014-09-04,3400,3.950000047683716,4.010000228881836,4.039999961853027,3.950000047683716,4.010000228881836
2014-09-03,5500,3.990000009536743,3.950000047683716,4.0,3.950000047683716,3.950000047683716
2014-09-02,2200,3.950000047683716,4.050000190734863,4.050000190734863,3.950000047683716,4.050000190734863
2014-08-29,600,3.9700000286102295,4.03000020980835,4.059999942779541,3.9600000381469727,4.03000020980835
2014-08-28,0,4.099999904632568,4.099999904632568,4.099999904632568,4.099999904632568,4.099999904632568
2014-08-27,3600,4.010000228881836,4.099999904632568,4.099999904632568,4.0,4.099999904632568
2014-08-26,5100,4.0,4.0,4.110000133514404,4.0,4.0
2014-08-25,300,4.019999980926514,4.019999980926514,4.019999980926514,4.019999980926514,4.019999980926514
2014-08-22,900,4.0,4.03000020980835,4.03000020980835,4.0,4.03000020980835
2014-08-21,8300,4.409999847412109,4.070000171661377,4.409999847412109,3.930000066757202,4.070000171661377
2014-08-20,4500,4.619999885559082,4.21999979019165,4.619999885559082,4.159999847412109,4.21999979019165
2014-08-19,4800,4.340000152587891,4.380000114440918,4.699999809265137,4.329999923706055,4.380000114440918
2014-08-18,84900,4.900000095367432,4.420000076293945,5.0,4.349999904632568,4.420000076293945
2014-08-15,110400,3.9800000190734863,4.690000057220459,4.989999771118164,3.9100000858306885,4.690000057220459
2014-08-14,0,3.9100000858306885,3.9100000858306885,3.9100000858306885,3.9100000858306885,3.9100000858306885
2014-08-13,600,3.9100000858306885,3.9100000858306885,3.9100000858306885,3.9100000858306885,3.9100000858306885
2014-08-12,6300,4.170000076293945,4.150000095367432,4.179999828338623,3.930000066757202,4.150000095367432
2014-08-11,1600,4.230000019073486,4.179999828338623,4.25,4.179999828338623,4.179999828338623
2014-08-08,500,4.159999847412109,4.199999809265137,4.199999809265137,4.159999847412109,4.199999809265137
2014-08-07,5200,4.210000038146973,4.190000057220459,4.210000038146973,4.139999866485596,4.190000057220459
2014-08-06,0,3.940000057220459,3.940000057220459,3.940000057220459,3.940000057220459,3.940000057220459
2014-08-05,700,3.9100000858306885,3.940000057220459,3.940000057220459,3.9100000858306885,3.940000057220459
2014-08-04,1200,4.090000152587891,3.9700000286102295,4.179999828338623,3.9200000762939453,3.9700000286102295
2014-08-01,3000,4.130000114440918,4.130000114440918,4.179999828338623,4.130000114440918,4.130000114440918
2014-07-31,400,4.090000152587891,4.119999885559082,4.179999828338623,4.090000152587891,4.119999885559082
2014-07-30,2100,4.349999904632568,4.179999828338623,4.480000019073486,3.9700000286102295,4.179999828338623
2014-07-29,1100,4.110000133514404,4.480000019073486,4.489999771118164,4.099999904632568,4.480000019073486
2014-07-28,2900,3.9600000381469727,4.090000152587891,4.090000152587891,3.9100000858306885,4.090000152587891
2014-07-25,23600,4.070000171661377,4.150000095367432,4.150000095367432,3.990000009536743,4.150000095367432
2014-07-24,4900,3.9600000381469727,3.940000057220459,4.150000095367432,3.940000057220459,3.940000057220459
2014-07-23,56700,3.9000000953674316,4.150000095367432,4.269999980926514,3.9000000953674316,4.150000095367432
2014-07-22,6600,3.9000000953674316,3.9600000381469727,4.050000190734863,3.9000000953674316,3.9600000381469727
2014-07-21,6300,3.9200000762939453,3.9700000286102295,4.079999923706055,3.9000000953674316,3.9700000286102295
2014-07-18,6300,4.0,4.019999980926514,4.050000190734863,3.950000047683716,4.019999980926514
2014-07-17,2100,3.950000047683716,4.010000228881836,4.010000228881836,3.950000047683716,4.010000228881836
2014-07-16,500,4.039999961853027,4.039999961853027,4.039999961853027,4.039999961853027,4.039999961853027
2014-07-15,1200,3.950000047683716,3.9600000381469727,4.0,3.930000066757202,3.9600000381469727
2014-07-14,5000,3.75,3.950000047683716,4.0,3.75,3.950000047683716
2014-07-11,36500,3.9100000858306885,3.9000000953674316,3.950000047683716,3.890000104904175,3.9000000953674316
2014-07-10,2300,4.0,3.859999895095825,4.0,3.8499999046325684,3.859999895095825
2014-07-09,8700,3.8499999046325684,3.9800000190734863,4.0,3.8499999046325684,3.9800000190734863
2014-07-08,5300,4.190000057220459,3.9000000953674316,4.190000057220459,3.7699999809265137,3.9000000953674316
2014-07-07,17500,3.740000009536743,3.880000114440918,3.880000114440918,3.7300000190734863,3.880000114440918
2014-07-03,1000,3.7200000286102295,3.7200000286102295,3.7200000286102295,3.7200000286102295,3.7200000286102295
2014-07-02,100,3.690000057220459,3.690000057220459,3.690000057220459,3.690000057220459,3.690000057220459
2014-07-01,400,3.7300000190734863,3.7200000286102295,3.7300000190734863,3.7200000286102295,3.7200000286102295
2014-06-30,1000,3.7200000286102295,3.7200000286102295,3.7200000286102295,3.7200000286102295,3.7200000286102295
2014-06-27,700,3.6500000953674316,3.6700000762939453,3.6700000762939453,3.6500000953674316,3.6700000762939453
2014-06-26,0,3.700000047683716,3.700000047683716,3.700000047683716,3.700000047683716,3.700000047683716
2014-06-25,700,3.700000047683716,3.700000047683716,3.700000047683716,3.700000047683716,3.700000047683716
2014-06-24,14400,3.7200000286102295,3.5899999141693115,3.759999990463257,3.569999933242798,3.5899999141693115
2014-06-23,6400,3.619999885559082,3.75,3.799999952316284,3.619999885559082,3.75
2014-06-20,1500,3.9100000858306885,3.7100000381469727,3.9100000858306885,3.7100000381469727,3.7100000381469727
2014-06-19,1200,3.8399999141693115,3.819999933242798,3.8399999141693115,3.799999952316284,3.819999933242798
2014-06-18,4700,3.759999990463257,3.890000104904175,3.930000066757202,3.759999990463257,3.890000104904175
2014-06-17,23000,3.8399999141693115,3.8499999046325684,3.8499999046325684,3.809999942779541,3.8499999046325684
2014-06-16,700,3.819999933242798,3.819999933242798,3.8399999141693115,3.819999933242798,3.819999933242798
2014-06-13,16400,3.9600000381469727,3.990000009536743,3.990000009536743,3.9000000953674316,3.990000009536743
2014-06-12,41700,4.25,3.9600000381469727,4.440000057220459,3.940000057220459,3.9600000381469727
2014-06-11,29000,3.700000047683716,3.75,3.7899999618530273,3.5899999141693115,3.75
2014-06-10,11300,3.7799999713897705,3.5799999237060547,3.7799999713897705,3.509999990463257,3.5799999237060547
2014-06-09,3700,3.390000104904175,3.490000009536743,3.5799999237060547,3.390000104904175,3.490000009536743
2014-06-06,2900,3.4000000953674316,3.4000000953674316,3.4000000953674316,3.390000104904175,3.4000000953674316
2014-06-05,1400,3.299999952316284,3.359999895095825,3.4100000858306885,3.299999952316284,3.359999895095825
2014-06-04,1000,3.390000104904175,3.390000104904175,3.390000104904175,3.390000104904175,3.390000104904175
2014-06-03,5700,3.2699999809265137,3.2699999809265137,3.319999933242798,3.2699999809265137,3.2699999809265137
2014-06-02,7300,3.240000009536743,3.25,3.2899999618530273,3.240000009536743,3.25
2014-05-30,2500,3.180000066757202,3.190000057220459,3.190000057220459,3.1700000762939453,3.190000057220459
2014-05-29,9300,3.140000104904175,3.1500000953674316,3.190000057220459,3.069999933242798,3.1500000953674316
2014-05-28,3000,3.1700000762939453,3.1500000953674316,3.1700000762939453,3.109999895095825,3.1500000953674316
2014-05-27,10000,2.950000047683716,3.0399999618530273,3.0399999618530273,2.950000047683716,3.0399999618530273
2014-05-23,6300,2.950000047683716,3.0,3.0,2.950000047683716,3.0
2014-05-22,1200,2.950000047683716,2.950000047683716,2.9700000286102295,2.950000047683716,2.950000047683716
2014-05-21,900,2.950000047683716,2.880000114440918,2.9600000381469727,2.869999885559082,2.880000114440918
2014-05-20,2100,2.940000057220459,2.9200000762939453,2.940000057220459,2.859999895095825,2.9200000762939453
2014-05-19,7600,2.990000009536743,2.9200000762939453,2.990000009536743,2.9000000953674316,2.9200000762939453
2014-05-16,900,2.930000066757202,2.9200000762939453,2.9700000286102295,2.9200000762939453,2.9200000762939453
2014-05-15,6400,3.049999952316284,3.0,3.059999942779541,2.950000047683716,3.0
2014-05-14,6800,2.950000047683716,3.0299999713897705,3.180000066757202,2.950000047683716,3.0299999713897705
2014-05-13,11800,3.0,2.9600000381469727,3.0399999618530273,2.9100000858306885,2.9600000381469727
2014-05-12,4300,3.0399999618530273,3.190000057220459,3.200000047683716,3.0399999618530273,3.190000057220459
2014-05-09,50100,2.9700000286102295,3.069999933242798,3.1600000858306885,2.940000057220459,3.069999933242798
2014-05-08,8000,2.9700000286102295,2.9000000953674316,2.9700000286102295,2.9000000953674316,2.9000000953674316
2014-05-07,600,3.009999990463257,2.9200000762939453,3.009999990463257,2.9200000762939453,2.9200000762939453
2014-05-06,1800,2.940000057220459,2.940000057220459,2.9600000381469727,2.940000057220459,2.940000057220459
2014-05-05,1800,2.9200000762939453,2.9200000762939453,2.9600000381469727,2.9100000858306885,2.9200000762939453
2014-05-02,3000,2.9100000858306885,2.940000057220459,2.9600000381469727,2.9100000858306885,2.940000057220459
2014-05-01,2300,3.009999990463257,2.9200000762939453,3.009999990463257,2.9200000762939453,2.9200000762939453
2014-04-30,100,2.9800000190734863,2.9800000190734863,2.9800000190734863,2.9800000190734863,2.9800000190734863
2014-04-29,2800,2.9100000858306885,2.9600000381469727,2.9600000381469727,2.9100000858306885,2.9600000381469727
2014-04-28,200,2.9700000286102295,2.940000057220459,2.9700000286102295,2.940000057220459,2.940000057220459
2014-04-25,9800,2.930000066757202,2.930000066757202,3.0399999618530273,2.9100000858306885,2.930000066757202
2014-04-24,900,2.9200000762939453,2.990000009536743,2.990000009536743,2.9200000762939453,2.990000009536743
2014-04-23,600,2.9200000762939453,2.9200000762939453,2.9200000762939453,2.9200000762939453,2.9200000762939453
2014-04-22,900,2.9700000286102295,2.930000066757202,3.0299999713897705,2.930000066757202,2.930000066757202
2014-04-21,3300,2.950000047683716,2.940000057220459,2.950000047683716,2.9100000858306885,2.940000057220459
2014-04-17,15400,2.9200000762939453,2.9100000858306885,3.0,2.9100000858306885,2.9100000858306885
2014-04-16,10900,3.049999952316284,2.930000066757202,3.109999895095825,2.930000066757202,2.930000066757202
2014-04-15,5600,3.049999952316284,2.990000009536743,3.049999952316284,2.990000009536743,2.990000009536743
2014-04-14,500,3.049999952316284,3.0299999713897705,3.049999952316284,3.0299999713897705,3.0299999713897705
2014-04-11,5200,3.0199999809265137,3.0299999713897705,3.069999933242798,3.0199999809265137,3.0299999713897705
2014-04-10,7400,3.1500000953674316,3.0299999713897705,3.1500000953674316,3.009999990463257,3.0299999713897705
2014-04-09,6300,3.240000009536743,3.180000066757202,3.240000009536743,3.1500000953674316,3.180000066757202
2014-04-08,0,3.190000057220459,3.190000057220459,3.190000057220459,3.190000057220459,3.190000057220459
2014-04-07,200,3.190000057220459,3.190000057220459,3.190000057220459,3.190000057220459,3.190000057220459
2014-04-04,1300,3.0999999046325684,3.0999999046325684,3.119999885559082,3.0999999046325684,3.0999999046325684
2014-04-03,1900,3.069999933242798,3.059999942779541,3.069999933242798,3.0299999713897705,3.059999942779541
2014-04-02,2500,3.25,3.119999885559082,3.25,3.119999885559082,3.119999885559082
2014-04-01,21100,3.049999952316284,3.0999999046325684,3.109999895095825,3.049999952316284,3.0999999046325684
2014-03-31,3000,2.940000057220459,2.940000057220459,3.0799999237060547,2.9200000762939453,2.940000057220459
2014-03-28,13800,3.1500000953674316,2.9200000762939453,3.1500000953674316,2.9200000762939453,2.9200000762939453
2014-03-27,1200,3.130000114440918,3.140000104904175,3.140000104904175,3.130000114440918,3.140000104904175
2014-03-26,5500,3.059999942779541,3.109999895095825,3.109999895095825,3.059999942779541,3.109999895095825
2014-03-25,4300,3.109999895095825,3.059999942779541,3.109999895095825,3.059999942779541,3.059999942779541
2014-03-24,8500,3.2300000190734863,3.119999885559082,3.2300000190734863,3.119999885559082,3.119999885559082
2014-03-21,30500,3.25,3.180000066757202,3.25,3.180000066757202,3.180000066757202
2014-03-20,7700,3.25,3.25,3.2799999713897705,3.180000066757202,3.25
2014-03-19,4200,3.2899999618530273,3.2100000381469727,3.3299999237060547,3.2100000381469727,3.2100000381469727
2014-03-18,11500,3.299999952316284,3.2899999618530273,3.309999942779541,3.190000057220459,3.2899999618530273
2014-03-17,13200,3.369999885559082,3.309999942779541,3.4200000762939453,3.2799999713897705,3.309999942779541
2014-03-14,7100,3.5399999618530273,3.319999933242798,3.549999952316284,3.309999942779541,3.319999933242798
2014-03-13,8100,3.5,3.5,3.5199999809265137,3.5,3.5
2014-03-12,7900,3.509999990463257,3.5,3.5299999713897705,3.5,3.5
2014-03-11,4000,3.509999990463257,3.509999990463257,3.640000104904175,3.509999990463257,3.509999990463257
2014-03-10,7600,3.690000057220459,3.509999990463257,3.690000057220459,3.509999990463257,3.509999990463257
2014-03-07,4800,3.640000104904175,3.6600000858306885,3.700000047683716,3.640000104904175,3.6600000858306885
2014-03-06,2000,3.6500000953674316,3.6500000953674316,3.6500000953674316,3.6500000953674316,3.6500000953674316
2014-03-05,600,3.5999999046325684,3.640000104904175,3.640000104904175,3.5999999046325684,3.640000104904175
2014-03-04,5000,3.6500000953674316,3.6600000858306885,3.6600000858306885,3.619999885559082,3.6600000858306885
2014-03-03,1800,3.609999895095825,3.630000114440918,3.690000057220459,3.609999895095825,3.630000114440918
2014-02-28,3500,3.5999999046325684,3.630000114440918,3.630000114440918,3.569999933242798,3.630000114440918
2014-02-27,1300,3.5999999046325684,3.609999895095825,3.640000104904175,3.5999999046325684,3.609999895095825
2014-02-26,5100,3.619999885559082,3.630000114440918,3.640000104904175,3.559999942779541,3.630000114440918
2014-02-25,13100,3.640000104904175,3.609999895095825,3.7200000286102295,3.549999952316284,3.609999895095825
2014-02-24,8400,3.630000114440918,3.7200000286102295,3.740000009536743,3.630000114440918,3.7200000286102295
2014-02-21,1400,3.690000057220459,3.680000066757202,3.690000057220459,3.6500000953674316,3.680000066757202
2014-02-20,2800,3.609999895095825,3.690000057220459,3.700000047683716,3.609999895095825,3.690000057220459
2014-02-19,12800,3.7799999713897705,3.700000047683716,3.7799999713897705,3.5899999141693115,3.700000047683716
2014-02-18,14600,3.9700000286102295,3.759999990463257,3.9700000286102295,3.700000047683716,3.759999990463257
2014-02-14,38900,4.300000190734863,3.819999933242798,4.380000114440918,3.819999933242798,3.819999933242798
2014-02-13,14800,4.75,4.579999923706055,4.75,4.5,4.579999923706055
2014-02-12,8100,4.570000171661377,4.739999771118164,4.760000228881836,4.570000171661377,4.739999771118164
2014-02-11,22900,4.630000114440918,4.599999904632568,4.880000114440918,4.590000152587891,4.599999904632568
2014-02-10,29000,4.869999885559082,4.590000152587891,4.869999885559082,4.5,4.590000152587891
2014-02-07,28200,4.559999942779541,4.920000076293945,4.920000076293945,4.400000095367432,4.920000076293945
2014-02-06,5200,4.559999942779541,4.539999961853027,4.590000152587891,4.309999942779541,4.539999961853027
2014-02-05,28900,4.389999866485596,4.590000152587891,4.590000152587891,4.199999809265137,4.590000152587891
2014-02-04,47900,4.920000076293945,4.510000228881836,4.960000038146973,4.46999979019165,4.510000228881836
2014-02-03,251100,4.440000057220459,4.929999828338623,5.570000171661377,4.440000057220459,4.929999828338623
2014-01-31,5000,4.210000038146973,4.420000076293945,4.440000057220459,4.210000038146973,4.420000076293945
2014-01-30,600,4.25,4.25,4.25,4.25,4.25
2014-01-29,7800,4.110000133514404,4.21999979019165,4.21999979019165,4.110000133514404,4.21999979019165
2014-01-28,10600,3.940000057220459,4.099999904632568,4.110000133514404,3.9200000762939453,4.099999904632568
2014-01-27,1800,3.9600000381469727,4.0,4.0,3.940000057220459,4.0
2014-01-24,3200,4.019999980926514,4.039999961853027,4.099999904632568,3.9600000381469727,4.039999961853027
2014-01-23,12300,4.239999771118164,4.079999923706055,4.239999771118164,3.890000104904175,4.079999923706055
2014-01-22,2900,4.239999771118164,4.159999847412109,4.25,4.159999847412109,4.159999847412109
2014-01-21,13200,4.230000019073486,4.230000019073486,4.230000019073486,4.099999904632568,4.230000019073486
2014-01-17,3400,4.170000076293945,4.239999771118164,4.25,4.159999847412109,4.239999771118164
2014-01-16,300,4.159999847412109,4.239999771118164,4.239999771118164,4.159999847412109,4.239999771118164
2014-01-15,2400,4.199999809265137,4.210000038146973,4.230000019073486,4.190000057220459,4.210000038146973
2014-01-14,4400,4.210000038146973,4.25,4.349999904632568,4.210000038146973,4.25
2014-01-13,5200,4.230000019073486,4.159999847412109,4.360000133514404,4.159999847412109,4.159999847412109
2014-01-10,1800,4.21999979019165,4.230000019073486,4.25,4.099999904632568,4.230000019073486
2014-01-09,1500,4.019999980926514,4.239999771118164,4.239999771118164,4.019999980926514,4.239999771118164
2014-01-08,2100,4.039999961853027,4.119999885559082,4.190000057220459,4.039999961853027,4.119999885559082
2014-01-07,6000,4.199999809265137,4.139999866485596,4.199999809265137,4.070000171661377,4.139999866485596
2014-01-06,19700,4.119999885559082,4.190000057220459,4.190000057220459,4.03000020980835,4.190000057220459
2014-01-03,2400,4.190000057220459,4.179999828338623,4.190000057220459,4.119999885559082,4.179999828338623
2014-01-02,4000,4.190000057220459,4.170000076293945,4.190000057220459,4.119999885559082,4.170000076293945
2013-12-31,12300,4.159999847412109,4.150000095367432,4.199999809265137,4.110000133514404,4.150000095367432
2013-12-30,62000,4.46999979019165,4.179999828338623,4.46999979019165,4.119999885559082,4.179999828338623
2013-12-27,18200,4.5,4.53000020980835,4.53000020980835,4.449999809265137,4.53000020980835
2013-12-26,13500,4.579999923706055,4.46999979019165,4.579999923706055,4.460000038146973,4.46999979019165
2013-12-24,3400,4.599999904632568,4.599999904632568,4.599999904632568,4.550000190734863,4.599999904632568
2013-12-23,1800,4.610000133514404,4.619999885559082,4.630000114440918,4.510000228881836,4.619999885559082
2013-12-20,41800,4.449999809265137,4.610000133514404,4.610000133514404,4.449999809265137,4.610000133514404
2013-12-19,15900,4.480000019073486,4.510000228881836,4.519999980926514,4.480000019073486,4.510000228881836
2013-12-18,6700,4.5,4.519999980926514,4.619999885559082,4.380000114440918,4.519999980926514
2013-12-17,6100,4.539999961853027,4.559999942779541,4.579999923706055,4.409999847412109,4.559999942779541
2013-12-16,26300,4.519999980926514,4.570000171661377,4.590000152587891,4.369999885559082,4.570000171661377
2013-12-13,17800,4.519999980926514,4.510000228881836,4.630000114440918,4.5,4.510000228881836
2013-12-12,4200,4.590000152587891,4.599999904632568,4.670000076293945,4.510000228881836,4.599999904632568
2013-12-11,13600,4.550000190734863,4.5,4.670000076293945,4.5,4.5
2013-12-10,6500,4.590000152587891,4.679999828338623,4.690000057220459,4.550000190734863,4.679999828338623
2013-12-09,16200,4.550000190734863,4.590000152587891,4.690000057220459,4.5,4.590000152587891
2013-12-06,12800,4.559999942779541,4.550000190734863,4.650000095367432,4.550000190734863,4.550000190734863
2013-12-05,5000,4.599999904632568,4.559999942779541,4.690000057220459,4.550000190734863,4.559999942779541
2013-12-04,55000,4.710000038146973,4.570000171661377,4.800000190734863,4.489999771118164,4.570000171661377
2013-12-03,17000,4.849999904632568,4.739999771118164,4.849999904632568,4.489999771118164,4.739999771118164
2013-12-02,74100,4.090000152587891,4.840000152587891,4.840000152587891,4.090000152587891,4.840000152587891
2013-11-29,6100,4.010000228881836,4.039999961853027,4.090000152587891,4.010000228881836,4.039999961853027
2013-11-27,7800,3.9600000381469727,4.039999961853027,4.059999942779541,3.9600000381469727,4.039999961853027
2013-11-26,9200,3.9700000286102295,3.990000009536743,4.0,3.9600000381469727,3.990000009536743
2013-11-25,37500,3.990000009536743,3.9800000190734863,4.150000095367432,3.859999895095825,3.9800000190734863
2013-11-22,6000,3.9600000381469727,3.9800000190734863,4.050000190734863,3.8299999237060547,3.9800000190734863
2013-11-21,10300,3.75,3.950000047683716,3.990000009536743,3.75,3.950000047683716
2013-11-20,19900,4.130000114440918,3.7699999809265137,4.130000114440918,3.7100000381469727,3.7699999809265137
2013-11-19,72000,3.559999942779541,3.990000009536743,4.150000095367432,3.559999942779541,3.990000009536743
2013-11-18,26300,3.3299999237060547,3.559999942779541,3.5799999237060547,3.309999942779541,3.559999942779541
2013-11-15,30000,3.180000066757202,3.390000104904175,3.4100000858306885,3.1700000762939453,3.390000104904175
2013-11-14,43800,3.0399999618530273,3.130000114440918,3.1700000762939453,3.0,3.130000114440918
2013-11-13,11000,3.180000066757202,3.0999999046325684,3.240000009536743,3.0999999046325684,3.0999999046325684
2013-11-12,10500,3.1500000953674316,3.1700000762939453,3.200000047683716,3.1500000953674316,3.1700000762939453
2013-11-11,6200,3.059999942779541,3.119999885559082,3.200000047683716,3.059999942779541,3.119999885559082
2013-11-08,11800,3.190000057220459,3.049999952316284,3.190000057220459,3.0399999618530273,3.049999952316284
2013-11-07,4000,2.9600000381469727,2.9600000381469727,2.9800000190734863,2.9600000381469727,2.9600000381469727
2013-11-06,36700,3.009999990463257,3.0899999141693115,3.200000047683716,3.0,3.0899999141693115
2013-11-05,3600,2.950000047683716,2.9800000190734863,2.990000009536743,2.950000047683716,2.9800000190734863
2013-11-04,6900,2.9800000190734863,2.990000009536743,3.0,2.950000047683716,2.990000009536743
2013-11-01,1800,2.799999952316284,2.9200000762939453,3.0399999618530273,2.799999952316284,2.9200000762939453
2013-10-31,29800,2.880000114440918,2.809999942779541,2.890000104904175,2.740000009536743,2.809999942779541
2013-10-30,9500,2.9000000953674316,2.890000104904175,2.9100000858306885,2.890000104904175,2.890000104904175
2013-10-29,18600,2.9600000381469727,2.890000104904175,3.0,2.890000104904175,2.890000104904175
2013-10-28,3200,2.950000047683716,2.930000066757202,2.950000047683716,2.930000066757202,2.930000066757202
2013-10-25,29100,2.9100000858306885,3.0199999809265137,3.0999999046325684,2.9100000858306885,3.0199999809265137
2013-10-24,1200,2.9000000953674316,2.9200000762939453,2.9200000762939453,2.890000104904175,2.9200000762939453
2013-10-23,7000,2.9200000762939453,2.890000104904175,2.950000047683716,2.890000104904175,2.890000104904175
2013-10-22,4800,2.930000066757202,2.930000066757202,2.9600000381469727,2.890000104904175,2.930000066757202
2013-10-21,7000,2.950000047683716,2.950000047683716,2.9700000286102295,2.950000047683716,2.950000047683716
2013-10-18,15600,2.9100000858306885,2.890000104904175,2.9100000858306885,2.8499999046325684,2.890000104904175
2013-10-17,29500,2.9000000953674316,2.9600000381469727,2.9600000381469727,2.809999942779541,2.9600000381469727
2013-10-16,11100,2.930000066757202,2.890000104904175,2.9700000286102295,2.880000114440918,2.890000104904175
2013-10-15,700,2.9100000858306885,2.880000114440918,2.9100000858306885,2.880000114440918,2.880000114440918
2013-10-14,4300,2.9200000762939453,2.9000000953674316,2.940000057220459,2.869999885559082,2.9000000953674316
2013-10-11,3400,2.9700000286102295,2.930000066757202,3.0,2.9100000858306885,2.930000066757202
2013-10-10,8500,3.049999952316284,3.0,3.049999952316284,2.950000047683716,3.0
2013-10-09,4400,2.9800000190734863,3.009999990463257,3.049999952316284,2.9800000190734863,3.009999990463257
2013-10-08,15200,3.009999990463257,3.0399999618530273,3.049999952316284,2.9800000190734863,3.0399999618530273
2013-10-07,1000,3.009999990463257,3.0399999618530273,3.049999952316284,3.009999990463257,3.0399999618530273
2013-10-04,7600,3.049999952316284,3.0899999141693115,3.0899999141693115,3.0,3.0899999141693115
2013-10-03,5300,2.950000047683716,3.0799999237060547,3.25,2.950000047683716,3.0799999237060547
2013-10-02,9900,2.950000047683716,2.990000009536743,3.069999933242798,2.950000047683716,2.990000009536743
2013-10-01,18400,3.069999933242798,2.9600000381469727,3.1500000953674316,2.950000047683716,2.9600000381469727
2013-09-30,32000,3.0199999809265137,3.1600000858306885,3.299999952316284,3.009999990463257,3.1600000858306885
2013-09-27,33200,3.049999952316284,3.1600000858306885,3.299999952316284,3.0399999618530273,3.1600000858306885
2013-09-26,12000,3.0299999713897705,3.0399999618530273,3.119999885559082,3.0199999809265137,3.0399999618530273
2013-09-25,26500,3.1500000953674316,3.0999999046325684,3.1500000953674316,3.049999952316284,3.0999999046325684
2013-09-24,10100,3.2300000190734863,3.180000066757202,3.2300000190734863,3.1500000953674316,3.180000066757202
2013-09-23,18000,3.25,3.25,3.319999933242798,3.1500000953674316,3.25
2013-09-20,15700,3.299999952316284,3.240000009536743,3.369999885559082,3.240000009536743,3.240000009536743
2013-09-19,22700,3.259999990463257,3.2799999713897705,3.390000104904175,3.2300000190734863,3.2799999713897705
2013-09-18,4500,3.309999942779541,3.25,3.319999933242798,3.25,3.25
2013-09-17,17500,3.1700000762939453,3.259999990463257,3.3499999046325684,3.1500000953674316,3.259999990463257
2013-09-16,12200,3.2200000286102295,3.1700000762939453,3.319999933242798,3.119999885559082,3.1700000762939453
2013-09-13,9900,3.299999952316284,3.200000047683716,3.299999952316284,3.1700000762939453,3.200000047683716
2013-09-12,6400,3.200000047683716,3.2899999618530273,3.2899999618530273,3.1700000762939453,3.2899999618530273
2013-09-11,30200,3.3299999237060547,3.200000047683716,3.390000104904175,3.180000066757202,3.200000047683716
2013-09-10,67700,3.3299999237060547,3.319999933242798,3.359999895095825,3.190000057220459,3.319999933242798
2013-09-09,8800,3.2100000381469727,3.25,3.259999990463257,3.200000047683716,3.25
2013-09-06,7400,3.2699999809265137,3.200000047683716,3.299999952316284,3.200000047683716,3.200000047683716
2013-09-05,31200,3.440000057220459,3.2699999809265137,3.440000057220459,3.1600000858306885,3.2699999809265137
2013-09-04,5400,3.509999990463257,3.440000057220459,3.5199999809265137,3.3499999046325684,3.440000057220459
2013-09-03,8600,3.430000066757202,3.5399999618530273,3.5999999046325684,3.4000000953674316,3.5399999618530273
2013-08-30,3200,3.450000047683716,3.4200000762939453,3.4800000190734863,3.4100000858306885,3.4200000762939453
2013-08-29,5000,3.390000104904175,3.440000057220459,3.4800000190734863,3.3499999046325684,3.440000057220459
2013-08-28,11000,3.3499999046325684,3.380000114440918,3.4600000381469727,3.3499999046325684,3.380000114440918
2013-08-27,18900,3.450000047683716,3.4600000381469727,3.559999942779541,3.3499999046325684,3.4600000381469727
2013-08-26,27600,3.319999933242798,3.450000047683716,3.509999990463257,3.299999952316284,3.450000047683716
2013-08-23,27700,3.369999885559082,3.3299999237060547,3.5,3.140000104904175,3.3299999237060547
2013-08-22,9300,3.299999952316284,3.380000114440918,3.5,3.299999952316284,3.380000114440918
2013-08-21,30900,3.440000057220459,3.2699999809265137,3.5,3.130000114440918,3.2699999809265137
2013-08-20,43000,3.299999952316284,3.4100000858306885,3.7200000286102295,3.299999952316284,3.4100000858306885
2013-08-19,68000,3.549999952316284,3.2699999809265137,3.640000104904175,3.2699999809265137,3.2699999809265137
2013-08-16,52500,3.7100000381469727,3.6700000762939453,3.75,3.5299999713897705,3.6700000762939453
2013-08-15,11900,3.859999895095825,3.7100000381469727,3.859999895095825,3.5999999046325684,3.7100000381469727
2013-08-14,61500,3.7300000190734863,3.6600000858306885,3.7300000190734863,3.509999990463257,3.6600000858306885
2013-08-13,76400,4.199999809265137,3.7899999618530273,4.239999771118164,3.690000057220459,3.7899999618530273
2013-08-12,77800,4.139999866485596,4.190000057220459,4.21999979019165,3.809999942779541,4.190000057220459
2013-08-09,172000,3.7300000190734863,4.130000114440918,4.320000171661377,3.680000066757202,4.130000114440918
2013-08-08,168500,4.480000019073486,3.799999952316284,4.590000152587891,3.799999952316284,3.799999952316284
2013-08-07,465000,5.650000095367432,4.539999961853027,5.670000076293945,4.300000190734863,4.539999961853027
2013-08-06,3204300,4.0,5.570000171661377,7.940000057220459,4.0,5.570000171661377
2013-08-05,76700,2.5199999809265137,2.9000000953674316,3.299999952316284,2.450000047683716,2.9000000953674316
2013-08-02,9200,2.390000104904175,2.5,2.569999933242798,2.390000104904175,2.5
2013-08-01,3000,2.3399999141693115,2.4000000953674316,2.4000000953674316,2.3399999141693115,2.4000000953674316
2013-07-31,400,2.3399999141693115,2.390000104904175,2.390000104904175,2.3399999141693115,2.390000104904175
2013-07-30,100,2.359999895095825,2.359999895095825,2.359999895095825,2.359999895095825,2.359999895095825
2013-07-29,300,2.3399999141693115,2.3399999141693115,2.3399999141693115,2.3399999141693115,2.3399999141693115
2013-07-26,13000,2.359999895095825,2.3399999141693115,2.359999895095825,2.3299999237060547,2.3399999141693115
2013-07-25,6100,2.430000066757202,2.380000114440918,2.430000066757202,2.380000114440918,2.380000114440918
2013-07-24,400,2.4200000762939453,2.4200000762939453,2.4200000762939453,2.4200000762939453,2.4200000762939453
2013-07-23,7800,2.4100000858306885,2.4200000762939453,2.4200000762939453,2.4000000953674316,2.4200000762939453
2013-07-22,500,2.4100000858306885,2.4600000381469727,2.4600000381469727,2.4100000858306885,2.4600000381469727
2013-07-19,0,2.4200000762939453,2.4200000762939453,2.4200000762939453,2.4200000762939453,2.4200000762939453
2013-07-18,4700,2.4100000858306885,2.4200000762939453,2.5,2.4100000858306885,2.4200000762939453
2013-07-17,3500,2.4100000858306885,2.430000066757202,2.430000066757202,2.4100000858306885,2.430000066757202
2013-07-16,5900,2.5199999809265137,2.4200000762939453,2.5199999809265137,2.4000000953674316,2.4200000762939453
2013-07-15,900,2.5299999713897705,2.5399999618530273,2.5399999618530273,2.5299999713897705,2.5399999618530273
2013-07-12,0,2.549999952316284,2.549999952316284,2.549999952316284,2.549999952316284,2.549999952316284
2013-07-11,1500,2.549999952316284,2.549999952316284,2.549999952316284,2.5,2.549999952316284
2013-07-10,2300,2.549999952316284,2.559999942779541,2.559999942779541,2.549999952316284,2.559999942779541
2013-07-09,1000,2.509999990463257,2.549999952316284,2.549999952316284,2.509999990463257,2.549999952316284
2013-07-08,200,2.5399999618530273,2.5399999618530273,2.5399999618530273,2.5399999618530273,2.5399999618530273
2013-07-05,2400,2.559999942779541,2.509999990463257,2.559999942779541,2.5,2.509999990463257
2013-07-03,600,2.509999990463257,2.559999942779541,2.559999942779541,2.509999990463257,2.559999942779541
2013-07-02,2600,2.6500000953674316,2.5,2.6500000953674316,2.5,2.5
2013-07-01,200,2.630000114440918,2.630000114440918,2.630000114440918,2.630000114440918,2.630000114440918
2013-06-28,200,2.609999895095825,2.609999895095825,2.609999895095825,2.609999895095825,2.609999895095825
2013-06-27,400,2.5999999046325684,2.5999999046325684,2.5999999046325684,2.5999999046325684,2.5999999046325684
2013-06-26,0,2.5899999141693115,2.5899999141693115,2.5899999141693115,2.5899999141693115,2.5899999141693115
2013-06-25,3000,2.5899999141693115,2.5899999141693115,2.5899999141693115,2.5799999237060547,2.5899999141693115
2013-06-24,1500,2.5999999046325684,2.549999952316284,2.5999999046325684,2.549999952316284,2.549999952316284
2013-06-21,0,2.569999933242798,2.569999933242798,2.569999933242798,2.569999933242798,2.569999933242798
2013-06-20,2700,2.569999933242798,2.569999933242798,2.569999933242798,2.569999933242798,2.569999933242798
2013-06-19,400,2.5999999046325684,2.630000114440918,2.630000114440918,2.559999942779541,2.630000114440918
2013-06-18,1600,2.559999942779541,2.619999885559082,2.640000104904175,2.559999942779541,2.619999885559082
2013-06-17,2200,2.700000047683716,2.559999942779541,2.700000047683716,2.559999942779541,2.559999942779541
2013-06-14,2600,2.559999942779541,2.7300000190734863,2.7300000190734863,2.559999942779541,2.7300000190734863
2013-06-13,1200,2.5999999046325684,2.569999933242798,2.5999999046325684,2.569999933242798,2.569999933242798
2013-06-12,1400,2.5799999237060547,2.5999999046325684,2.5999999046325684,2.559999942779541,2.5999999046325684
2013-06-11,0,2.5999999046325684,2.5999999046325684,2.5999999046325684,2.5999999046325684,2.5999999046325684
2013-06-10,3200,2.630000114440918,2.5999999046325684,2.640000104904175,2.5999999046325684,2.5999999046325684
2013-06-07,11400,2.630000114440918,2.619999885559082,2.700000047683716,2.569999933242798,2.619999885559082
2013-06-06,1400,2.640000104904175,2.7200000286102295,2.7200000286102295,2.640000104904175,2.7200000286102295
2013-06-05,900,2.619999885559082,2.630000114440918,2.630000114440918,2.619999885559082,2.630000114440918
2013-06-04,6200,2.6700000762939453,2.6500000953674316,2.6700000762939453,2.6500000953674316,2.6500000953674316
2013-06-03,4800,2.619999885559082,2.6600000858306885,2.6600000858306885,2.619999885559082,2.6600000858306885
2013-05-31,6900,2.7100000381469727,2.619999885559082,2.7300000190734863,2.619999885559082,2.619999885559082
2013-05-30,2200,2.7300000190734863,2.630000114440918,2.7300000190734863,2.630000114440918,2.630000114440918
2013-05-29,7000,2.630000114440918,2.75,2.7699999809265137,2.630000114440918,2.75
2013-05-28,5800,2.5899999141693115,2.619999885559082,2.6700000762939453,2.559999942779541,2.619999885559082
2013-05-24,4800,2.6500000953674316,2.5799999237060547,2.6500000953674316,2.5399999618530273,2.5799999237060547
2013-05-23,1000,2.680000066757202,2.680000066757202,2.680000066757202,2.680000066757202,2.680000066757202
2013-05-22,15200,2.700000047683716,2.690000057220459,2.700000047683716,2.6600000858306885,2.690000057220459
2013-05-21,5600,2.619999885559082,2.700000047683716,2.700000047683716,2.619999885559082,2.700000047683716
2013-05-20,4500,2.609999895095825,2.700000047683716,2.700000047683716,2.5999999046325684,2.700000047683716
2013-05-17,12400,2.6600000858306885,2.700000047683716,2.700000047683716,2.5199999809265137,2.700000047683716
2013-05-16,300,2.609999895095825,2.630000114440918,2.630000114440918,2.609999895095825,2.630000114440918
2013-05-15,9700,2.5,2.5999999046325684,2.740000009536743,2.5,2.5999999046325684
2013-05-14,32100,2.549999952316284,2.549999952316284,2.640000104904175,2.450000047683716,2.549999952316284
2013-05-13,10300,2.7699999809265137,2.7100000381469727,2.8499999046325684,2.5799999237060547,2.7100000381469727
2013-05-10,5400,2.7699999809265137,2.7699999809265137,2.799999952316284,2.7699999809265137,2.7699999809265137
2013-05-09,8000,2.7699999809265137,2.7300000190734863,2.7699999809265137,2.7100000381469727,2.7300000190734863
2013-05-08,2400,2.819999933242798,2.8499999046325684,2.859999895095825,2.809999942779541,2.8499999046325684
2013-05-07,7600,2.8499999046325684,2.819999933242798,2.8499999046325684,2.799999952316284,2.819999933242798
2013-05-06,2600,2.8499999046325684,2.8499999046325684,2.8499999046325684,2.819999933242798,2.8499999046325684
2013-05-03,3800,2.8499999046325684,2.809999942779541,2.8499999046325684,2.799999952316284,2.809999942779541
2013-05-02,13000,2.6600000858306885,2.819999933242798,2.8499999046325684,2.6600000858306885,2.819999933242798
2013-05-01,3700,2.6600000858306885,2.619999885559082,2.680000066757202,2.609999895095825,2.619999885559082
2013-04-30,3000,2.6700000762939453,2.6700000762939453,2.7100000381469727,2.6600000858306885,2.6700000762939453
2013-04-29,2600,2.6500000953674316,2.700000047683716,2.7699999809265137,2.619999885559082,2.700000047683716
2013-04-26,100,2.630000114440918,2.630000114440918,2.630000114440918,2.630000114440918,2.630000114440918
2013-04-25,5100,2.609999895095825,2.640000104904175,2.6700000762939453,2.609999895095825,2.640000104904175
2013-04-24,0,2.6500000953674316,2.6500000953674316,2.6500000953674316,2.6500000953674316,2.6500000953674316
2013-04-23,7300,2.609999895095825,2.6500000953674316,2.690000057220459,2.609999895095825,2.6500000953674316
2013-04-22,8800,2.549999952316284,2.5999999046325684,2.6600000858306885,2.549999952316284,2.5999999046325684
2013-04-19,7500,2.559999942779541,2.569999933242798,2.5799999237060547,2.5,2.569999933242798
2013-04-18,4000,2.5999999046325684,2.5799999237060547,2.5999999046325684,2.5799999237060547,2.5799999237060547
2013-04-17,1100,2.559999942779541,2.569999933242798,2.569999933242798,2.559999942779541,2.569999933242798
2013-04-16,700,2.569999933242798,2.569999933242798,2.569999933242798,2.569999933242798,2.569999933242798
2013-04-15,700,2.619999885559082,2.569999933242798,2.630000114440918,2.569999933242798,2.569999933242798
2013-04-12,3800,2.559999942779541,2.549999952316284,2.6700000762939453,2.5399999618530273,2.549999952316284
2013-04-11,1500,2.569999933242798,2.5399999618530273,2.5999999046325684,2.5399999618530273,2.5399999618530273
2013-04-10,800,2.5299999713897705,2.5299999713897705,2.5299999713897705,2.5299999713897705,2.5299999713897705
2013-04-09,13900,2.5799999237060547,2.549999952316284,2.5799999237060547,2.509999990463257,2.549999952316284
2013-04-08,1400,2.559999942779541,2.569999933242798,2.569999933242798,2.559999942779541,2.569999933242798
2013-04-05,4100,2.5999999046325684,2.609999895095825,2.690000057220459,2.569999933242798,2.609999895095825
2013-04-04,7900,2.6700000762939453,2.5999999046325684,2.680000066757202,2.569999933242798,2.5999999046325684
2013-04-03,3300,2.690000057220459,2.6700000762939453,2.690000057220459,2.6500000953674316,2.6700000762939453
2013-04-02,4200,2.609999895095825,2.690000057220459,2.700000047683716,2.5999999046325684,2.690000057220459
2013-04-01,6100,2.700000047683716,2.7200000286102295,2.7200000286102295,2.619999885559082,2.7200000286102295
2013-03-28,24800,2.6500000953674316,2.690000057220459,2.700000047683716,2.6500000953674316,2.690000057220459
2013-03-27,2300,2.6500000953674316,2.7100000381469727,2.7899999618530273,2.640000104904175,2.7100000381469727
2013-03-26,2900,2.7699999809265137,2.6500000953674316,2.819999933242798,2.6500000953674316,2.6500000953674316
2013-03-25,5700,2.6500000953674316,2.759999990463257,2.809999942779541,2.6500000953674316,2.759999990463257
2013-03-22,8500,2.609999895095825,2.6500000953674316,2.700000047683716,2.5999999046325684,2.6500000953674316
2013-03-21,8400,2.549999952316284,2.5999999046325684,2.5999999046325684,2.549999952316284,2.5999999046325684
2013-03-20,12900,2.680000066757202,2.559999942779541,2.680000066757202,2.549999952316284,2.559999942779541
2013-03-19,14500,2.700000047683716,2.690000057220459,2.700000047683716,2.609999895095825,2.690000057220459
2013-03-18,17700,2.609999895095825,2.7300000190734863,2.75,2.609999895095825,2.7300000190734863
2013-03-15,75200,2.990000009536743,2.75,3.190000057220459,2.6500000953674316,2.75
2013-03-14,137700,2.3499999046325684,2.7899999618530273,2.8399999141693115,2.3499999046325684,2.7899999618530273
2013-03-13,25200,2.440000057220459,2.3499999046325684,2.440000057220459,2.299999952316284,2.3499999046325684
2013-03-12,5600,2.4100000858306885,2.440000057220459,2.4800000190734863,2.4100000858306885,2.440000057220459
2013-03-11,4800,2.380000114440918,2.4100000858306885,2.430000066757202,2.369999885559082,2.4100000858306885
2013-03-08,900,2.4200000762939453,2.4200000762939453,2.4800000190734863,2.4200000762939453,2.4200000762939453
2013-03-07,6200,2.4200000762939453,2.4200000762939453,2.4800000190734863,2.4200000762939453,2.4200000762939453
2013-03-06,11100,2.5399999618530273,2.4200000762939453,2.5799999237060547,2.380000114440918,2.4200000762939453
2013-03-05,2000,2.5299999713897705,2.5799999237060547,2.5799999237060547,2.5299999713897705,2.5799999237060547
2013-03-04,5600,2.5299999713897705,2.5399999618530273,2.549999952316284,2.5299999713897705,2.5399999618530273
2013-03-01,1100,2.559999942779541,2.559999942779541,2.559999942779541,2.559999942779541,2.559999942779541
2013-02-28,600,2.5899999141693115,2.569999933242798,2.5899999141693115,2.569999933242798,2.569999933242798
2013-02-27,5000,2.630000114440918,2.630000114440918,2.630000114440918,2.5899999141693115,2.630000114440918
2013-02-26,12600,2.640000104904175,2.5,2.6500000953674316,2.5,2.5
2013-02-25,9600,2.740000009536743,2.5399999618530273,2.740000009536743,2.5399999618530273,2.5399999618530273
2013-02-22,8400,2.690000057220459,2.630000114440918,2.7300000190734863,2.630000114440918,2.630000114440918
2013-02-21,10700,2.619999885559082,2.700000047683716,2.700000047683716,2.569999933242798,2.700000047683716
2013-02-20,6000,2.700000047683716,2.680000066757202,2.7300000190734863,2.6600000858306885,2.680000066757202
2013-02-19,39300,2.990000009536743,2.7899999618530273,2.990000009536743,2.630000114440918,2.7899999618530273
2013-02-15,15000,3.180000066757202,2.950000047683716,3.180000066757202,2.950000047683716,2.950000047683716
2013-02-14,41100,3.2200000286102295,3.069999933242798,3.2300000190734863,3.0299999713897705,3.069999933242798
2013-02-13,116500,3.7300000190734863,3.2300000190734863,3.7300000190734863,3.1600000858306885,3.2300000190734863
2013-02-12,45300,3.5799999237060547,3.700000047683716,3.9000000953674316,3.569999933242798,3.700000047683716
2013-02-11,8700,3.5999999046325684,3.6600000858306885,3.6600000858306885,3.549999952316284,3.6600000858306885
2013-02-08,5200,3.8399999141693115,3.700000047683716,3.8399999141693115,3.609999895095825,3.700000047683716
2013-02-07,6000,3.799999952316284,3.609999895095825,3.869999885559082,3.5999999046325684,3.609999895095825
2013-02-06,7200,3.5399999618530273,3.75,3.799999952316284,3.5399999618530273,3.75
2013-02-05,10600,3.799999952316284,3.5299999713897705,3.799999952316284,3.5299999713897705,3.5299999713897705
2013-02-04,2400,3.75,3.6500000953674316,3.75,3.619999885559082,3.6500000953674316
2013-02-01,11500,3.809999942779541,3.75,3.809999942779541,3.6500000953674316,3.75
2013-01-31,22300,3.549999952316284,3.869999885559082,3.950000047683716,3.549999952316284,3.869999885559082
2013-01-30,11200,3.549999952316284,3.549999952316284,3.549999952316284,3.4100000858306885,3.549999952316284
2013-01-29,1700,3.569999933242798,3.549999952316284,3.569999933242798,3.390000104904175,3.549999952316284
2013-01-28,3700,3.359999895095825,3.559999942779541,3.619999885559082,3.359999895095825,3.559999942779541
2013-01-25,27800,3.7300000190734863,3.609999895095825,3.7300000190734863,3.3499999046325684,3.609999895095825
2013-01-24,13000,3.700000047683716,3.75,3.8299999237060547,3.5999999046325684,3.75
2013-01-23,63500,3.369999885559082,3.619999885559082,3.7699999809265137,3.369999885559082,3.619999885559082
2013-01-22,26700,3.25,3.3499999046325684,3.4000000953674316,3.200000047683716,3.3499999046325684
2013-01-18,9700,3.049999952316284,3.140000104904175,3.140000104904175,3.0399999618530273,3.140000104904175
2013-01-17,5400,3.180000066757202,3.049999952316284,3.180000066757202,3.049999952316284,3.049999952316284
2013-01-16,700,3.119999885559082,3.119999885559082,3.119999885559082,3.119999885559082,3.119999885559082
2013-01-15,7300,3.0899999141693115,3.119999885559082,3.130000114440918,3.0399999618530273,3.119999885559082
2013-01-14,2300,3.0,3.0,3.0,3.0,3.0
2013-01-11,800,3.0299999713897705,3.049999952316284,3.049999952316284,3.0299999713897705,3.049999952316284
2013-01-10,17000,3.0,3.140000104904175,3.140000104904175,2.990000009536743,3.140000104904175
2013-01-09,6500,3.0199999809265137,3.0199999809265137,3.0899999141693115,2.9600000381469727,3.0199999809265137
2013-01-08,30700,3.069999933242798,3.059999942779541,3.1700000762939453,2.940000057220459,3.059999942779541
2013-01-07,10000,3.0299999713897705,3.0899999141693115,3.0999999046325684,3.0199999809265137,3.0899999141693115
2013-01-04,5500,3.059999942779541,3.109999895095825,3.1700000762939453,3.059999942779541,3.109999895095825
2013-01-03,11200,3.1500000953674316,3.049999952316284,3.200000047683716,3.0,3.049999952316284
2013-01-02,52000,2.9700000286102295,3.140000104904175,3.140000104904175,2.869999885559082,3.140000104904175
2012-12-31,46000,2.990000009536743,2.8499999046325684,3.049999952316284,2.7699999809265137,2.8499999046325684
2012-12-28,15500,3.1500000953674316,2.9800000190734863,3.1500000953674316,2.950000047683716,2.9800000190734863
2012-12-27,147400,3.1500000953674316,3.0899999141693115,3.309999942779541,2.9700000286102295,3.0899999141693115
2012-12-26,74200,3.549999952316284,3.0999999046325684,3.549999952316284,3.009999990463257,3.0999999046325684
2012-12-24,98200,3.4000000953674316,3.4100000858306885,3.680000066757202,3.2200000286102295,3.4100000858306885
2012-12-21,147800,3.450000047683716,3.309999942779541,3.700000047683716,3.140000104904175,3.309999942779541
2012-12-20,668100,3.740000009536743,3.5799999237060547,4.239999771118164,3.4100000858306885,3.5799999237060547
2012-12-19,372600,2.069999933242798,3.069999933242798,3.8299999237060547,2.069999933242798,3.069999933242798
2012-12-18,10100,2.049999952316284,2.0999999046325684,2.25,2.049999952316284,2.0999999046325684
2012-12-17,1000,2.1500000953674316,2.1500000953674316,2.1500000953674316,2.1500000953674316,2.1500000953674316
2012-12-14,3300,2.049999952316284,2.200000047683716,2.200000047683716,2.049999952316284,2.200000047683716
2012-12-13,3200,2.0999999046325684,2.049999952316284,2.200000047683716,2.049999952316284,2.049999952316284
2012-12-12,100,2.0999999046325684,2.25,2.25,2.0999999046325684,2.25
2012-12-11,0,2.049999952316284,2.049999952316284,2.049999952316284,2.049999952316284,2.049999952316284
2012-12-10,4700,2.0999999046325684,2.049999952316284,2.25,2.049999952316284,2.049999952316284
2012-12-07,0,2.0999999046325684,2.0999999046325684,2.0999999046325684,2.0999999046325684,2.0999999046325684
2012-12-06,300,2.0999999046325684,2.0999999046325684,2.0999999046325684,2.0999999046325684,2.0999999046325684
2012-12-05,800,2.0999999046325684,2.25,2.25,2.0999999046325684,2.25
2012-12-04,600,2.0999999046325684,2.1500000953674316,2.1500000953674316,2.0999999046325684,2.1500000953674316
2012-12-03,2900,2.1500000953674316,2.0999999046325684,2.25,2.0999999046325684,2.0999999046325684
2012-11-30,500,2.1500000953674316,2.1500000953674316,2.1500000953674316,2.1500000953674316,2.1500000953674316
2012-11-29,2700,2.25,2.25,2.299999952316284,2.1500000953674316,2.25
2012-11-28,1800,2.25,2.25,2.25,2.1500000953674316,2.25
2012-11-27,10400,2.200000047683716,2.25,2.25,2.049999952316284,2.25
2012-11-26,2200,2.0,2.200000047683716,2.200000047683716,2.0,2.200000047683716
2012-11-23,0,2.0,2.0,2.0,2.0,2.0
2012-11-21,1800,2.0,2.0,2.200000047683716,2.0,2.0
2012-11-20,6700,2.049999952316284,2.25,2.25,2.049999952316284,2.25
2012-11-19,8800,2.0999999046325684,2.25,2.5,2.0,2.25
2012-11-16,600,2.200000047683716,2.200000047683716,2.200000047683716,2.200000047683716,2.200000047683716
2012-11-15,9700,2.299999952316284,2.25,2.4000000953674316,2.200000047683716,2.25
2012-11-14,2400,2.450000047683716,2.450000047683716,2.450000047683716,2.299999952316284,2.450000047683716
2012-11-13,3900,2.5,2.450000047683716,2.5,2.3499999046325684,2.450000047683716
2012-11-12,100,2.4000000953674316,2.450000047683716,2.450000047683716,2.4000000953674316,2.450000047683716
2012-11-09,1300,2.450000047683716,2.450000047683716,2.450000047683716,2.4000000953674316,2.450000047683716
2012-11-08,3900,2.549999952316284,2.549999952316284,2.549999952316284,2.5,2.549999952316284
2012-11-07,10500,2.549999952316284,2.549999952316284,2.549999952316284,2.5,2.549999952316284
2012-11-06,6000,2.549999952316284,2.549999952316284,2.5999999046325684,2.549999952316284,2.549999952316284
2012-11-05,600,2.5999999046325684,2.5999999046325684,2.5999999046325684,2.5999999046325684,2.5999999046325684
2012-11-02,0,2.549999952316284,2.549999952316284,2.549999952316284,2.549999952316284,2.549999952316284
2012-11-01,0,2.5999999046325684,2.549999952316284,2.5999999046325684,2.549999952316284,2.549999952316284
2012-10-31,6800,2.75,2.549999952316284,2.75,2.549999952316284,2.549999952316284
2012-10-26,0,2.5999999046325684,2.5999999046325684,2.5999999046325684,2.5999999046325684,2.5999999046325684
2012-10-25,0,2.5999999046325684,2.5999999046325684,2.5999999046325684,2.5999999046325684,2.5999999046325684
2012-10-24,2600,2.549999952316284,2.5999999046325684,2.5999999046325684,2.549999952316284,2.5999999046325684
2012-10-23,5300,2.5999999046325684,2.75,2.75,2.5999999046325684,2.75
2012-10-22,2000,2.6500000953674316,2.6500000953674316,2.75,2.6500000953674316,2.6500000953674316
2012-10-19,1100,2.799999952316284,2.6500000953674316,2.799999952316284,2.6500000953674316,2.6500000953674316
2012-10-18,0,2.799999952316284,2.799999952316284,2.799999952316284,2.799999952316284,2.799999952316284
2012-10-17,300,2.9000000953674316,2.9000000953674316,2.9000000953674316,2.799999952316284,2.9000000953674316
2012-10-16,6200,2.700000047683716,2.8499999046325684,2.8499999046325684,2.700000047683716,2.8499999046325684
2012-10-15,2600,2.700000047683716,2.5999999046325684,2.700000047683716,2.5999999046325684,2.5999999046325684
2012-10-12,2900,2.6500000953674316,2.5999999046325684,2.6500000953674316,2.5999999046325684,2.5999999046325684
2012-10-11,0,2.700000047683716,2.700000047683716,2.700000047683716,2.700000047683716,2.700000047683716
2012-10-10,400,2.799999952316284,2.700000047683716,2.799999952316284,2.700000047683716,2.700000047683716
2012-10-09,100,2.9000000953674316,2.700000047683716,2.9000000953674316,2.700000047683716,2.700000047683716
2012-10-08,0,2.700000047683716,2.700000047683716,2.700000047683716,2.700000047683716,2.700000047683716
2012-10-05,3200,2.700000047683716,2.700000047683716,2.8499999046325684,2.6500000953674316,2.700000047683716
2012-10-04,3000,2.9000000953674316,2.799999952316284,2.9000000953674316,2.75,2.799999952316284
2012-10-03,2100,2.9000000953674316,2.8499999046325684,2.9000000953674316,2.8499999046325684,2.8499999046325684
2012-10-02,6000,3.049999952316284,2.9000000953674316,3.0999999046325684,2.9000000953674316,2.9000000953674316
2012-10-01,700,3.25,3.049999952316284,3.25,3.049999952316284,3.049999952316284
2012-09-28,4400,3.25,3.25,3.25,2.8499999046325684,3.25
2012-09-27,11800,2.8499999046325684,3.1500000953674316,3.200000047683716,2.75,3.1500000953674316
2012-09-26,0,2.8499999046325684,2.8499999046325684,2.8499999046325684,2.8499999046325684,2.8499999046325684
2012-09-25,7200,2.9000000953674316,2.8499999046325684,2.9000000953674316,2.75,2.8499999046325684
2012-09-24,2900,2.799999952316284,2.6500000953674316,2.799999952316284,2.6500000953674316,2.6500000953674316
2012-09-21,13000,2.75,2.700000047683716,2.950000047683716,2.6500000953674316,2.700000047683716
2012-09-20,9700,2.6500000953674316,2.6500000953674316,2.75,2.6500000953674316,2.6500000953674316
2012-09-19,4600,2.5999999046325684,2.6500000953674316,2.6500000953674316,2.5999999046325684,2.6500000953674316
2012-09-18,8500,2.700000047683716,2.6500000953674316,2.700000047683716,2.5999999046325684,2.6500000953674316
2012-09-17,1500,2.700000047683716,2.8499999046325684,2.8499999046325684,2.700000047683716,2.8499999046325684
2012-09-14,8200,2.6500000953674316,2.6500000953674316,2.6500000953674316,2.6500000953674316,2.6500000953674316
2012-09-13,4800,2.6500000953674316,2.6500000953674316,2.6500000953674316,2.6500000953674316,2.6500000953674316
2012-09-12,2000,2.6500000953674316,2.75,2.75,2.6500000953674316,2.75
2012-09-11,3800,2.700000047683716,2.6500000953674316,2.8499999046325684,2.6500000953674316,2.6500000953674316
2012-09-10,1600,2.6500000953674316,2.700000047683716,2.700000047683716,2.6500000953674316,2.700000047683716
2012-09-07,2600,2.700000047683716,2.700000047683716,2.700000047683716,2.700000047683716,2.700000047683716
2012-09-06,1100,2.75,2.75,2.75,2.5999999046325684,2.75
2012-09-05,0,2.700000047683716,2.700000047683716,2.700000047683716,2.700000047683716,2.700000047683716
2012-09-04,13300,2.549999952316284,2.6500000953674316,2.700000047683716,2.549999952316284,2.6500000953674316
2012-08-31,15700,2.6500000953674316,2.450000047683716,2.6500000953674316,2.450000047683716,2.450000047683716
2012-08-30,2300,2.700000047683716,2.5,2.700000047683716,2.5,2.5
2012-08-29,34000,2.700000047683716,2.700000047683716,2.700000047683716,2.4000000953674316,2.700000047683716
2012-08-28,200,2.6500000953674316,2.700000047683716,2.700000047683716,2.5999999046325684,2.700000047683716
2012-08-27,7100,2.6500000953674316,2.5999999046325684,2.6500000953674316,2.549999952316284,2.5999999046325684
2012-08-24,1700,2.549999952316284,2.6500000953674316,2.950000047683716,2.549999952316284,2.6500000953674316
2012-08-23,100,2.8499999046325684,2.9000000953674316,2.9000000953674316,2.8499999046325684,2.9000000953674316
2012-08-22,2300,2.75,2.950000047683716,2.950000047683716,2.6500000953674316,2.950000047683716
2012-08-21,800,3.0,2.75,3.0,2.75,2.75
2012-08-20,800,3.0,2.8499999046325684,3.0,2.8499999046325684,2.8499999046325684
2012-08-17,300,2.75,2.75,2.75,2.75,2.75
2012-08-16,5300,3.0999999046325684,2.799999952316284,3.0999999046325684,2.799999952316284,2.799999952316284
2012-08-15,900,3.0,2.700000047683716,3.0,2.6500000953674316,2.700000047683716
2012-08-14,1000,2.9000000953674316,2.950000047683716,2.950000047683716,2.9000000953674316,2.950000047683716
2012-08-13,600,2.6500000953674316,2.700000047683716,2.700000047683716,2.6500000953674316,2.700000047683716
2012-08-10,600,2.549999952316284,2.5999999046325684,2.8499999046325684,2.549999952316284,2.5999999046325684
2012-08-09,3000,2.5999999046325684,2.700000047683716,2.700000047683716,2.5999999046325684,2.700000047683716
2012-08-08,1100,2.5,2.5999999046325684,2.5999999046325684,2.5,2.5999999046325684
2012-08-07,10300,2.450000047683716,2.549999952316284,2.549999952316284,2.450000047683716,2.549999952316284
2012-08-06,8900,2.5,2.450000047683716,2.5,2.450000047683716,2.450000047683716
2012-08-03,12100,2.450000047683716,2.5,2.5,2.450000047683716,2.5
2012-08-02,1800,2.450000047683716,2.5,2.5999999046325684,2.450000047683716,2.5
2012-08-01,700,2.4000000953674316,2.450000047683716,2.450000047683716,2.4000000953674316,2.450000047683716
2012-07-31,300,2.4000000953674316,2.4000000953674316,2.4000000953674316,2.4000000953674316,2.4000000953674316
2012-07-30,100,2.450000047683716,2.450000047683716,2.450000047683716,2.450000047683716,2.450000047683716
2012-07-27,2100,2.5,2.450000047683716,2.5,2.4000000953674316,2.450000047683716
2012-07-26,0,2.450000047683716,2.450000047683716,2.450000047683716,2.450000047683716,2.450000047683716
2012-07-25,900,2.5,2.450000047683716,2.5,2.4000000953674316,2.450000047683716
2012-07-24,0,2.5,2.5,2.5,2.5,2.5
2012-07-23,200,2.5999999046325684,2.5,2.5999999046325684,2.5,2.5
2012-07-20,200,2.5,2.5,2.5,2.5,2.5
2012-07-19,1700,2.4000000953674316,2.450000047683716,2.450000047683716,2.4000000953674316,2.450000047683716
2012-07-18,7500,2.5,2.5,2.5,2.450000047683716,2.5
2012-07-17,0,2.4000000953674316,2.4000000953674316,2.4000000953674316,2.4000000953674316,2.4000000953674316
2012-07-16,600,2.4000000953674316,2.4000000953674316,2.450000047683716,2.4000000953674316,2.4000000953674316
2012-07-13,0,2.5,2.5,2.5,2.5,2.5
2012-07-12,0,2.5,2.5,2.5,2.5,2.5
2012-07-11,14900,2.6500000953674316,2.3499999046325684,2.6500000953674316,2.3499999046325684,2.3499999046325684
2012-07-10,700,2.5,2.549999952316284,2.549999952316284,2.5,2.549999952316284
2012-07-09,0,2.5,2.5,2.5,2.5,2.5
2012-07-06,0,2.450000047683716,2.450000047683716,2.450000047683716,2.450000047683716,2.450000047683716
2012-07-05,100,2.5,2.450000047683716,2.5,2.450000047683716,2.450000047683716
2012-07-03,400,2.700000047683716,2.700000047683716,2.700000047683716,2.700000047683716,2.700000047683716
2012-07-02,0,2.5,2.5,2.5,2.5,2.5
2012-06-29,1300,2.5,2.5,2.5,2.5,2.5
2012-06-28,100,2.5999999046325684,2.5999999046325684,2.5999999046325684,2.5999999046325684,2.5999999046325684
2012-06-27,100,2.700000047683716,2.700000047683716,2.700000047683716,2.700000047683716,2.700000047683716
2012-06-26,100,2.5,2.6500000953674316,2.6500000953674316,2.5,2.6500000953674316
2012-06-25,600,2.5,2.700000047683716,2.700000047683716,2.5,2.700000047683716
2012-06-22,300,2.5,2.5,2.5,2.5,2.5
2012-06-21,600,2.700000047683716,2.5,2.700000047683716,2.5,2.5
2012-06-20,4300,2.5,2.700000047683716,2.9000000953674316,2.5,2.700000047683716
2012-06-19,13000,2.5,2.5,2.5,2.4000000953674316,2.5
2012-06-18,5900,2.450000047683716,2.5,2.5,2.4000000953674316,2.5
2012-06-15,1000,2.4000000953674316,2.5,2.5,2.4000000953674316,2.5
2012-06-14,500,2.4000000953674316,2.4000000953674316,2.5,2.4000000953674316,2.4000000953674316
2012-06-13,11200,2.450000047683716,2.4000000953674316,2.5,2.4000000953674316,2.4000000953674316
2012-06-12,1800,2.450000047683716,2.5999999046325684,2.6500000953674316,2.4000000953674316,2.5999999046325684
2012-06-11,100,2.549999952316284,2.700000047683716,2.700000047683716,2.549999952316284,2.700000047683716
2012-06-08,900,2.4000000953674316,2.4000000953674316,2.450000047683716,2.4000000953674316,2.4000000953674316
2012-06-07,1200,2.450000047683716,2.5,2.5,2.450000047683716,2.5
2012-06-06,1800,2.450000047683716,2.5,2.5,2.4000000953674316,2.5
2012-06-05,2000,2.5,2.5,2.5,2.5,2.5
2012-06-04,7200,2.450000047683716,2.4000000953674316,2.450000047683716,2.4000000953674316,2.4000000953674316
2012-06-01,4200,2.549999952316284,2.4000000953674316,2.549999952316284,2.4000000953674316,2.4000000953674316
2012-05-31,4100,2.5999999046325684,2.549999952316284,2.5999999046325684,2.4000000953674316,2.549999952316284
2012-05-30,2800,2.6500000953674316,2.549999952316284,2.6500000953674316,2.4000000953674316,2.549999952316284
2012-05-29,2100,2.6500000953674316,2.6500000953674316,2.700000047683716,2.549999952316284,2.6500000953674316
2012-05-25,10800,2.5,2.6500000953674316,2.6500000953674316,2.450000047683716,2.6500000953674316
2012-05-24,11000,2.4000000953674316,2.5,2.6500000953674316,2.4000000953674316,2.5
2012-05-23,49200,3.1500000953674316,2.5,3.1500000953674316,2.3499999046325684,2.5
2012-05-22,0,3.0,3.0,3.0,3.0,3.0
2012-05-21,100,3.0,3.0,3.0,3.0,3.0
2012-05-18,1500,2.8499999046325684,2.950000047683716,3.0,2.75,2.950000047683716
2012-05-17,500,3.0,2.950000047683716,3.0,2.950000047683716,2.950000047683716
2012-05-16,28100,3.0999999046325684,3.0,3.25,2.5999999046325684,3.0
2012-05-15,27800,3.6500000953674316,3.1500000953674316,3.6500000953674316,3.0999999046325684,3.1500000953674316
2012-05-14,800,3.75,3.75,3.75,3.75,3.75
2012-05-11,12300,3.6500000953674316,3.75,3.75,3.549999952316284,3.75
2012-05-10,600,3.450000047683716,3.5999999046325684,3.6500000953674316,3.450000047683716,3.5999999046325684
2012-05-09,200,3.6500000953674316,3.6500000953674316,3.6500000953674316,3.549999952316284,3.6500000953674316
2012-05-08,0,3.6500000953674316,3.6500000953674316,3.6500000953674316,3.6500000953674316,3.6500000953674316
2012-05-07,200,3.450000047683716,3.6500000953674316,3.6500000953674316,3.450000047683716,3.6500000953674316
2012-05-04,7500,3.5,3.450000047683716,3.6500000953674316,3.450000047683716,3.450000047683716
2012-05-03,400,3.6500000953674316,3.5999999046325684,3.6500000953674316,3.5,3.5999999046325684
2012-05-02,1100,3.6500000953674316,3.6500000953674316,3.6500000953674316,3.6500000953674316,3.6500000953674316
2012-05-01,3400,3.6500000953674316,3.5,3.6500000953674316,3.5,3.5
2012-04-30,300,3.6500000953674316,3.6500000953674316,3.6500000953674316,3.5999999046325684,3.6500000953674316
2012-04-27,400,3.549999952316284,3.549999952316284,3.700000047683716,3.549999952316284,3.549999952316284
2012-04-26,0,3.700000047683716,3.700000047683716,3.700000047683716,3.700000047683716,3.700000047683716
2012-04-25,1100,3.700000047683716,3.700000047683716,3.700000047683716,3.549999952316284,3.700000047683716
2012-04-24,1200,3.5999999046325684,3.5999999046325684,3.5999999046325684,3.5999999046325684,3.5999999046325684
2012-04-23,1000,3.5999999046325684,3.5999999046325684,3.75,3.5999999046325684,3.5999999046325684
2012-04-20,0,3.6500000953674316,3.6500000953674316,3.6500000953674316,3.6500000953674316,3.6500000953674316
2012-04-19,0,3.75,3.75,3.75,3.75,3.75
2012-04-18,2100,3.75,3.75,3.75,3.5999999046325684,3.75
2012-04-17,0,3.799999952316284,3.799999952316284,3.799999952316284,3.799999952316284,3.799999952316284
2012-04-16,2700,3.799999952316284,3.799999952316284,3.799999952316284,3.5999999046325684,3.799999952316284
2012-04-13,200,3.8499999046325684,3.799999952316284,3.8499999046325684,3.799999952316284,3.799999952316284
2012-04-12,300,3.9000000953674316,3.9000000953674316,3.9000000953674316,3.6500000953674316,3.9000000953674316
2012-04-11,400,3.75,3.799999952316284,3.799999952316284,3.75,3.799999952316284
2012-04-10,11700,3.75,3.75,3.950000047683716,3.5999999046325684,3.75
2012-04-09,4200,3.799999952316284,3.75,3.950000047683716,3.75,3.75
2012-04-05,1100,3.950000047683716,3.799999952316284,3.950000047683716,3.799999952316284,3.799999952316284
2012-04-04,1700,3.950000047683716,3.950000047683716,4.0,3.950000047683716,3.950000047683716
2012-04-03,800,4.0,3.950000047683716,4.0,3.950000047683716,3.950000047683716
2012-04-02,3900,3.799999952316284,3.799999952316284,3.950000047683716,3.799999952316284,3.799999952316284
2012-03-30,3600,3.9000000953674316,3.9000000953674316,3.9000000953674316,3.8499999046325684,3.9000000953674316
2012-03-29,1800,3.950000047683716,3.9000000953674316,3.950000047683716,3.799999952316284,3.9000000953674316
2012-03-28,7200,3.8499999046325684,3.799999952316284,3.950000047683716,3.799999952316284,3.799999952316284
2012-03-27,7600,3.8499999046325684,3.8499999046325684,3.8499999046325684,3.8499999046325684,3.8499999046325684
2012-03-26,1400,3.8499999046325684,3.8499999046325684,3.8499999046325684,3.700000047683716,3.8499999046325684
2012-03-23,2300,3.75,3.8499999046325684,3.8499999046325684,3.700000047683716,3.8499999046325684
2012-03-22,8000,3.799999952316284,3.8499999046325684,3.950000047683716,3.75,3.8499999046325684
2012-03-21,2600,3.75,3.8499999046325684,3.950000047683716,3.5999999046325684,3.8499999046325684
2012-03-20,600,3.950000047683716,3.9000000953674316,3.950000047683716,3.9000000953674316,3.9000000953674316
2012-03-19,10300,3.950000047683716,3.9000000953674316,4.0,3.5999999046325684,3.9000000953674316
2012-03-16,11100,4.099999904632568,4.0,4.349999904632568,3.9000000953674316,4.0
2012-03-15,1100,4.25,4.199999809265137,4.25,4.050000190734863,4.199999809265137
2012-03-14,900,4.300000190734863,4.349999904632568,4.400000095367432,4.150000095367432,4.349999904632568
2012-03-13,3300,4.199999809265137,4.400000095367432,4.400000095367432,4.199999809265137,4.400000095367432
2012-03-12,0,4.050000190734863,4.199999809265137,4.199999809265137,4.050000190734863,4.199999809265137
2012-03-09,2000,4.050000190734863,4.199999809265137,4.199999809265137,3.9000000953674316,4.199999809265137
2012-03-08,700,4.0,4.150000095367432,4.150000095367432,4.0,4.150000095367432
2012-03-07,1800,3.950000047683716,4.199999809265137,4.199999809265137,3.9000000953674316,4.199999809265137
2012-03-06,2700,3.950000047683716,3.950000047683716,4.050000190734863,3.9000000953674316,3.950000047683716
2012-03-05,400,4.0,4.150000095367432,4.150000095367432,3.950000047683716,4.150000095367432
2012-03-02,300,4.25,4.199999809265137,4.25,4.050000190734863,4.199999809265137
2012-03-01,7800,4.0,4.199999809265137,4.25,3.8499999046325684,4.199999809265137
2012-02-29,1400,4.150000095367432,4.050000190734863,4.25,4.050000190734863,4.050000190734863
2012-02-28,1100,4.050000190734863,4.050000190734863,4.050000190734863,4.050000190734863,4.050000190734863
2012-02-27,1000,4.0,4.0,4.0,4.0,4.0
2012-02-24,1100,4.400000095367432,4.150000095367432,4.400000095367432,4.099999904632568,4.150000095367432
2012-02-23,5400,4.150000095367432,4.199999809265137,4.5,3.9000000953674316,4.199999809265137
2012-02-22,800,4.300000190734863,4.300000190734863,4.300000190734863,4.25,4.300000190734863
2012-02-21,900,4.349999904632568,4.300000190734863,4.5,4.25,4.300000190734863
2012-02-17,2500,4.400000095367432,4.5,4.5,4.25,4.5
2012-02-16,400,4.5,4.599999904632568,4.650000095367432,4.5,4.599999904632568
2012-02-15,1600,4.599999904632568,4.349999904632568,4.599999904632568,4.300000190734863,4.349999904632568
2012-02-14,3700,4.25,4.550000190734863,4.550000190734863,4.150000095367432,4.550000190734863
2012-02-13,4600,4.349999904632568,4.25,4.400000095367432,4.150000095367432,4.25
2012-02-10,1400,4.25,4.349999904632568,4.400000095367432,4.25,4.349999904632568
2012-02-09,1400,4.5,4.449999809265137,4.5,4.25,4.449999809265137
2012-02-08,5500,4.400000095367432,4.449999809265137,4.449999809265137,4.400000095367432,4.449999809265137
2012-02-07,1500,4.25,4.349999904632568,4.400000095367432,4.25,4.349999904632568
2012-02-06,700,4.150000095367432,4.25,4.25,4.099999904632568,4.25
2012-02-03,8600,4.150000095367432,4.25,4.349999904632568,4.150000095367432,4.25
2012-02-02,1100,4.050000190734863,4.099999904632568,4.150000095367432,4.050000190734863,4.099999904632568
2012-02-01,2800,3.9000000953674316,4.150000095367432,4.150000095367432,3.9000000953674316,4.150000095367432
2012-01-31,300,4.0,4.0,4.0,3.9000000953674316,4.0
2012-01-30,3100,3.950000047683716,4.0,4.0,3.9000000953674316,4.0
2012-01-27,500,3.8499999046325684,4.0,4.0,3.8499999046325684,4.0
2012-01-26,400,3.9000000953674316,4.050000190734863,4.050000190734863,3.75,4.050000190734863
2012-01-25,400,4.150000095367432,4.050000190734863,4.150000095367432,3.75,4.050000190734863
2012-01-24,2400,4.25,4.150000095367432,4.25,3.8499999046325684,4.150000095367432
2012-01-23,6700,3.6500000953674316,4.150000095367432,4.150000095367432,3.6500000953674316,4.150000095367432
2012-01-20,400,3.6500000953674316,3.799999952316284,3.799999952316284,3.6500000953674316,3.799999952316284
2012-01-19,2000,3.6500000953674316,3.8499999046325684,3.9000000953674316,3.6500000953674316,3.8499999046325684
2012-01-18,1700,3.75,3.6500000953674316,3.75,3.549999952316284,3.6500000953674316
2012-01-17,600,3.9000000953674316,3.8499999046325684,3.9000000953674316,3.5999999046325684,3.8499999046325684
2012-01-13,3000,3.75,3.75,3.9000000953674316,3.75,3.75
2012-01-12,300,3.8499999046325684,3.9000000953674316,3.9000000953674316,3.799999952316284,3.9000000953674316
2012-01-11,600,3.950000047683716,3.9000000953674316,3.950000047683716,3.9000000953674316,3.9000000953674316
2012-01-10,3800,3.75,3.950000047683716,3.950000047683716,3.549999952316284,3.950000047683716
2012-01-09,3900,3.5999999046325684,3.700000047683716,3.700000047683716,3.549999952316284,3.700000047683716
2012-01-06,1100,3.5,3.549999952316284,3.549999952316284,3.5,3.549999952316284
2012-01-05,2200,3.3499999046325684,3.5,3.5999999046325684,3.3499999046325684,3.5
2012-01-04,500,3.450000047683716,3.5,3.5,3.3499999046325684,3.5
2012-01-03,2400,3.3499999046325684,3.5999999046325684,3.5999999046325684,3.3499999046325684,3.5999999046325684
2011-12-30,1400,3.299999952316284,3.4000000953674316,3.5,3.299999952316284,3.4000000953674316
2011-12-29,7400,3.4000000953674316,3.3499999046325684,3.5,3.299999952316284,3.3499999046325684
2011-12-28,1200,3.3499999046325684,3.450000047683716,3.450000047683716,3.3499999046325684,3.450000047683716
2011-12-27,2800,3.700000047683716,3.3499999046325684,3.700000047683716,3.3499999046325684,3.3499999046325684
2011-12-23,200,3.299999952316284,3.450000047683716,3.450000047683716,3.299999952316284,3.450000047683716
2011-12-22,4400,3.549999952316284,3.3499999046325684,3.5999999046325684,3.299999952316284,3.3499999046325684
2011-12-21,200,3.5,3.700000047683716,3.700000047683716,3.3499999046325684,3.700000047683716
2011-12-20,2900,3.4000000953674316,3.5,3.5,3.299999952316284,3.5
2011-12-19,700,3.299999952316284,3.3499999046325684,3.4000000953674316,3.299999952316284,3.3499999046325684
2011-12-16,200,3.3499999046325684,3.4000000953674316,3.450000047683716,3.3499999046325684,3.4000000953674316
2011-12-15,4700,3.299999952316284,3.299999952316284,3.450000047683716,3.299999952316284,3.299999952316284
2011-12-14,200,3.450000047683716,3.450000047683716,3.450000047683716,3.3499999046325684,3.450000047683716
2011-12-13,300,3.3499999046325684,3.450000047683716,3.450000047683716,3.3499999046325684,3.450000047683716
2011-12-12,2400,3.299999952316284,3.4000000953674316,3.450000047683716,3.299999952316284,3.4000000953674316
2011-12-09,1700,3.4000000953674316,3.3499999046325684,3.450000047683716,3.3499999046325684,3.3499999046325684
2011-12-08,800,3.4000000953674316,3.5,3.5,3.3499999046325684,3.5
2011-12-07,2700,3.3499999046325684,3.3499999046325684,3.450000047683716,3.3499999046325684,3.3499999046325684
2011-12-06,1200,3.299999952316284,3.450000047683716,3.450000047683716,3.299999952316284,3.450000047683716
2011-12-05,18100,3.4000000953674316,3.299999952316284,3.4000000953674316,3.299999952316284,3.299999952316284
2011-12-02,6100,3.5999999046325684,3.5,3.700000047683716,3.450000047683716,3.5
2011-12-01,5400,3.4000000953674316,3.700000047683716,3.700000047683716,3.299999952316284,3.700000047683716
2011-11-30,10100,3.450000047683716,3.4000000953674316,3.6500000953674316,3.3499999046325684,3.4000000953674316
2011-11-29,4500,3.75,3.75,3.75,3.4000000953674316,3.75
2011-11-28,3500,3.5,3.75,3.75,3.4000000953674316,3.75
2011-11-25,1000,3.75,3.75,3.799999952316284,3.75,3.75
2011-11-23,2900,3.6500000953674316,3.700000047683716,3.700000047683716,3.5,3.700000047683716
2011-11-22,1500,3.700000047683716,3.5999999046325684,3.700000047683716,3.549999952316284,3.5999999046325684
2011-11-21,1300,3.700000047683716,3.700000047683716,3.700000047683716,3.549999952316284,3.700000047683716
2011-11-18,5600,3.700000047683716,3.75,3.75,3.549999952316284,3.75
2011-11-17,900,3.75,3.799999952316284,3.799999952316284,3.549999952316284,3.799999952316284
2011-11-16,2300,3.799999952316284,3.75,3.799999952316284,3.450000047683716,3.75
2011-11-15,7400,3.75,3.75,3.799999952316284,3.5,3.75
2011-11-14,2800,3.700000047683716,3.75,3.75,3.5999999046325684,3.75
2011-11-11,2000,3.549999952316284,3.75,3.75,3.5,3.75
2011-11-10,0,3.75,3.75,3.75,3.75,3.75
2011-11-09,24400,3.8499999046325684,3.700000047683716,3.8499999046325684,3.299999952316284,3.700000047683716
2011-11-08,2200,3.700000047683716,3.75,3.8499999046325684,3.700000047683716,3.75
2011-11-07,5600,3.75,3.75,3.9000000953674316,3.6500000953674316,3.75
2011-11-04,10600,3.6500000953674316,3.700000047683716,3.75,3.5999999046325684,3.700000047683716
2011-11-03,2900,3.8499999046325684,3.700000047683716,3.8499999046325684,3.6500000953674316,3.700000047683716
2011-11-02,4800,3.75,3.8499999046325684,3.8499999046325684,3.5999999046325684,3.8499999046325684
2011-11-01,15000,3.700000047683716,3.8499999046325684,3.950000047683716,3.549999952316284,3.8499999046325684
2011-10-31,16300,3.700000047683716,3.6500000953674316,3.9000000953674316,3.6500000953674316,3.6500000953674316
2011-10-28,4200,4.0,3.700000047683716,4.0,3.5999999046325684,3.700000047683716
2011-10-27,24200,3.549999952316284,4.0,4.099999904632568,3.549999952316284,4.0
2011-10-26,6000,3.6500000953674316,3.700000047683716,3.700000047683716,3.549999952316284,3.700000047683716
2011-10-25,4400,3.5,3.5999999046325684,3.75,3.5,3.5999999046325684
2011-10-24,1600,3.799999952316284,3.549999952316284,3.799999952316284,3.549999952316284,3.549999952316284
2011-10-21,6200,3.450000047683716,3.700000047683716,3.700000047683716,3.450000047683716,3.700000047683716
2011-10-20,3300,3.549999952316284,3.5,3.549999952316284,3.5,3.5
2011-10-19,5900,3.5999999046325684,3.549999952316284,3.5999999046325684,3.549999952316284,3.549999952316284
2011-10-18,4700,3.700000047683716,3.5999999046325684,3.75,3.549999952316284,3.5999999046325684
2011-10-17,3100,3.8499999046325684,3.75,3.8499999046325684,3.6500000953674316,3.75
2011-10-14,17200,3.5,3.5999999046325684,3.950000047683716,3.5,3.5999999046325684
2011-10-13,7300,3.700000047683716,3.6500000953674316,3.700000047683716,3.4000000953674316,3.6500000953674316
2011-10-12,52900,3.25,3.5999999046325684,3.75,3.25,3.5999999046325684
2011-10-11,13700,3.25,3.25,3.4000000953674316,3.25,3.25
2011-10-10,17400,3.5999999046325684,3.299999952316284,3.5999999046325684,3.25,3.299999952316284
2011-10-07,27200,3.25,3.4000000953674316,3.700000047683716,3.1500000953674316,3.4000000953674316
2011-10-06,32600,3.5,3.299999952316284,3.6500000953674316,3.0999999046325684,3.299999952316284
2011-10-05,28700,3.799999952316284,3.5,3.8499999046325684,3.25,3.5
2011-10-04,25200,3.6500000953674316,4.0,4.150000095367432,3.25,4.0
2011-10-03,26400,4.0,3.549999952316284,4.150000095367432,3.549999952316284,3.549999952316284
2011-09-30,24600,4.349999904632568,4.0,4.400000095367432,4.0,4.0
2011-09-29,19600,4.550000190734863,4.349999904632568,5.0,4.0,4.349999904632568
2011-09-28,30600,5.300000190734863,4.849999904632568,5.300000190734863,4.400000095367432,4.849999904632568
2011-09-27,8200,5.5,5.300000190734863,5.5,5.0,5.300000190734863
2011-09-26,15200,5.5,5.400000095367432,5.5,5.0,5.400000095367432
2011-09-23,5400,5.5,5.5,5.5,5.0,5.5
2011-09-22,16700,5.150000095367432,5.099999904632568,5.400000095367432,4.75,5.099999904632568
2011-09-21,6100,5.199999809265137,5.300000190734863,5.599999904632568,5.199999809265137,5.300000190734863
2011-09-20,8100,5.650000095367432,5.199999809265137,5.75,5.199999809265137,5.199999809265137
2011-09-19,25000,5.449999809265137,5.75,5.849999904632568,5.150000095367432,5.75
2011-09-16,10000,5.099999904632568,5.349999904632568,5.349999904632568,5.050000190734863,5.349999904632568
2011-09-15,9400,5.099999904632568,5.050000190734863,5.349999904632568,5.050000190734863,5.050000190734863
2011-09-14,11200,5.550000190734863,5.199999809265137,5.550000190734863,5.050000190734863,5.199999809265137
2011-09-13,6200,5.300000190734863,5.400000095367432,5.449999809265137,5.199999809265137,5.400000095367432
2011-09-12,7200,5.199999809265137,5.400000095367432,5.550000190734863,5.199999809265137,5.400000095367432
2011-09-09,9600,5.5,5.400000095367432,5.5,5.199999809265137,5.400000095367432
2011-09-08,9300,5.150000095367432,5.400000095367432,5.449999809265137,5.050000190734863,5.400000095367432
2011-09-07,13300,5.150000095367432,5.150000095367432,5.300000190734863,5.099999904632568,5.150000095367432
2011-09-06,11600,5.300000190734863,5.150000095367432,5.300000190734863,5.0,5.150000095367432
2011-09-02,12300,5.349999904632568,5.349999904632568,5.449999809265137,5.099999904632568,5.349999904632568
2011-09-01,9500,5.5,5.349999904632568,5.650000095367432,5.349999904632568,5.349999904632568
2011-08-31,22700,5.400000095367432,5.599999904632568,5.800000190734863,5.25,5.599999904632568
2011-08-30,10500,5.349999904632568,5.449999809265137,5.599999904632568,5.349999904632568,5.449999809265137
2011-08-29,28300,5.400000095367432,5.5,5.75,5.349999904632568,5.5
2011-08-26,12900,5.349999904632568,5.349999904632568,5.650000095367432,5.349999904632568,5.349999904632568
2011-08-25,3600,5.5,5.449999809265137,5.550000190734863,5.400000095367432,5.449999809265137
2011-08-24,15400,5.800000190734863,5.550000190734863,5.800000190734863,5.300000190734863,5.550000190734863
2011-08-23,13400,5.900000095367432,5.599999904632568,5.900000095367432,5.5,5.599999904632568
2011-08-22,22100,6.5,5.849999904632568,6.5,5.599999904632568,5.849999904632568
2011-08-19,12000,6.199999809265137,6.0,6.199999809265137,5.349999904632568,6.0
2011-08-18,15600,5.849999904632568,5.949999809265137,6.050000190734863,5.75,5.949999809265137
2011-08-17,13700,5.800000190734863,5.75,6.300000190734863,5.400000095367432,5.75
2011-08-16,19300,5.599999904632568,6.0,6.25,5.5,6.0
2011-08-15,32600,5.900000095367432,5.75,5.900000095367432,5.25,5.75
2011-08-12,19000,6.150000095367432,5.900000095367432,6.400000095367432,5.849999904632568,5.900000095367432
2011-08-11,13900,6.099999904632568,6.5,6.650000095367432,6.050000190734863,6.5
2011-08-10,13700,6.25,6.25,7.0,6.050000190734863,6.25
2011-08-09,42900,6.25,6.5,8.100000381469727,6.199999809265137,6.5
2011-08-08,29300,6.25,6.349999904632568,6.800000190734863,5.949999809265137,6.349999904632568
2011-08-05,13200,7.199999809265137,6.849999904632568,7.300000190734863,6.550000190734863,6.849999904632568
2011-08-04,17900,7.25,6.849999904632568,7.75,6.599999904632568,6.849999904632568
2011-08-03,8600,7.300000190734863,7.300000190734863,7.75,7.050000190734863,7.300000190734863
2011-08-02,9000,7.599999904632568,7.400000095367432,7.599999904632568,7.050000190734863,7.400000095367432
2011-08-01,8500,7.75,7.599999904632568,7.849999904632568,7.400000095367432,7.599999904632568
2011-07-29,4700,7.75,7.599999904632568,7.75,7.400000095367432,7.599999904632568
2011-07-28,9600,7.599999904632568,7.800000190734863,8.0,7.300000190734863,7.800000190734863
2011-07-27,5000,7.849999904632568,7.75,8.25,7.550000190734863,7.75
2011-07-26,12100,8.449999809265137,8.050000190734863,8.5,7.800000190734863,8.050000190734863
2011-07-25,9700,8.5,8.300000190734863,8.5,8.050000190734863,8.300000190734863
2011-07-22,13700,7.800000190734863,8.300000190734863,8.600000381469727,7.300000190734863,8.300000190734863
2011-07-21,3600,8.25,8.050000190734863,8.449999809265137,7.949999809265137,8.050000190734863
2011-07-20,4100,8.25,8.199999809265137,8.5,7.900000095367432,8.199999809265137
2011-07-19,3900,8.300000190734863,8.25,8.449999809265137,7.800000190734863,8.25
2011-07-18,6300,8.449999809265137,8.050000190734863,8.449999809265137,7.75,8.050000190734863
2011-07-15,13700,8.449999809265137,8.300000190734863,8.600000381469727,8.0,8.300000190734863
2011-07-14,69400,8.850000381469727,8.5,8.850000381469727,8.100000381469727,8.5
2011-07-13,29300,7.199999809265137,7.699999809265137,8.149999618530273,6.849999904632568,7.699999809265137
2011-07-12,1800,7.25,6.800000190734863,7.25,6.599999904632568,6.800000190734863
2011-07-11,1600,7.349999904632568,7.0,7.449999809265137,7.0,7.0
2011-07-08,10500,7.650000095367432,7.349999904632568,7.650000095367432,6.75,7.349999904632568
2011-07-07,16800,7.5,7.599999904632568,7.849999904632568,7.400000095367432,7.599999904632568
2011-07-06,7400,7.5,7.5,7.599999904632568,7.300000190734863,7.5
2011-07-05,2200,7.349999904632568,7.550000190734863,7.550000190734863,7.150000095367432,7.550000190734863
2011-07-01,5700,7.449999809265137,7.449999809265137,7.5,7.150000095367432,7.449999809265137
2011-06-30,800,7.150000095367432,7.300000190734863,7.449999809265137,7.099999904632568,7.300000190734863
2011-06-29,2700,7.099999904632568,7.150000095367432,7.300000190734863,6.949999809265137,7.150000095367432
2011-06-28,3200,7.349999904632568,7.300000190734863,7.400000095367432,7.199999809265137,7.300000190734863
2011-06-27,300,7.400000095367432,7.300000190734863,7.400000095367432,7.150000095367432,7.300000190734863
2011-06-24,5200,7.5,7.400000095367432,7.599999904632568,7.25,7.400000095367432
2011-06-23,1100,7.099999904632568,7.050000190734863,7.25,6.849999904632568,7.050000190734863
2011-06-22,4900,6.550000190734863,7.099999904632568,7.5,6.550000190734863,7.099999904632568
2011-06-21,11800,6.699999809265137,6.550000190734863,6.75,6.349999904632568,6.550000190734863
2011-06-20,10800,6.650000095367432,6.699999809265137,6.75,6.349999904632568,6.699999809265137
2011-06-17,4100,6.699999809265137,6.800000190734863,6.800000190734863,6.599999904632568,6.800000190734863
2011-06-16,3300,6.550000190734863,6.449999809265137,6.75,6.400000095367432,6.449999809265137
2011-06-15,7400,6.349999904632568,6.699999809265137,6.699999809265137,6.25,6.699999809265137
2011-06-14,14500,6.599999904632568,6.400000095367432,6.599999904632568,6.25,6.400000095367432
2011-06-13,15000,6.800000190734863,6.699999809265137,6.800000190734863,6.0,6.699999809265137
2011-06-10,25500,6.900000095367432,6.900000095367432,7.150000095367432,6.349999904632568,6.900000095367432
2011-06-09,19100,7.150000095367432,7.050000190734863,7.349999904632568,6.949999809265137,7.050000190734863
2011-06-08,9100,7.400000095367432,7.300000190734863,7.449999809265137,6.949999809265137,7.300000190734863
2011-06-07,12700,7.5,7.400000095367432,7.650000095367432,7.0,7.400000095367432
2011-06-06,9700,7.25,7.5,7.75,7.050000190734863,7.5
2011-06-03,5400,7.5,7.400000095367432,7.849999904632568,7.300000190734863,7.400000095367432
2011-06-02,9900,7.849999904632568,7.699999809265137,7.849999904632568,7.199999809265137,7.699999809265137
2011-06-01,15600,7.949999809265137,7.599999904632568,7.949999809265137,7.349999904632568,7.599999904632568
2011-05-31,8800,7.550000190734863,7.849999904632568,7.949999809265137,7.5,7.849999904632568
2011-05-27,21100,7.949999809265137,7.650000095367432,8.0,7.650000095367432,7.650000095367432
2011-05-26,21200,8.5,8.0,8.5,7.800000190734863,8.0
2011-05-25,24500,7.849999904632568,8.300000190734863,8.550000190734863,7.800000190734863,8.300000190734863
2011-05-24,5000,7.949999809265137,7.849999904632568,8.0,7.800000190734863,7.849999904632568
2011-05-23,21600,8.350000381469727,8.0,8.350000381469727,7.849999904632568,8.0
2011-05-20,13800,8.75,8.350000381469727,8.75,8.149999618530273,8.350000381469727
2011-05-19,11300,8.899999618530273,8.350000381469727,8.899999618530273,8.350000381469727,8.350000381469727
2011-05-18,18500,9.25,8.850000381469727,9.25,8.5,8.850000381469727
2011-05-17,10600,9.800000190734863,9.0,9.800000190734863,8.75,9.0
2011-05-16,57400,9.550000190734863,9.600000381469727,9.600000381469727,8.800000190734863,9.600000381469727
2011-05-13,43800,9.800000190734863,8.75,9.800000190734863,8.25,8.75
2011-05-12,40900,10.100000381469727,9.800000190734863,10.699999809265137,9.399999618530273,9.800000190734863
2011-05-11,66000,9.0,9.899999618530273,10.25,8.899999618530273,9.899999618530273
2011-05-10,19500,8.75,8.850000381469727,9.0,8.649999618530273,8.850000381469727
2011-05-09,16200,8.100000381469727,8.75,8.75,8.100000381469727,8.75
2011-05-06,25800,8.050000190734863,7.900000095367432,8.350000381469727,7.75,7.900000095367432
2011-05-05,8800,8.25,8.050000190734863,8.25,8.0,8.050000190734863
2011-05-04,12800,8.199999809265137,8.25,8.350000381469727,7.75,8.25
2011-05-03,19000,8.25,8.350000381469727,8.5,8.0,8.350000381469727
2011-05-02,22800,8.449999809265137,8.350000381469727,8.850000381469727,8.0,8.350000381469727
2011-04-29,6600,8.550000190734863,8.600000381469727,8.75,8.350000381469727,8.600000381469727
2011-04-28,29400,8.899999618530273,8.75,9.0,8.300000190734863,8.75
2011-04-27,21000,9.0,9.050000190734863,9.050000190734863,8.699999809265137,9.050000190734863
2011-04-26,15300,8.899999618530273,9.0,9.199999809265137,8.850000381469727,9.0
2011-04-25,25100,9.350000381469727,8.949999809265137,9.399999618530273,8.899999618530273,8.949999809265137
2011-04-21,23300,9.5,9.350000381469727,9.5,8.899999618530273,9.350000381469727
2011-04-20,77800,10.0,9.5,10.050000190734863,9.0,9.5
2011-04-19,72600,8.949999809265137,9.649999618530273,9.75,8.649999618530273,9.649999618530273
2011-04-18,30100,9.0,8.699999809265137,9.0,8.25,8.699999809265137
2011-04-15,47100,8.75,9.0,9.0,8.149999618530273,9.0
2011-04-14,84300,8.0,8.699999809265137,9.350000381469727,7.800000190734863,8.699999809265137
2011-04-13,11000,8.0,8.0,8.050000190734863,7.800000190734863,8.0
2011-04-12,50300,8.0,8.100000381469727,8.25,7.5,8.100000381469727
2011-04-11,33900,8.449999809265137,8.100000381469727,8.699999809265137,7.949999809265137,8.100000381469727
2011-04-08,71600,8.300000190734863,8.350000381469727,8.75,7.550000190734863,8.350000381469727
2011-04-07,69000,8.5,9.0,9.0,8.199999809265137,9.0
2011-04-06,136900,9.25,8.5,9.300000190734863,8.050000190734863,8.5
2011-04-05,272000,7.949999809265137,9.25,10.350000381469727,7.300000190734863,9.25
2011-04-04,152700,7.550000190734863,8.0,8.100000381469727,6.650000095367432,8.0
2011-04-01,218400,5.849999904632568,7.150000095367432,7.400000095367432,5.599999904632568,7.150000095367432
2011-03-31,33600,5.300000190734863,5.849999904632568,5.900000095367432,5.199999809265137,5.849999904632568
2011-03-30,12400,5.0,5.099999904632568,5.25,5.0,5.099999904632568
2011-03-29,13700,5.0,4.900000095367432,5.300000190734863,4.800000190734863,4.900000095367432
2011-03-28,18300,5.5,5.0,5.650000095367432,5.0,5.0
2011-03-25,8300,5.400000095367432,5.400000095367432,5.400000095367432,5.300000190734863,5.400000095367432
2011-03-24,9900,5.300000190734863,5.400000095367432,5.5,5.300000190734863,5.400000095367432
2011-03-23,7900,5.349999904632568,5.300000190734863,5.400000095367432,5.300000190734863,5.300000190734863
2011-03-22,9700,5.400000095367432,5.400000095367432,5.400000095367432,5.199999809265137,5.400000095367432
2011-03-21,16900,5.25,5.400000095367432,5.650000095367432,5.150000095367432,5.400000095367432
2011-03-18,28300,5.099999904632568,5.199999809265137,5.5,5.099999904632568,5.199999809265137
2011-03-17,7100,5.0,5.099999904632568,5.199999809265137,4.800000190734863,5.099999904632568
2011-03-16,2700,4.949999809265137,5.050000190734863,5.050000190734863,4.900000095367432,5.050000190734863
2011-03-15,9100,4.800000190734863,5.050000190734863,5.199999809265137,4.699999809265137,5.050000190734863
2011-03-14,6400,5.150000095367432,5.150000095367432,5.199999809265137,4.849999904632568,5.150000095367432
2011-03-11,4600,4.949999809265137,4.900000095367432,5.199999809265137,4.699999809265137,4.900000095367432
2011-03-10,8800,5.0,4.800000190734863,5.099999904632568,4.550000190734863,4.800000190734863
2011-03-09,40300,4.550000190734863,5.099999904632568,5.25,4.550000190734863,5.099999904632568
2011-03-08,1900,4.650000095367432,4.5,4.650000095367432,4.449999809265137,4.5
2011-03-07,900,4.349999904632568,4.550000190734863,4.550000190734863,4.349999904632568,4.550000190734863
2011-03-04,5700,4.699999809265137,4.300000190734863,4.800000190734863,4.300000190734863,4.300000190734863
2011-03-03,13200,4.449999809265137,4.699999809265137,4.800000190734863,4.349999904632568,4.699999809265137
2011-03-02,500,4.25,4.300000190734863,4.449999809265137,4.25,4.300000190734863
2011-03-01,900,4.650000095367432,4.25,4.650000095367432,4.25,4.25
2011-02-28,2200,4.349999904632568,4.349999904632568,4.449999809265137,4.349999904632568,4.349999904632568
2011-02-25,2700,4.550000190734863,4.400000095367432,4.699999809265137,4.400000095367432,4.400000095367432
2011-02-24,100,4.550000190734863,4.550000190734863,4.550000190734863,4.349999904632568,4.550000190734863
2011-02-23,4700,4.349999904632568,4.550000190734863,4.699999809265137,4.349999904632568,4.550000190734863
2011-02-22,6600,4.800000190734863,4.400000095367432,4.800000190734863,4.400000095367432,4.400000095367432
2011-02-18,3500,4.75,4.449999809265137,4.75,4.449999809265137,4.449999809265137
2011-02-17,0,4.699999809265137,4.699999809265137,4.699999809265137,4.699999809265137,4.699999809265137
2011-02-16,6300,4.5,4.699999809265137,4.75,4.349999904632568,4.699999809265137
2011-02-15,73300,4.650000095367432,4.550000190734863,5.099999904632568,4.300000190734863,4.550000190734863
2011-02-14,10000,4.699999809265137,4.5,4.699999809265137,4.25,4.5
2011-02-11,8100,4.650000095367432,4.699999809265137,4.699999809265137,4.449999809265137,4.699999809265137
2011-02-10,1200,4.650000095367432,4.449999809265137,4.650000095367432,4.349999904632568,4.449999809265137
2011-02-09,1100,4.650000095367432,4.449999809265137,4.650000095367432,4.449999809265137,4.449999809265137
2011-02-08,1300,4.349999904632568,4.599999904632568,4.599999904632568,4.349999904632568,4.599999904632568
2011-02-07,2400,4.650000095367432,4.300000190734863,4.650000095367432,4.300000190734863,4.300000190734863
2011-02-04,1200,4.300000190734863,4.550000190734863,4.699999809265137,4.300000190734863,4.550000190734863
2011-02-03,400,4.699999809265137,4.650000095367432,4.699999809265137,4.300000190734863,4.650000095367432
2011-02-02,600,4.5,4.599999904632568,4.699999809265137,4.300000190734863,4.599999904632568
2011-02-01,2800,4.650000095367432,4.5,4.650000095367432,4.25,4.5
2011-01-31,1500,4.650000095367432,4.650000095367432,4.699999809265137,4.5,4.650000095367432
2011-01-28,4800,4.75,4.699999809265137,4.75,4.199999809265137,4.699999809265137
2011-01-27,10400,4.699999809265137,4.650000095367432,4.75,4.349999904632568,4.650000095367432
2011-01-26,9100,4.400000095367432,4.699999809265137,4.699999809265137,4.349999904632568,4.699999809265137
2011-01-25,6000,4.300000190734863,4.5,4.5,4.300000190734863,4.5
2011-01-24,9600,4.150000095367432,4.300000190734863,4.400000095367432,4.150000095367432,4.300000190734863
2011-01-21,800,4.199999809265137,4.099999904632568,4.199999809265137,3.75,4.099999904632568
2011-01-20,1000,4.25,4.0,4.25,3.700000047683716,4.0
2011-01-19,12200,4.150000095367432,4.099999904632568,4.25,3.75,4.099999904632568
2011-01-18,6200,4.0,4.150000095367432,4.199999809265137,3.8499999046325684,4.150000095367432
2011-01-14,4700,3.9000000953674316,4.0,4.0,3.700000047683716,4.0
2011-01-13,1900,3.9000000953674316,3.9000000953674316,3.9000000953674316,3.700000047683716,3.9000000953674316
2011-01-12,4000,3.9000000953674316,3.9000000953674316,3.9000000953674316,3.700000047683716,3.9000000953674316
2011-01-11,8700,3.5999999046325684,3.799999952316284,3.9000000953674316,3.450000047683716,3.799999952316284
2011-01-10,1100,3.5999999046325684,3.5999999046325684,3.5999999046325684,3.5999999046325684,3.5999999046325684
2011-01-07,1000,3.5999999046325684,3.5999999046325684,3.5999999046325684,3.3499999046325684,3.5999999046325684
2011-01-06,6200,3.5999999046325684,3.5999999046325684,3.5999999046325684,3.5,3.5999999046325684
2011-01-05,2400,3.549999952316284,3.5999999046325684,3.5999999046325684,3.5,3.5999999046325684
2011-01-04,2300,3.549999952316284,3.5,3.5999999046325684,3.299999952316284,3.5
2011-01-03,26800,3.1500000953674316,3.5999999046325684,3.6500000953674316,3.0999999046325684,3.5999999046325684
2010-12-31,3100,3.049999952316284,3.1500000953674316,3.1500000953674316,3.0,3.1500000953674316
2010-12-30,12600,3.0999999046325684,3.049999952316284,3.1500000953674316,3.0,3.049999952316284
2010-12-29,1300,3.0999999046325684,3.0999999046325684,3.0999999046325684,3.0999999046325684,3.0999999046325684
2010-12-28,1800,3.200000047683716,3.200000047683716,3.200000047683716,3.049999952316284,3.200000047683716
2010-12-27,2400,3.4000000953674316,3.25,3.4000000953674316,3.0,3.25
2010-12-23,2100,3.4000000953674316,3.25,3.4000000953674316,3.200000047683716,3.25
2010-12-22,11500,3.25,3.0,3.25,3.0,3.0
2010-12-21,6300,3.5,3.200000047683716,3.5,3.200000047683716,3.200000047683716
2010-12-20,2800,3.25,3.5,3.5,3.200000047683716,3.5
2010-12-17,3400,3.450000047683716,3.450000047683716,3.450000047683716,3.200000047683716,3.450000047683716
2010-12-16,0,3.450000047683716,3.450000047683716,3.450000047683716,3.450000047683716,3.450000047683716
2010-12-15,400,3.450000047683716,3.450000047683716,3.450000047683716,3.3499999046325684,3.450000047683716
2010-12-14,0,3.450000047683716,3.450000047683716,3.450000047683716,3.450000047683716,3.450000047683716
2010-12-13,900,3.450000047683716,3.450000047683716,3.450000047683716,3.299999952316284,3.450000047683716
2010-12-10,0,3.450000047683716,3.450000047683716,3.450000047683716,3.25,3.450000047683716
2010-12-09,0,3.4000000953674316,3.4000000953674316,3.4000000953674316,3.4000000953674316,3.4000000953674316
2010-12-08,200,3.450000047683716,3.450000047683716,3.450000047683716,3.450000047683716,3.450000047683716
2010-12-07,1600,3.5,3.450000047683716,3.5,3.25,3.450000047683716
2010-12-06,200,3.4000000953674316,3.5,3.5,3.25,3.5
2010-12-03,4300,3.450000047683716,3.450000047683716,3.5,3.1500000953674316,3.450000047683716
2010-12-02,400,3.1500000953674316,3.1500000953674316,3.3499999046325684,3.1500000953674316,3.1500000953674316
2010-12-01,700,3.450000047683716,3.450000047683716,3.450000047683716,3.1500000953674316,3.450000047683716
2010-11-30,1700,3.0999999046325684,3.4000000953674316,3.450000047683716,3.0999999046325684,3.4000000953674316
2010-11-29,0,3.450000047683716,3.450000047683716,3.450000047683716,3.450000047683716,3.450000047683716
2010-11-26,800,3.3499999046325684,3.4000000953674316,3.450000047683716,3.3499999046325684,3.4000000953674316
2010-11-24,6400,3.3499999046325684,3.1500000953674316,3.3499999046325684,3.0999999046325684,3.1500000953674316
2010-11-23,300,3.299999952316284,3.3499999046325684,3.3499999046325684,3.200000047683716,3.3499999046325684
2010-11-22,2600,3.200000047683716,3.299999952316284,3.299999952316284,3.200000047683716,3.299999952316284
2010-11-19,400,3.299999952316284,3.25,3.299999952316284,3.200000047683716,3.25
2010-11-18,1100,3.3499999046325684,3.3499999046325684,3.4000000953674316,3.3499999046325684,3.3499999046325684
2010-11-17,700,3.200000047683716,3.3499999046325684,3.3499999046325684,3.200000047683716,3.3499999046325684
2010-11-16,200,3.200000047683716,3.4000000953674316,3.4000000953674316,3.200000047683716,3.4000000953674316
2010-11-15,900,3.4000000953674316,3.4000000953674316,3.4000000953674316,3.200000047683716,3.4000000953674316
2010-11-12,200,3.4000000953674316,3.4000000953674316,3.4000000953674316,3.200000047683716,3.4000000953674316
2010-11-11,1400,3.450000047683716,3.450000047683716,3.450000047683716,3.25,3.450000047683716
2010-11-10,1800,3.450000047683716,3.450000047683716,3.450000047683716,3.450000047683716,3.450000047683716
2010-11-09,4100,3.3499999046325684,3.450000047683716,3.450000047683716,3.200000047683716,3.450000047683716
2010-11-08,1600,3.450000047683716,3.450000047683716,3.450000047683716,3.4000000953674316,3.450000047683716
2010-11-05,400,3.549999952316284,3.549999952316284,3.549999952316284,3.549999952316284,3.549999952316284
2010-11-04,200,3.4000000953674316,3.549999952316284,3.549999952316284,3.4000000953674316,3.549999952316284
2010-11-03,100,3.549999952316284,3.549999952316284,3.549999952316284,3.450000047683716,3.549999952316284
2010-11-02,100,3.549999952316284,3.5,3.549999952316284,3.4000000953674316,3.5
2010-11-01,200,3.3499999046325684,3.5,3.549999952316284,3.3499999046325684,3.5
2010-10-29,0,3.5,3.5,3.5,3.5,3.5
2010-10-28,3900,3.549999952316284,3.5,3.549999952316284,3.25,3.5
2010-10-27,1900,3.5,3.5,3.549999952316284,3.5,3.5
2010-10-26,300,3.3499999046325684,3.549999952316284,3.549999952316284,3.3499999046325684,3.549999952316284
2010-10-25,0,3.5999999046325684,3.549999952316284,3.5999999046325684,3.299999952316284,3.549999952316284
2010-10-22,2300,3.3499999046325684,3.299999952316284,3.3499999046325684,3.25,3.299999952316284
2010-10-21,700,3.4000000953674316,3.4000000953674316,3.5999999046325684,3.4000000953674316,3.4000000953674316
2010-10-20,600,3.450000047683716,3.4000000953674316,3.450000047683716,3.4000000953674316,3.4000000953674316
2010-10-19,0,3.450000047683716,3.450000047683716,3.450000047683716,3.450000047683716,3.450000047683716
2010-10-18,1300,3.3499999046325684,3.5,3.5999999046325684,3.3499999046325684,3.5
2010-10-15,0,3.5,3.5,3.5,3.5,3.5
2010-10-14,1300,3.450000047683716,3.5999999046325684,3.5999999046325684,3.450000047683716,3.5999999046325684
2010-10-13,1900,3.450000047683716,3.5999999046325684,3.5999999046325684,3.299999952316284,3.5999999046325684
2010-10-12,500,3.4000000953674316,3.450000047683716,3.450000047683716,3.25,3.450000047683716
2010-10-11,1800,3.4000000953674316,3.299999952316284,3.450000047683716,3.299999952316284,3.299999952316284
2010-10-08,700,3.25,3.450000047683716,3.450000047683716,3.25,3.450000047683716
2010-10-07,1000,3.5,3.5,3.5,3.5,3.5
2010-10-06,2600,3.299999952316284,3.5,3.5,3.200000047683716,3.5
2010-10-05,100,3.299999952316284,3.3499999046325684,3.450000047683716,3.299999952316284,3.3499999046325684
2010-10-04,100,3.5,3.5,3.5,3.25,3.5
2010-10-01,400,3.5999999046325684,3.450000047683716,3.5999999046325684,3.25,3.450000047683716
2010-09-30,3300,3.4000000953674316,3.4000000953674316,3.5999999046325684,3.4000000953674316,3.4000000953674316
2010-09-29,3000,3.5,3.4000000953674316,3.5,3.200000047683716,3.4000000953674316
2010-09-28,1300,3.3499999046325684,3.5,3.549999952316284,3.3499999046325684,3.5
2010-09-27,1200,3.5999999046325684,3.3499999046325684,3.5999999046325684,3.3499999046325684,3.3499999046325684
2010-09-24,0,3.5999999046325684,3.5999999046325684,3.5999999046325684,3.5999999046325684,3.5999999046325684
2010-09-23,600,3.5,3.700000047683716,3.700000047683716,3.5,3.700000047683716
2010-09-22,8700,3.5,3.549999952316284,3.75,3.200000047683716,3.549999952316284
2010-09-21,900,3.5,3.5,3.5,3.299999952316284,3.5
2010-09-20,2700,3.200000047683716,3.5,3.5,3.200000047683716,3.5
2010-09-17,3700,3.1500000953674316,3.3499999046325684,3.3499999046325684,3.1500000953674316,3.3499999046325684
2010-09-16,800,3.4000000953674316,3.3499999046325684,3.4000000953674316,3.200000047683716,3.3499999046325684
2010-09-15,700,3.3499999046325684,3.3499999046325684,3.4000000953674316,3.3499999046325684,3.3499999046325684
2010-09-14,0,3.4000000953674316,3.4000000953674316,3.4000000953674316,3.4000000953674316,3.4000000953674316
2010-09-13,600,3.1500000953674316,3.450000047683716,3.450000047683716,3.1500000953674316,3.450000047683716
2010-09-10,100,3.3499999046325684,3.450000047683716,3.450000047683716,3.1500000953674316,3.450000047683716
2010-09-09,0,3.450000047683716,3.450000047683716,3.450000047683716,3.450000047683716,3.450000047683716
2010-09-08,1200,3.0999999046325684,3.450000047683716,3.450000047683716,3.0999999046325684,3.450000047683716
2010-09-07,0,3.450000047683716,3.450000047683716,3.450000047683716,3.450000047683716,3.450000047683716
2010-09-03,0,3.5,3.5,3.5,3.5,3.5
2010-09-02,100,3.200000047683716,3.200000047683716,3.5,3.200000047683716,3.200000047683716
2010-09-01,600,3.1500000953674316,3.549999952316284,3.549999952316284,3.1500000953674316,3.549999952316284
2010-08-31,0,3.549999952316284,3.549999952316284,3.549999952316284,3.549999952316284,3.549999952316284
2010-08-30,1200,3.1500000953674316,3.5,3.5,3.1500000953674316,3.5
2010-08-27,0,3.549999952316284,3.549999952316284,3.549999952316284,3.549999952316284,3.549999952316284
2010-08-26,4000,3.25,3.5,3.549999952316284,3.1500000953674316,3.5
2010-08-25,0,3.549999952316284,3.549999952316284,3.549999952316284,3.549999952316284,3.549999952316284
2010-08-24,400,3.25,3.549999952316284,3.549999952316284,3.25,3.549999952316284
2010-08-23,100,3.450000047683716,3.5999999046325684,3.5999999046325684,3.450000047683716,3.5999999046325684
2010-08-20,100,3.5999999046325684,3.5999999046325684,3.5999999046325684,3.25,3.5999999046325684
2010-08-19,100,3.5999999046325684,3.5999999046325684,3.5999999046325684,3.5999999046325684,3.5999999046325684
2010-08-18,0,3.5999999046325684,3.5999999046325684,3.5999999046325684,3.5999999046325684,3.5999999046325684
2010-08-17,400,3.5999999046325684,3.5999999046325684,3.5999999046325684,3.25,3.5999999046325684
2010-08-16,300,3.5,3.5,3.5,3.5,3.5
2010-08-13,2000,3.6500000953674316,3.5,3.6500000953674316,3.5,3.5
2010-08-12,300,3.6500000953674316,3.700000047683716,3.700000047683716,3.5,3.700000047683716
2010-08-11,400,3.6500000953674316,3.5,3.6500000953674316,3.5,3.5
2010-08-10,0,3.6500000953674316,3.6500000953674316,3.6500000953674316,3.6500000953674316,3.6500000953674316
2010-08-09,900,3.5,3.5,3.5,3.5,3.5
2010-08-06,100,3.6500000953674316,3.5,3.6500000953674316,3.5,3.5
2010-08-05,600,3.5,3.6500000953674316,3.6500000953674316,3.5,3.6500000953674316
2010-08-04,3200,3.25,3.450000047683716,3.5999999046325684,3.25,3.450000047683716
2010-08-03,500,3.25,3.25,3.25,3.25,3.25
2010-08-02,9700,3.549999952316284,3.3499999046325684,3.549999952316284,3.1500000953674316,3.3499999046325684
2010-07-30,1000,3.6500000953674316,3.549999952316284,3.6500000953674316,3.5,3.549999952316284
2010-07-29,100,3.5999999046325684,3.5999999046325684,3.5999999046325684,3.5999999046325684,3.5999999046325684
2010-07-28,9700,3.5,3.5999999046325684,3.5999999046325684,3.4000000953674316,3.5999999046325684
2010-07-27,1300,3.5,3.549999952316284,3.549999952316284,3.4000000953674316,3.549999952316284
2010-07-26,200,3.5999999046325684,3.5999999046325684,3.5999999046325684,3.5,3.5999999046325684
2010-07-23,400,3.4000000953674316,3.6500000953674316,3.6500000953674316,3.4000000953674316,3.6500000953674316
2010-07-22,500,3.549999952316284,3.549999952316284,3.549999952316284,3.549999952316284,3.549999952316284
2010-07-21,0,3.549999952316284,3.549999952316284,3.549999952316284,3.549999952316284,3.549999952316284
2010-07-20,300,3.549999952316284,3.549999952316284,3.549999952316284,3.4000000953674316,3.549999952316284
2010-07-19,600,3.549999952316284,3.549999952316284,3.549999952316284,3.3499999046325684,3.549999952316284
2010-07-16,300,3.5,3.5,3.549999952316284,3.5,3.5
2010-07-15,0,3.5,3.5,3.5,3.3499999046325684,3.5
2010-07-14,200,3.3499999046325684,3.549999952316284,3.549999952316284,3.3499999046325684,3.549999952316284
2010-07-13,200,3.5,3.5,3.5,3.5,3.5
2010-07-12,1700,3.450000047683716,3.4000000953674316,3.450000047683716,3.4000000953674316,3.4000000953674316
2010-07-09,3000,3.450000047683716,3.450000047683716,3.450000047683716,3.1500000953674316,3.450000047683716
2010-07-08,200,3.549999952316284,3.5,3.549999952316284,3.0999999046325684,3.5
2010-07-07,0,3.5,3.5,3.5,3.5,3.5
2010-07-06,200,3.549999952316284,3.5,3.549999952316284,3.4000000953674316,3.5
2010-07-02,1000,3.299999952316284,3.5,3.5,3.299999952316284,3.5
2010-07-01,900,3.299999952316284,3.299999952316284,3.299999952316284,3.200000047683716,3.299999952316284
2010-06-30,700,3.299999952316284,3.299999952316284,3.549999952316284,3.299999952316284,3.299999952316284
2010-06-29,0,3.549999952316284,3.549999952316284,3.549999952316284,3.549999952316284,3.549999952316284
2010-06-28,400,3.299999952316284,3.549999952316284,3.700000047683716,3.299999952316284,3.549999952316284
2010-06-25,300,3.6500000953674316,3.700000047683716,3.700000047683716,3.4000000953674316,3.700000047683716
2010-06-24,200,3.450000047683716,3.700000047683716,3.700000047683716,3.4000000953674316,3.700000047683716
2010-06-23,0,3.700000047683716,3.700000047683716,3.700000047683716,3.700000047683716,3.700000047683716
2010-06-22,100,3.549999952316284,3.700000047683716,3.8499999046325684,3.549999952316284,3.700000047683716
2010-06-21,900,3.799999952316284,3.549999952316284,3.799999952316284,3.549999952316284,3.549999952316284
2010-06-18,400,3.75,3.75,3.75,3.75,3.75
2010-06-17,1300,3.6500000953674316,3.9000000953674316,3.9000000953674316,3.4000000953674316,3.9000000953674316
2010-06-16,200,3.75,4.0,4.0,3.75,4.0
2010-06-15,900,3.4000000953674316,3.75,3.75,3.4000000953674316,3.75
2010-06-14,100,3.4000000953674316,3.75,3.75,3.4000000953674316,3.75
2010-06-11,500,3.4000000953674316,3.700000047683716,3.700000047683716,3.4000000953674316,3.700000047683716
2010-06-10,1200,3.450000047683716,3.700000047683716,3.700000047683716,3.4000000953674316,3.700000047683716
2010-06-09,600,3.450000047683716,3.700000047683716,3.700000047683716,3.450000047683716,3.700000047683716
2010-06-08,5700,3.5,3.75,3.75,3.450000047683716,3.75
2010-06-07,0,3.5999999046325684,3.5999999046325684,3.5999999046325684,3.5999999046325684,3.5999999046325684
2010-06-04,1800,3.700000047683716,3.6500000953674316,3.700000047683716,3.5,3.6500000953674316
2010-06-03,3300,3.5999999046325684,3.75,3.75,3.5,3.75
2010-06-02,12100,3.5999999046325684,3.6500000953674316,3.6500000953674316,3.5,3.6500000953674316
2010-06-01,1700,3.5999999046325684,3.6500000953674316,3.700000047683716,3.5999999046325684,3.6500000953674316
2010-05-28,1600,3.5999999046325684,3.6500000953674316,3.6500000953674316,3.5999999046325684,3.6500000953674316
2010-05-27,15100,3.5,3.6500000953674316,3.75,3.4000000953674316,3.6500000953674316
2010-05-26,6400,3.5999999046325684,3.75,3.75,3.450000047683716,3.75
2010-05-25,21000,3.75,3.5,3.950000047683716,3.299999952316284,3.5
2010-05-24,300,4.150000095367432,3.950000047683716,4.150000095367432,3.75,3.950000047683716
2010-05-21,8400,3.549999952316284,4.199999809265137,4.199999809265137,3.549999952316284,4.199999809265137
2010-05-20,3900,4.0,4.25,4.5,3.75,4.25
2010-05-19,1500,4.25,4.550000190734863,4.550000190734863,4.25,4.550000190734863
2010-05-18,2100,4.199999809265137,4.699999809265137,4.849999904632568,4.199999809265137,4.699999809265137
2010-05-17,8700,4.300000190734863,4.5,4.900000095367432,4.25,4.5
2010-05-14,1000,5.0,4.849999904632568,5.0,4.849999904632568,4.849999904632568
2010-05-13,3500,4.650000095367432,4.75,5.0,4.300000190734863,4.75
2010-05-12,5800,4.5,4.5,4.5,4.0,4.5
2010-05-11,400,4.599999904632568,4.75,4.75,4.599999904632568,4.75
2010-05-10,3800,4.75,4.75,4.849999904632568,4.400000095367432,4.75
2010-05-07,9600,4.599999904632568,4.449999809265137,5.0,4.25,4.449999809265137
2010-05-06,8500,4.849999904632568,4.949999809265137,5.0,4.599999904632568,4.949999809265137
2010-05-05,1700,5.050000190734863,5.0,5.050000190734863,4.849999904632568,5.0
2010-05-04,1700,4.900000095367432,4.949999809265137,5.050000190734863,4.849999904632568,4.949999809265137
2010-05-03,600,5.150000095367432,5.0,5.150000095367432,4.849999904632568,5.0
2010-04-30,600,5.150000095367432,5.0,5.150000095367432,5.0,5.0
2010-04-29,1600,5.150000095367432,5.0,5.199999809265137,4.75,5.0
2010-04-28,1000,5.099999904632568,5.199999809265137,5.199999809265137,5.050000190734863,5.199999809265137
2010-04-27,1000,5.25,5.150000095367432,5.25,5.150000095367432,5.150000095367432
2010-04-26,500,5.050000190734863,5.150000095367432,5.150000095367432,5.0,5.150000095367432
2010-04-23,2400,4.900000095367432,5.050000190734863,5.050000190734863,4.75,5.050000190734863
2010-04-22,2100,4.800000190734863,4.800000190734863,5.150000095367432,4.75,4.800000190734863
2010-04-21,3100,5.050000190734863,4.849999904632568,5.050000190734863,4.849999904632568,4.849999904632568
2010-04-20,800,5.0,5.0,5.050000190734863,4.849999904632568,5.0
2010-04-19,1600,5.0,5.050000190734863,5.050000190734863,4.849999904632568,5.050000190734863
2010-04-16,2000,5.050000190734863,5.050000190734863,5.050000190734863,4.849999904632568,5.050000190734863
2010-04-15,800,4.849999904632568,5.050000190734863,5.150000095367432,4.849999904632568,5.050000190734863
2010-04-14,1100,5.300000190734863,5.25,5.400000095367432,4.900000095367432,5.25
2010-04-13,3300,5.050000190734863,5.300000190734863,5.300000190734863,4.849999904632568,5.300000190734863
2010-04-12,600,5.349999904632568,5.050000190734863,5.349999904632568,5.050000190734863,5.050000190734863
2010-04-09,1400,4.900000095367432,5.050000190734863,5.150000095367432,4.900000095367432,5.050000190734863
2010-04-08,1800,5.300000190734863,5.150000095367432,5.300000190734863,5.0,5.150000095367432
2010-04-07,500,5.300000190734863,5.25,5.300000190734863,5.050000190734863,5.25
2010-04-06,2400,5.050000190734863,5.300000190734863,5.5,5.050000190734863,5.300000190734863
2010-04-05,400,4.949999809265137,5.150000095367432,5.150000095367432,4.949999809265137,5.150000095367432
2010-04-01,3000,5.099999904632568,5.099999904632568,5.199999809265137,5.0,5.099999904632568
2010-03-31,1000,5.150000095367432,5.099999904632568,5.150000095367432,4.949999809265137,5.099999904632568
2010-03-30,2700,5.0,5.150000095367432,5.150000095367432,4.849999904632568,5.150000095367432
2010-03-29,1900,5.050000190734863,5.199999809265137,5.199999809265137,5.0,5.199999809265137
2010-03-26,500,5.199999809265137,5.199999809265137,5.199999809265137,5.050000190734863,5.199999809265137
2010-03-25,100,5.050000190734863,5.199999809265137,5.199999809265137,5.050000190734863,5.199999809265137
2010-03-24,1000,5.199999809265137,5.25,5.25,5.050000190734863,5.25
2010-03-23,8000,5.050000190734863,5.300000190734863,5.400000095367432,4.949999809265137,5.300000190734863
2010-03-22,1000,4.949999809265137,5.099999904632568,5.150000095367432,4.849999904632568,5.099999904632568
2010-03-19,0,4.949999809265137,4.949999809265137,4.949999809265137,4.949999809265137,4.949999809265137
2010-03-18,100,4.949999809265137,5.150000095367432,5.150000095367432,4.949999809265137,5.150000095367432
2010-03-17,0,5.150000095367432,5.150000095367432,5.150000095367432,5.150000095367432,5.150000095367432
2010-03-16,800,5.0,5.050000190734863,5.050000190734863,4.75,5.050000190734863
2010-03-15,2300,4.800000190734863,5.099999904632568,5.150000095367432,4.800000190734863,5.099999904632568
2010-03-12,1300,4.800000190734863,5.0,5.150000095367432,4.800000190734863,5.0
2010-03-11,0,4.75,4.75,4.75,4.75,4.75
2010-03-10,5900,5.0,4.75,5.199999809265137,4.400000095367432,4.75
2010-03-09,5400,5.449999809265137,5.0,5.449999809265137,5.0,5.0
2010-03-08,200,4.849999904632568,5.150000095367432,5.150000095367432,4.849999904632568,5.150000095367432
2010-03-05,4400,4.849999904632568,4.849999904632568,5.199999809265137,4.75,4.849999904632568
2010-03-04,300,4.900000095367432,5.0,5.449999809265137,4.75,5.0
2010-03-03,1300,5.199999809265137,5.25,5.449999809265137,4.900000095367432,5.25
2010-03-02,1400,5.449999809265137,5.300000190734863,5.449999809265137,4.900000095367432,5.300000190734863
2010-03-01,3200,4.75,5.449999809265137,5.449999809265137,4.75,5.449999809265137
2010-02-26,6300,5.199999809265137,4.599999904632568,5.199999809265137,4.599999904632568,4.599999904632568
2010-02-25,1500,5.650000095367432,5.199999809265137,5.650000095367432,5.050000190734863,5.199999809265137
2010-02-24,6400,5.300000190734863,5.349999904632568,5.650000095367432,5.099999904632568,5.349999904632568
2010-02-23,400,5.300000190734863,5.599999904632568,5.599999904632568,5.300000190734863,5.599999904632568
2010-02-22,600,5.75,5.349999904632568,5.75,5.300000190734863,5.349999904632568
2010-02-19,1200,5.800000190734863,5.550000190734863,5.800000190734863,5.300000190734863,5.550000190734863
2010-02-18,1300,5.5,5.650000095367432,5.75,5.300000190734863,5.650000095367432
2010-02-17,1300,5.550000190734863,5.699999809265137,5.800000190734863,5.300000190734863,5.699999809265137
2010-02-16,5700,5.699999809265137,5.699999809265137,5.800000190734863,5.449999809265137,5.699999809265137
2010-02-12,10200,5.650000095367432,5.25,5.650000095367432,5.0,5.25
2010-02-11,2200,5.550000190734863,5.449999809265137,5.650000095367432,5.300000190734863,5.449999809265137
2010-02-10,5000,5.199999809265137,5.550000190734863,5.699999809265137,5.199999809265137,5.550000190734863
2010-02-09,8100,5.75,5.699999809265137,5.75,5.050000190734863,5.699999809265137
2010-02-08,1700,5.75,5.849999904632568,5.849999904632568,5.349999904632568,5.849999904632568
2010-02-05,2700,5.599999904632568,5.550000190734863,5.599999904632568,5.5,5.550000190734863
2010-02-04,4700,5.900000095367432,5.550000190734863,5.949999809265137,5.300000190734863,5.550000190734863
2010-02-03,5600,5.599999904632568,5.400000095367432,5.599999904632568,5.25,5.400000095367432
2010-02-02,3800,5.5,5.599999904632568,5.599999904632568,5.300000190734863,5.599999904632568
2010-02-01,31300,6.099999904632568,5.599999904632568,6.25,5.349999904632568,5.599999904632568
2010-01-29,16300,5.599999904632568,6.0,6.099999904632568,5.5,6.0
2010-01-28,1000,5.25,5.599999904632568,5.599999904632568,5.25,5.599999904632568
2010-01-27,700,5.400000095367432,5.599999904632568,5.599999904632568,5.300000190734863,5.599999904632568
2010-01-26,9100,5.550000190734863,5.400000095367432,5.949999809265137,5.150000095367432,5.400000095367432
2010-01-25,6500,5.75,5.699999809265137,5.949999809265137,5.5,5.699999809265137
2010-01-22,1400,5.449999809265137,5.5,5.75,5.449999809265137,5.5
2010-01-21,14400,6.0,5.550000190734863,6.0,5.5,5.550000190734863
2010-01-20,7000,5.5,5.800000190734863,5.800000190734863,5.449999809265137,5.800000190734863
2010-01-19,7900,5.449999809265137,5.599999904632568,5.75,5.25,5.599999904632568
2010-01-15,18400,6.0,5.699999809265137,6.0,5.349999904632568,5.699999809265137
2010-01-14,115600,5.449999809265137,6.0,7.199999809265137,5.349999904632568,6.0
2010-01-13,96300,4.300000190734863,5.25,5.400000095367432,4.300000190734863,5.25
2010-01-12,0,4.300000190734863,4.300000190734863,4.300000190734863,4.300000190734863,4.300000190734863
2010-01-11,1000,4.050000190734863,4.349999904632568,4.449999809265137,4.050000190734863,4.349999904632568
2010-01-08,900,4.150000095367432,4.449999809265137,4.449999809265137,4.050000190734863,4.449999809265137
2010-01-07,1000,4.25,4.199999809265137,4.25,4.0,4.199999809265137
2010-01-06,1100,4.400000095367432,4.349999904632568,4.400000095367432,4.050000190734863,4.349999904632568
2010-01-05,300,4.449999809265137,4.400000095367432,4.449999809265137,4.0,4.400000095367432
2010-01-04,1800,4.449999809265137,4.25,4.449999809265137,4.0,4.25
2009-12-31,1500,4.050000190734863,4.300000190734863,4.300000190734863,4.050000190734863,4.300000190734863
2009-12-30,4700,4.449999809265137,4.199999809265137,4.449999809265137,3.8499999046325684,4.199999809265137
2009-12-29,200,4.400000095367432,4.5,4.5,4.199999809265137,4.5
2009-12-28,900,3.8499999046325684,4.400000095367432,4.449999809265137,3.8499999046325684,4.400000095367432
2009-12-24,200,4.400000095367432,4.400000095367432,4.400000095367432,4.400000095367432,4.400000095367432
2009-12-23,0,4.25,4.25,4.25,4.25,4.25
2009-12-22,400,4.25,4.449999809265137,4.449999809265137,4.25,4.449999809265137
2009-12-21,500,4.150000095367432,4.25,4.650000095367432,4.150000095367432,4.25
2009-12-18,6000,4.699999809265137,4.400000095367432,4.699999809265137,3.700000047683716,4.400000095367432
2009-12-17,7500,4.5,4.449999809265137,4.699999809265137,3.6500000953674316,4.449999809265137
2009-12-16,1700,4.25,4.449999809265137,4.5,4.25,4.449999809265137
2009-12-15,17000,3.8499999046325684,4.199999809265137,4.699999809265137,3.5999999046325684,4.199999809265137
2009-12-14,100,3.799999952316284,3.799999952316284,3.799999952316284,3.6500000953674316,3.799999952316284
2009-12-11,1000,3.8499999046325684,3.8499999046325684,3.8499999046325684,3.75,3.8499999046325684
2009-12-10,600,3.799999952316284,3.8499999046325684,3.8499999046325684,3.799999952316284,3.8499999046325684
2009-12-09,2800,3.799999952316284,3.799999952316284,3.8499999046325684,3.5,3.799999952316284
2009-12-08,800,3.799999952316284,3.799999952316284,3.799999952316284,3.799999952316284,3.799999952316284
2009-12-07,400,3.799999952316284,3.799999952316284,3.799999952316284,3.799999952316284,3.799999952316284
2009-12-04,5000,3.4000000953674316,3.799999952316284,3.799999952316284,3.4000000953674316,3.799999952316284
2009-12-03,1700,3.25,3.4000000953674316,3.4000000953674316,3.25,3.4000000953674316
2009-12-02,1600,3.4000000953674316,3.4000000953674316,3.4000000953674316,3.25,3.4000000953674316
2009-12-01,2200,3.25,3.4000000953674316,3.4000000953674316,3.25,3.4000000953674316
2009-11-30,1100,3.25,3.450000047683716,3.5,3.25,3.450000047683716
2009-11-27,0,3.3499999046325684,3.3499999046325684,3.3499999046325684,3.3499999046325684,3.3499999046325684
2009-11-25,0,3.5,3.5,3.5,3.5,3.5
2009-11-24,900,3.25,3.5999999046325684,3.700000047683716,3.25,3.5999999046325684
2009-11-23,4300,3.6500000953674316,3.5,3.700000047683716,3.25,3.5
2009-11-20,4500,3.5,3.6500000953674316,3.700000047683716,3.25,3.6500000953674316
2009-11-19,700,3.5,3.450000047683716,3.5,3.25,3.450000047683716
2009-11-18,200,3.5,3.25,3.5,3.25,3.25
2009-11-17,300,3.25,3.5,3.5,3.25,3.5
2009-11-16,1600,3.5,3.5,3.5,3.25,3.5
2009-11-13,10200,3.4000000953674316,3.4000000953674316,3.799999952316284,3.200000047683716,3.4000000953674316
2009-11-12,2300,3.4000000953674316,3.4000000953674316,3.450000047683716,3.4000000953674316,3.4000000953674316
2009-11-11,800,3.0999999046325684,3.4000000953674316,3.4000000953674316,3.0999999046325684,3.4000000953674316
2009-11-10,900,3.049999952316284,3.4000000953674316,3.4000000953674316,3.049999952316284,3.4000000953674316
2009-11-09,2900,3.0,3.4000000953674316,3.4000000953674316,3.0,3.4000000953674316
2009-11-06,400,3.049999952316284,3.299999952316284,3.299999952316284,3.049999952316284,3.299999952316284
2009-11-05,900,3.049999952316284,3.200000047683716,3.200000047683716,3.049999952316284,3.200000047683716
2009-11-04,2200,3.25,3.200000047683716,3.25,3.0999999046325684,3.200000047683716
2009-11-03,200,3.0999999046325684,3.200000047683716,3.200000047683716,3.049999952316284,3.200000047683716
2009-11-02,800,3.049999952316284,3.0999999046325684,3.25,3.049999952316284,3.0999999046325684
2009-10-30,2900,3.0999999046325684,3.25,3.25,3.049999952316284,3.25
2009-10-29,900,3.450000047683716,3.25,3.450000047683716,3.0999999046325684,3.25
2009-10-28,1000,3.0999999046325684,3.450000047683716,3.450000047683716,3.049999952316284,3.450000047683716
2009-10-27,2200,3.0,3.450000047683716,3.450000047683716,3.0,3.450000047683716
2009-10-26,5700,3.4000000953674316,3.450000047683716,3.450000047683716,2.8499999046325684,3.450000047683716
2009-10-23,1300,3.799999952316284,3.700000047683716,3.799999952316284,3.5,3.700000047683716
2009-10-22,2400,3.5,3.6500000953674316,3.799999952316284,3.5,3.6500000953674316
2009-10-21,5600,3.75,3.75,3.75,3.5,3.75
2009-10-20,400,3.75,3.75,3.75,3.75,3.75
2009-10-19,7400,3.700000047683716,3.6500000953674316,3.75,3.6500000953674316,3.6500000953674316
2009-10-16,2700,3.75,3.700000047683716,3.799999952316284,3.6500000953674316,3.700000047683716
2009-10-15,700,3.75,3.75,3.75,3.700000047683716,3.75
2009-10-14,400,3.799999952316284,3.75,3.799999952316284,3.5,3.75
2009-10-13,2300,3.799999952316284,3.700000047683716,3.799999952316284,3.5,3.700000047683716
2009-10-12,4400,3.450000047683716,3.75,3.799999952316284,3.4000000953674316,3.75
2009-10-09,4500,3.5999999046325684,3.549999952316284,3.8499999046325684,3.299999952316284,3.549999952316284
2009-10-08,4400,3.9000000953674316,3.5999999046325684,4.0,3.5999999046325684,3.5999999046325684
2009-10-07,1800,4.0,3.8499999046325684,4.0,3.5999999046325684,3.8499999046325684
2009-10-06,1300,4.0,3.8499999046325684,4.0,3.75,3.8499999046325684
2009-10-05,1100,3.799999952316284,4.0,4.0,3.799999952316284,4.0
2009-10-02,2200,3.75,3.799999952316284,3.8499999046325684,3.5999999046325684,3.799999952316284
2009-10-01,5100,3.9000000953674316,3.799999952316284,3.950000047683716,3.549999952316284,3.799999952316284
2009-09-30,1800,3.950000047683716,3.8499999046325684,4.199999809265137,3.8499999046325684,3.8499999046325684
2009-09-29,3200,4.0,3.8499999046325684,4.25,3.799999952316284,3.8499999046325684
2009-09-28,14500,4.449999809265137,3.950000047683716,4.550000190734863,3.799999952316284,3.950000047683716
2009-09-25,15300,5.099999904632568,4.449999809265137,5.199999809265137,4.0,4.449999809265137
2009-09-24,16200,4.599999904632568,4.800000190734863,5.050000190734863,4.300000190734863,4.800000190734863
2009-09-23,19800,4.25,4.5,5.25,3.799999952316284,4.5
2009-09-22,27700,3.5,4.25,4.800000190734863,3.5,4.25
2009-09-21,2800,3.4000000953674316,3.25,3.5,3.25,3.25
2009-09-18,900,3.299999952316284,3.0,3.5,3.0,3.0
2009-09-17,100,3.5,3.5,3.5,3.5,3.5
2009-09-16,5500,3.6500000953674316,3.450000047683716,3.6500000953674316,3.0,3.450000047683716
2009-09-15,2400,3.5,3.6500000953674316,3.6500000953674316,3.299999952316284,3.6500000953674316
2009-09-14,0,3.5,3.5,3.5,3.5,3.5
2009-09-11,0,3.5,3.5,3.5,3.5,3.5
2009-09-10,200,3.3499999046325684,3.4000000953674316,3.4000000953674316,3.3499999046325684,3.4000000953674316
2009-09-09,2500,3.4000000953674316,3.3499999046325684,3.4000000953674316,3.25,3.3499999046325684
2009-09-08,1700,3.4000000953674316,3.4000000953674316,3.5,3.0,3.4000000953674316
2009-09-04,0,3.0999999046325684,3.25,3.25,3.0999999046325684,3.25
2009-09-03,700,3.450000047683716,3.4000000953674316,3.450000047683716,3.1500000953674316,3.4000000953674316
2009-09-02,3800,3.25,3.450000047683716,3.700000047683716,2.950000047683716,3.450000047683716
2009-09-01,3100,4.199999809265137,3.9000000953674316,4.199999809265137,2.950000047683716,3.9000000953674316
2009-08-31,300,4.199999809265137,4.150000095367432,4.199999809265137,3.549999952316284,4.150000095367432
2009-08-28,3400,3.75,3.700000047683716,3.950000047683716,3.5,3.700000047683716
2009-08-27,2200,3.75,4.0,4.099999904632568,3.75,4.0
2009-08-26,1700,4.300000190734863,4.300000190734863,4.300000190734863,3.75,4.300000190734863
2009-08-25,2900,4.0,4.300000190734863,4.300000190734863,3.75,4.300000190734863
2009-08-24,3000,4.0,3.799999952316284,4.0,3.75,3.799999952316284
2009-08-21,300,4.0,4.0,4.0,4.0,4.0
2009-08-20,0,4.300000190734863,4.300000190734863,4.300000190734863,4.300000190734863,4.300000190734863
2009-08-19,1000,4.300000190734863,4.300000190734863,4.349999904632568,4.300000190734863,4.300000190734863
2009-08-18,200,4.300000190734863,4.300000190734863,4.300000190734863,3.799999952316284,4.300000190734863
2009-08-17,0,4.300000190734863,4.300000190734863,4.300000190734863,4.300000190734863,4.300000190734863
2009-08-14,0,4.300000190734863,4.300000190734863,4.300000190734863,4.300000190734863,4.300000190734863
2009-08-13,1200,4.25,4.300000190734863,4.300000190734863,4.0,4.300000190734863
2009-08-12,300,4.0,4.25,4.25,4.0,4.25
2009-08-11,2300,4.25,4.199999809265137,4.25,4.0,4.199999809265137
2009-08-10,400,4.150000095367432,4.199999809265137,4.199999809265137,4.150000095367432,4.199999809265137
2009-08-07,1000,4.0,4.150000095367432,4.150000095367432,4.0,4.150000095367432
2009-08-06,0,4.0,4.0,4.0,4.0,4.0
2009-08-05,0,4.0,4.0,4.0,4.0,4.0
2009-08-04,1100,4.300000190734863,4.0,4.300000190734863,3.9000000953674316,4.0
2009-08-03,300,4.0,4.0,4.25,3.9000000953674316,4.0
2009-07-31,0,4.300000190734863,4.300000190734863,4.300000190734863,4.300000190734863,4.300000190734863
2009-07-30,900,4.25,4.300000190734863,4.300000190734863,4.0,4.300000190734863
2009-07-29,200,3.9000000953674316,4.300000190734863,4.300000190734863,3.9000000953674316,4.300000190734863
2009-07-28,0,4.25,4.25,4.25,4.25,4.25
2009-07-27,1800,4.25,4.25,4.25,4.25,4.25
2009-07-24,5100,3.950000047683716,4.150000095367432,4.150000095367432,3.799999952316284,4.150000095367432
2009-07-23,2900,3.75,4.050000190734863,4.050000190734863,3.75,4.050000190734863
2009-07-22,0,3.75,4.050000190734863,4.050000190734863,3.75,4.050000190734863
2009-07-21,800,3.75,3.799999952316284,4.050000190734863,3.75,3.799999952316284
2009-07-20,600,4.050000190734863,3.950000047683716,4.050000190734863,3.75,3.950000047683716
2009-07-17,700,3.75,3.75,3.75,3.75,3.75
2009-07-16,400,3.950000047683716,4.0,4.0,3.799999952316284,4.0
2009-07-15,2800,3.950000047683716,3.950000047683716,4.0,3.549999952316284,3.950000047683716
2009-07-14,6300,3.6500000953674316,4.0,4.0,3.5,4.0
2009-07-13,200,3.700000047683716,3.700000047683716,3.700000047683716,3.5,3.700000047683716
2009-07-10,0,3.700000047683716,3.700000047683716,3.700000047683716,3.700000047683716,3.700000047683716
2009-07-09,200,3.700000047683716,3.700000047683716,3.700000047683716,3.700000047683716,3.700000047683716
2009-07-08,0,3.299999952316284,3.299999952316284,3.299999952316284,3.299999952316284,3.299999952316284
2009-07-07,200,3.700000047683716,3.299999952316284,3.700000047683716,3.299999952316284,3.299999952316284
2009-07-06,1400,3.5,3.700000047683716,3.700000047683716,3.0999999046325684,3.700000047683716
2009-07-02,1700,3.450000047683716,3.450000047683716,3.450000047683716,3.4000000953674316,3.450000047683716
2009-07-01,4400,3.200000047683716,3.5,3.5999999046325684,3.0,3.5
2009-06-30,0,3.200000047683716,3.200000047683716,3.200000047683716,3.200000047683716,3.200000047683716
2009-06-29,200,3.200000047683716,3.200000047683716,3.200000047683716,3.200000047683716,3.200000047683716
2009-06-26,400,3.200000047683716,3.200000047683716,3.200000047683716,3.1500000953674316,3.200000047683716
2009-06-25,3100,3.0,3.200000047683716,3.200000047683716,2.950000047683716,3.200000047683716
2009-06-24,2000,2.75,2.700000047683716,3.0999999046325684,2.700000047683716,2.700000047683716
2009-06-23,200,2.799999952316284,2.6500000953674316,2.799999952316284,2.6500000953674316,2.6500000953674316
2009-06-22,400,2.799999952316284,2.799999952316284,2.799999952316284,2.6500000953674316,2.799999952316284
2009-06-19,0,2.799999952316284,2.799999952316284,2.799999952316284,2.799999952316284,2.799999952316284
2009-06-18,2000,2.6500000953674316,2.8499999046325684,2.8499999046325684,2.5,2.8499999046325684
2009-06-17,600,2.8499999046325684,2.8499999046325684,2.8499999046325684,2.5,2.8499999046325684
2009-06-16,0,2.9000000953674316,2.9000000953674316,2.9000000953674316,2.9000000953674316,2.9000000953674316
2009-06-15,500,2.9000000953674316,2.9000000953674316,3.0,2.5,2.9000000953674316
2009-06-12,0,3.0,3.0,3.0,3.0,3.0
2009-06-11,7400,1.350000023841858,3.0,3.1500000953674316,1.350000023841858,3.0
2009-06-10,0,3.200000047683716,3.1500000953674316,3.200000047683716,3.1500000953674316,3.1500000953674316
2009-06-09,0,3.1500000953674316,3.1500000953674316,3.1500000953674316,3.1500000953674316,3.1500000953674316
2009-06-08,700,3.200000047683716,3.1500000953674316,3.200000047683716,2.6500000953674316,3.1500000953674316
2009-06-05,200,3.200000047683716,3.200000047683716,3.200000047683716,2.9000000953674316,3.200000047683716
2009-06-04,0,3.200000047683716,3.200000047683716,3.200000047683716,3.200000047683716,3.200000047683716
2009-06-03,0,3.0999999046325684,3.0999999046325684,3.0999999046325684,3.0999999046325684,3.0999999046325684
2009-06-02,3900,3.0999999046325684,3.0,3.0999999046325684,2.299999952316284,3.0
2009-06-01,500,3.200000047683716,3.0999999046325684,3.200000047683716,2.8499999046325684,3.0999999046325684
2009-05-29,200,3.3499999046325684,3.299999952316284,3.3499999046325684,3.25,3.299999952316284
2009-05-28,300,3.0999999046325684,3.0999999046325684,3.0999999046325684,3.0999999046325684,3.0999999046325684
2009-05-27,100,3.3499999046325684,3.25,3.3499999046325684,3.25,3.25
2009-05-26,900,2.950000047683716,2.8499999046325684,3.3499999046325684,2.8499999046325684,2.8499999046325684
2009-05-22,1600,3.3499999046325684,2.9000000953674316,3.3499999046325684,2.9000000953674316,2.9000000953674316
2009-05-21,1100,3.3499999046325684,3.3499999046325684,3.3499999046325684,2.9000000953674316,3.3499999046325684
2009-05-20,1800,2.9000000953674316,3.299999952316284,3.299999952316284,2.9000000953674316,3.299999952316284
2009-05-19,1700,2.8499999046325684,2.9000000953674316,2.9000000953674316,2.8499999046325684,2.9000000953674316
2009-05-18,0,3.200000047683716,3.200000047683716,3.200000047683716,3.200000047683716,3.200000047683716
2009-05-15,2100,3.200000047683716,3.200000047683716,3.200000047683716,2.5,3.200000047683716
2009-05-14,9200,3.6500000953674316,3.25,3.75,2.8499999046325684,3.25
2009-05-13,400,3.700000047683716,3.25,3.700000047683716,3.25,3.25
2009-05-12,2200,2.4000000953674316,2.6500000953674316,3.0,2.299999952316284,2.6500000953674316
2009-05-11,900,2.299999952316284,2.4000000953674316,2.4000000953674316,2.299999952316284,2.4000000953674316
2009-05-08,2300,2.3499999046325684,2.299999952316284,2.4000000953674316,2.299999952316284,2.299999952316284
2009-05-07,2000,2.4000000953674316,2.4000000953674316,2.4000000953674316,2.4000000953674316,2.4000000953674316
2009-05-06,3500,2.1500000953674316,1.7999999523162842,2.25,1.7999999523162842,1.7999999523162842
2009-05-05,0,1.899999976158142,1.899999976158142,1.899999976158142,1.899999976158142,1.899999976158142
2009-05-04,500,2.049999952316284,1.899999976158142,2.049999952316284,1.850000023841858,1.899999976158142
2009-05-01,0,2.049999952316284,2.049999952316284,2.049999952316284,2.049999952316284,2.049999952316284
2009-04-30,300,1.899999976158142,1.850000023841858,1.899999976158142,1.7999999523162842,1.850000023841858
2009-04-29,0,1.75,1.75,1.75,1.75,1.75
2009-04-28,400,2.049999952316284,1.75,2.049999952316284,1.75,1.75
2009-04-27,700,2.0,2.049999952316284,2.049999952316284,2.0,2.049999952316284
2009-04-24,4500,1.899999976158142,1.9500000476837158,1.9500000476837158,1.899999976158142,1.9500000476837158
2009-04-23,300,1.9500000476837158,1.600000023841858,1.9500000476837158,1.600000023841858,1.600000023841858
2009-04-22,500,1.899999976158142,1.899999976158142,1.899999976158142,1.600000023841858,1.899999976158142
2009-04-21,700,1.7999999523162842,1.9500000476837158,2.1500000953674316,1.5499999523162842,1.9500000476837158
2009-04-20,300,1.5499999523162842,1.5499999523162842,1.75,1.5499999523162842,1.5499999523162842
2009-04-17,2600,1.7000000476837158,1.7999999523162842,1.7999999523162842,1.5499999523162842,1.7999999523162842
2009-04-16,0,1.7000000476837158,1.7000000476837158,1.7000000476837158,1.7000000476837158,1.7000000476837158
2009-04-15,1000,1.75,1.649999976158142,1.75,1.649999976158142,1.649999976158142
2009-04-14,0,1.649999976158142,1.649999976158142,1.649999976158142,1.649999976158142,1.649999976158142
2009-04-13,1200,1.4500000476837158,1.7000000476837158,1.7000000476837158,1.4500000476837158,1.7000000476837158
2009-04-09,0,1.4500000476837158,1.75,1.75,1.4500000476837158,1.75
2009-04-08,2100,1.5,1.75,1.75,1.5,1.75
2009-04-07,1300,1.5499999523162842,1.5,1.5499999523162842,1.5,1.5
2009-04-06,2200,1.350000023841858,1.5,1.5,1.350000023841858,1.5
2009-04-03,900,1.600000023841858,1.5499999523162842,1.600000023841858,1.399999976158142,1.5499999523162842
2009-04-02,0,1.600000023841858,1.600000023841858,1.600000023841858,1.600000023841858,1.600000023841858
2009-04-01,1600,1.4500000476837158,1.600000023841858,1.600000023841858,1.4500000476837158,1.600000023841858
2009-03-31,0,1.7000000476837158,1.7000000476837158,1.7000000476837158,1.7000000476837158,1.7000000476837158
2009-03-30,0,1.7000000476837158,1.7000000476837158,1.7000000476837158,1.7000000476837158,1.7000000476837158
2009-03-27,100,1.2000000476837158,1.7000000476837158,1.7000000476837158,1.2000000476837158,1.7000000476837158
2009-03-26,100,1.75,1.75,1.75,1.75,1.75
2009-03-25,700,1.399999976158142,1.399999976158142,1.399999976158142,1.25,1.399999976158142
2009-03-24,0,1.5499999523162842,1.5499999523162842,1.5499999523162842,1.5499999523162842,1.5499999523162842
2009-03-23,100,1.25,1.5499999523162842,1.5499999523162842,1.25,1.5499999523162842
2009-03-20,200,1.5,1.5499999523162842,1.5499999523162842,1.5,1.5499999523162842
2009-03-19,200,1.2000000476837158,1.5,1.5,1.2000000476837158,1.5
2009-03-18,100,1.5499999523162842,1.5499999523162842,1.5499999523162842,1.5499999523162842,1.5499999523162842
2009-03-17,100,1.149999976158142,1.5,1.5,1.149999976158142,1.5
2009-03-16,100,1.149999976158142,1.5,1.5,1.149999976158142,1.5
2009-03-13,3400,1.25,1.5,1.5,1.149999976158142,1.5
2009-03-12,200,1.0,1.5499999523162842,1.5499999523162842,1.0,1.5499999523162842
2009-03-11,0,1.5499999523162842,1.5499999523162842,1.5499999523162842,1.5499999523162842,1.5499999523162842
2009-03-10,2500,1.25,1.399999976158142,1.600000023841858,1.2000000476837158,1.399999976158142
2009-03-09,1000,1.25,1.25,1.25,1.0499999523162842,1.25
2009-03-06,200,1.399999976158142,1.25,1.399999976158142,1.0,1.25
2009-03-05,0,1.5,1.5,1.5,1.5,1.5
2009-03-04,800,1.75,1.5,1.75,1.25,1.5
2009-03-03,1500,1.4500000476837158,1.5499999523162842,1.7999999523162842,1.399999976158142,1.5499999523162842
2009-03-02,1300,1.4500000476837158,1.5,1.5,1.399999976158142,1.5
2009-02-27,100,1.5,1.7999999523162842,1.7999999523162842,1.5,1.7999999523162842
2009-02-26,0,1.7999999523162842,1.7999999523162842,1.7999999523162842,1.7999999523162842,1.7999999523162842
2009-02-25,100,1.7999999523162842,1.7999999523162842,1.7999999523162842,1.7999999523162842,1.7999999523162842
2009-02-24,300,1.4500000476837158,1.7000000476837158,1.7000000476837158,1.4500000476837158,1.7000000476837158
2009-02-23,600,1.4500000476837158,1.7000000476837158,1.7000000476837158,1.4500000476837158,1.7000000476837158
2009-02-20,500,1.4500000476837158,1.7999999523162842,1.7999999523162842,1.4500000476837158,1.7999999523162842
2009-02-19,600,1.75,1.7999999523162842,1.7999999523162842,1.4500000476837158,1.7999999523162842
2009-02-18,300,1.600000023841858,1.7000000476837158,2.0,1.600000023841858,1.7000000476837158
2009-02-17,200,2.1500000953674316,2.1500000953674316,2.1500000953674316,2.1500000953674316,2.1500000953674316
2009-02-13,900,1.7000000476837158,2.0,2.049999952316284,1.7000000476837158,2.0
2009-02-12,0,1.7999999523162842,1.7999999523162842,1.7999999523162842,1.7999999523162842,1.7999999523162842
2009-02-11,2400,2.1500000953674316,1.7999999523162842,2.1500000953674316,1.600000023841858,1.7999999523162842
2009-02-10,0,2.1500000953674316,2.1500000953674316,2.1500000953674316,2.1500000953674316,2.1500000953674316
2009-02-09,400,1.7000000476837158,1.7999999523162842,1.7999999523162842,1.600000023841858,1.7999999523162842
2009-02-06,2200,2.3499999046325684,1.75,2.3499999046325684,1.5,1.75
2009-02-05,1700,2.3499999046325684,1.7999999523162842,2.3499999046325684,1.7999999523162842,1.7999999523162842
2009-02-04,2900,2.4000000953674316,1.5,2.4000000953674316,1.4500000476837158,1.5
2009-02-03,100,1.75,1.75,1.75,1.75,1.75
2009-02-02,1500,1.7000000476837158,1.899999976158142,1.899999976158142,1.7000000476837158,1.899999976158142
2009-01-30,0,2.4000000953674316,2.4000000953674316,2.4000000953674316,2.4000000953674316,2.4000000953674316
2009-01-29,0,2.200000047683716,2.200000047683716,2.200000047683716,2.200000047683716,2.200000047683716
2009-01-28,1000,1.4500000476837158,2.0999999046325684,2.0999999046325684,1.4500000476837158,2.0999999046325684
2009-01-27,800,2.4000000953674316,2.0,2.4000000953674316,1.899999976158142,2.0
2009-01-26,0,1.850000023841858,1.850000023841858,1.850000023841858,1.850000023841858,1.850000023841858
2009-01-23,1000,1.9500000476837158,1.649999976158142,1.9500000476837158,1.649999976158142,1.649999976158142
2009-01-22,0,1.7999999523162842,1.7999999523162842,1.7999999523162842,1.7999999523162842,1.7999999523162842
2009-01-21,1200,1.5,1.7999999523162842,1.7999999523162842,1.5,1.7999999523162842
2009-01-20,800,1.649999976158142,1.850000023841858,1.850000023841858,1.4500000476837158,1.850000023841858
2009-01-16,500,1.7000000476837158,1.649999976158142,1.7000000476837158,1.649999976158142,1.649999976158142
2009-01-15,1200,1.600000023841858,1.7999999523162842,1.7999999523162842,1.600000023841858,1.7999999523162842
2009-01-14,400,1.649999976158142,1.600000023841858,1.649999976158142,1.600000023841858,1.600000023841858
2009-01-13,1000,1.649999976158142,1.7999999523162842,1.7999999523162842,1.600000023841858,1.7999999523162842
2009-01-12,0,1.649999976158142,1.649999976158142,1.649999976158142,1.649999976158142,1.649999976158142
2009-01-09,300,2.0,1.9500000476837158,2.0,1.9500000476837158,1.9500000476837158
2009-01-08,0,1.850000023841858,1.850000023841858,1.850000023841858,1.850000023841858,1.850000023841858
2009-01-07,200,2.0,1.850000023841858,2.0,1.850000023841858,1.850000023841858
2009-01-06,200,1.600000023841858,1.600000023841858,1.600000023841858,1.600000023841858,1.600000023841858
2009-01-05,200,1.600000023841858,1.600000023841858,1.600000023841858,1.600000023841858,1.600000023841858
2009-01-02,1400,1.5499999523162842,1.5499999523162842,1.7000000476837158,1.5499999523162842,1.5499999523162842
2008-12-31,5800,1.9500000476837158,1.5499999523162842,1.9500000476837158,1.5,1.5499999523162842
2008-12-30,1700,1.5,1.649999976158142,1.7000000476837158,1.4500000476837158,1.649999976158142
2008-12-29,5300,1.5499999523162842,1.5,1.5499999523162842,1.4500000476837158,1.5
2008-12-26,2200,1.5499999523162842,1.5499999523162842,1.5499999523162842,1.399999976158142,1.5499999523162842
2008-12-24,0,1.649999976158142,1.649999976158142,1.649999976158142,1.649999976158142,1.649999976158142
2008-12-23,1300,1.600000023841858,1.649999976158142,1.649999976158142,1.5,1.649999976158142
2008-12-22,8300,1.5,1.600000023841858,2.0,1.5,1.600000023841858
2008-12-19,400,1.5,1.600000023841858,1.9500000476837158,1.5,1.600000023841858
2008-12-18,600,1.5,1.5,1.5,1.5,1.5
2008-12-17,700,1.399999976158142,1.899999976158142,1.899999976158142,1.399999976158142,1.899999976158142
2008-12-16,0,2.0,2.0,2.0,2.0,2.0
2008-12-15,1400,1.399999976158142,1.399999976158142,1.399999976158142,1.399999976158142,1.399999976158142
2008-12-12,100,1.350000023841858,1.399999976158142,1.399999976158142,1.350000023841858,1.399999976158142
2008-12-11,2800,1.399999976158142,2.25,2.25,1.2999999523162842,2.25
2008-12-10,0,1.399999976158142,1.399999976158142,1.399999976158142,1.399999976158142,1.399999976158142
2008-12-09,2000,1.5,1.649999976158142,1.649999976158142,1.399999976158142,1.649999976158142
2008-12-08,700,1.9500000476837158,1.5,1.9500000476837158,1.399999976158142,1.5
2008-12-05,800,1.9500000476837158,1.399999976158142,1.9500000476837158,1.399999976158142,1.399999976158142
2008-12-04,1300,1.600000023841858,1.399999976158142,1.600000023841858,1.399999976158142,1.399999976158142
2008-12-03,0,1.75,1.75,1.75,1.75,1.75
2008-12-02,8500,1.5,1.75,1.7999999523162842,1.5,1.75
2008-12-01,0,1.75,1.75,1.75,1.75,1.75
2008-11-28,0,1.75,1.75,1.75,1.75,1.75
2008-11-26,0,1.7000000476837158,1.7000000476837158,1.7000000476837158,1.7000000476837158,1.7000000476837158
2008-11-25,900,1.7000000476837158,1.7000000476837158,1.75,1.7000000476837158,1.7000000476837158
2008-11-24,0,1.4500000476837158,1.4500000476837158,1.4500000476837158,1.4500000476837158,1.4500000476837158
2008-11-21,700,1.399999976158142,1.4500000476837158,1.4500000476837158,1.399999976158142,1.4500000476837158
2008-11-20,1500,1.7000000476837158,1.399999976158142,1.7999999523162842,1.399999976158142,1.399999976158142
2008-11-19,0,1.649999976158142,1.649999976158142,1.649999976158142,1.649999976158142,1.649999976158142
2008-11-18,700,1.399999976158142,1.649999976158142,1.649999976158142,1.399999976158142,1.649999976158142
2008-11-17,3900,2.450000047683716,1.75,2.450000047683716,1.75,1.75
2008-11-14,1900,1.75,2.0,2.0,1.75,2.0
2008-11-13,500,1.5499999523162842,1.7999999523162842,1.7999999523162842,1.5499999523162842,1.7999999523162842
2008-11-12,0,1.850000023841858,1.850000023841858,1.850000023841858,1.850000023841858,1.850000023841858
2008-11-11,0,1.850000023841858,1.850000023841858,1.850000023841858,1.850000023841858,1.850000023841858
2008-11-10,5600,1.899999976158142,1.850000023841858,2.0,1.850000023841858,1.850000023841858
2008-11-07,0,1.899999976158142,1.899999976158142,1.899999976158142,1.899999976158142,1.899999976158142
2008-11-06,0,1.899999976158142,1.899999976158142,1.899999976158142,1.899999976158142,1.899999976158142
2008-11-05,200,1.7000000476837158,1.899999976158142,1.899999976158142,1.7000000476837158,1.899999976158142
2008-11-04,10000,1.850000023841858,2.049999952316284,2.049999952316284,1.5,2.049999952316284
2008-11-03,0,1.9500000476837158,1.9500000476837158,1.9500000476837158,1.9500000476837158,1.9500000476837158
2008-10-31,1000,1.9500000476837158,1.9500000476837158,1.9500000476837158,1.9500000476837158,1.9500000476837158
2008-10-30,0,1.9500000476837158,1.9500000476837158,1.9500000476837158,1.9500000476837158,1.9500000476837158
2008-10-29,0,1.9500000476837158,1.9500000476837158,1.9500000476837158,1.850000023841858,1.9500000476837158
2008-10-28,0,1.9500000476837158,1.9500000476837158,1.9500000476837158,1.9500000476837158,1.9500000476837158
2008-10-27,2900,2.049999952316284,1.9500000476837158,2.200000047683716,1.9500000476837158,1.9500000476837158
2008-10-24,0,1.7999999523162842,1.7999999523162842,1.7999999523162842,1.7999999523162842,1.7999999523162842
2008-10-23,200,1.7000000476837158,1.7999999523162842,1.7999999523162842,1.7000000476837158,1.7999999523162842
2008-10-22,3200,2.0,2.200000047683716,2.200000047683716,1.9500000476837158,2.200000047683716
2008-10-21,11700,1.899999976158142,2.0,2.0,1.2999999523162842,2.0
2008-10-20,1100,1.5499999523162842,2.5,2.5,1.5499999523162842,2.5
2008-10-17,700,2.200000047683716,2.25,2.25,2.049999952316284,2.25
2008-10-16,600,2.4000000953674316,2.0999999046325684,2.4000000953674316,1.899999976158142,2.0999999046325684
2008-10-15,0,2.4000000953674316,2.4000000953674316,2.4000000953674316,2.4000000953674316,2.4000000953674316
2008-10-14,400,2.0,2.0,2.0,2.0,2.0
2008-10-13,700,2.25,1.899999976158142,2.25,1.899999976158142,1.899999976158142
2008-10-10,500,1.9500000476837158,2.0,2.0999999046325684,1.5,2.0
2008-10-09,2100,1.7999999523162842,1.75,1.7999999523162842,1.5,1.75
2008-10-08,0,2.200000047683716,2.200000047683716,2.200000047683716,2.200000047683716,2.200000047683716
2008-10-07,3300,2.049999952316284,2.200000047683716,2.200000047683716,2.0,2.200000047683716
2008-10-06,9400,2.0,1.9500000476837158,2.0,1.5,1.9500000476837158
2008-10-03,200,2.299999952316284,2.4000000953674316,2.4000000953674316,2.299999952316284,2.4000000953674316
2008-10-02,200,3.200000047683716,2.0999999046325684,3.200000047683716,1.850000023841858,2.0999999046325684
2008-10-01,800,2.25,2.1500000953674316,2.25,1.850000023841858,2.1500000953674316
2008-09-30,3200,2.049999952316284,2.0999999046325684,2.299999952316284,0.8500000238418579,2.0999999046325684
2008-09-29,5500,3.3499999046325684,2.25,3.3499999046325684,0.8500000238418579,2.25
2008-09-26,800,2.3499999046325684,2.5,2.5,2.299999952316284,2.5
2008-09-25,300,2.5,2.450000047683716,2.5,2.3499999046325684,2.450000047683716
2008-09-24,6500,2.6500000953674316,2.5,2.6500000953674316,2.5,2.5
2008-09-23,600,2.5999999046325684,2.6500000953674316,2.6500000953674316,2.5999999046325684,2.6500000953674316
2008-09-22,200,2.75,2.75,2.75,2.75,2.75
2008-09-19,200,2.5999999046325684,2.5999999046325684,2.5999999046325684,2.5999999046325684,2.5999999046325684
2008-09-18,2400,2.6500000953674316,2.5999999046325684,2.6500000953674316,2.5999999046325684,2.5999999046325684
2008-09-17,200,2.5999999046325684,2.700000047683716,2.700000047683716,2.5999999046325684,2.700000047683716
2008-09-16,1000,5.150000095367432,2.5,5.150000095367432,2.5,2.5
2008-09-15,600,2.5,2.700000047683716,2.700000047683716,2.5,2.700000047683716
2008-09-12,1900,2.5,2.5999999046325684,2.6500000953674316,2.4000000953674316,2.5999999046325684
2008-09-11,14800,2.3499999046325684,2.5,2.5,2.3499999046325684,2.5
2008-09-10,200,2.5,2.5,2.5,2.5,2.5
2008-09-09,0,2.700000047683716,2.700000047683716,2.700000047683716,2.700000047683716,2.700000047683716
2008-09-08,0,2.700000047683716,2.700000047683716,2.700000047683716,2.700000047683716,2.700000047683716
2008-09-05,0,2.700000047683716,2.700000047683716,2.700000047683716,2.700000047683716,2.700000047683716
2008-09-04,7200,2.549999952316284,2.700000047683716,2.799999952316284,2.25,2.700000047683716
2008-09-03,2600,2.75,2.75,2.75,2.75,2.75
2008-09-02,2700,2.8499999046325684,2.8499999046325684,2.8499999046325684,2.75,2.8499999046325684
2008-08-29,0,3.0999999046325684,3.0999999046325684,3.0999999046325684,3.0999999046325684,3.0999999046325684
2008-08-28,0,2.8499999046325684,3.0999999046325684,3.0999999046325684,2.8499999046325684,3.0999999046325684
2008-08-27,1600,3.0999999046325684,3.049999952316284,3.1500000953674316,2.549999952316284,3.049999952316284
2008-08-26,2600,3.049999952316284,3.0999999046325684,3.0999999046325684,2.5,3.0999999046325684
2008-08-25,1200,3.0,3.0999999046325684,3.0999999046325684,3.0,3.0999999046325684
2008-08-22,700,3.299999952316284,3.0999999046325684,3.299999952316284,3.0999999046325684,3.0999999046325684
2008-08-21,3100,3.4000000953674316,3.25,3.450000047683716,3.25,3.25
2008-08-20,0,3.25,3.25,3.25,3.25,3.25
2008-08-19,2100,3.25,3.25,3.25,3.25,3.25
2008-08-18,3200,3.1500000953674316,3.299999952316284,3.299999952316284,3.1500000953674316,3.299999952316284
2008-08-15,900,3.5,3.299999952316284,3.5,3.25,3.299999952316284
2008-08-14,1200,3.1500000953674316,3.4000000953674316,3.5999999046325684,3.1500000953674316,3.4000000953674316
2008-08-13,900,3.5,3.200000047683716,3.549999952316284,3.200000047683716,3.200000047683716
2008-08-12,0,3.25,3.25,3.25,3.25,3.25
2008-08-11,2000,3.1500000953674316,3.1500000953674316,3.1500000953674316,3.1500000953674316,3.1500000953674316
2008-08-08,500,3.200000047683716,3.25,3.25,3.1500000953674316,3.25
2008-08-07,300,3.1500000953674316,3.1500000953674316,3.1500000953674316,3.1500000953674316,3.1500000953674316
2008-08-06,500,3.5,3.25,3.5,3.1500000953674316,3.25
2008-08-05,1800,3.299999952316284,3.25,3.299999952316284,3.25,3.25
2008-08-04,0,3.450000047683716,3.450000047683716,3.450000047683716,3.450000047683716,3.450000047683716
2008-08-01,0,3.450000047683716,3.450000047683716,3.450000047683716,3.450000047683716,3.450000047683716
2008-07-31,200,3.25,3.450000047683716,3.450000047683716,3.25,3.450000047683716
2008-07-30,200,3.200000047683716,3.200000047683716,3.25,3.200000047683716,3.200000047683716
2008-07-29,400,3.5,3.5,3.5,3.5,3.5
2008-07-28,800,3.4000000953674316,3.5,3.5,3.4000000953674316,3.5
2008-07-25,0,3.6500000953674316,3.6500000953674316,3.6500000953674316,3.6500000953674316,3.6500000953674316
2008-07-24,1200,3.4000000953674316,3.6500000953674316,3.6500000953674316,3.4000000953674316,3.6500000953674316
2008-07-23,1400,3.5999999046325684,3.549999952316284,3.5999999046325684,3.549999952316284,3.549999952316284
2008-07-22,2200,3.5999999046325684,3.5999999046325684,3.5999999046325684,3.5999999046325684,3.5999999046325684
2008-07-21,1000,3.5999999046325684,3.700000047683716,3.700000047683716,3.5999999046325684,3.700000047683716
2008-07-18,4100,3.75,3.75,3.75,3.5999999046325684,3.75
2008-07-17,500,3.75,3.700000047683716,3.75,3.5999999046325684,3.700000047683716
2008-07-16,1000,3.25,3.549999952316284,3.549999952316284,3.200000047683716,3.549999952316284
2008-07-15,0,3.25,3.25,3.25,3.25,3.25
2008-07-14,1000,3.9000000953674316,3.5,3.9000000953674316,3.5,3.5
2008-07-11,5100,3.299999952316284,3.5,3.5,3.25,3.5
2008-07-10,3400,3.5999999046325684,3.5,3.6500000953674316,3.200000047683716,3.5
2008-07-09,0,3.700000047683716,3.700000047683716,3.700000047683716,3.700000047683716,3.700000047683716
2008-07-08,1200,3.75,3.700000047683716,3.75,3.5999999046325684,3.700000047683716
2008-07-07,400,3.9000000953674316,3.9000000953674316,3.9000000953674316,3.8499999046325684,3.9000000953674316
2008-07-03,900,4.0,3.9000000953674316,4.150000095367432,3.9000000953674316,3.9000000953674316
2008-07-02,600,4.150000095367432,3.9000000953674316,4.150000095367432,3.75,3.9000000953674316
2008-07-01,3900,3.5,3.5,3.8499999046325684,3.5,3.5
2008-06-30,1100,3.549999952316284,3.5,3.549999952316284,3.5,3.5
2008-06-27,6100,3.700000047683716,3.549999952316284,3.700000047683716,3.450000047683716,3.549999952316284
2008-06-26,1000,3.799999952316284,3.799999952316284,3.799999952316284,3.799999952316284,3.799999952316284
2008-06-25,700,3.950000047683716,3.700000047683716,3.950000047683716,3.700000047683716,3.700000047683716
2008-06-24,700,3.549999952316284,3.75,3.75,3.549999952316284,3.75
2008-06-23,2300,3.6500000953674316,3.5999999046325684,3.6500000953674316,3.5999999046325684,3.5999999046325684
2008-06-20,700,3.5,3.6500000953674316,3.6500000953674316,3.5,3.6500000953674316
2008-06-19,2500,3.5,3.6500000953674316,3.700000047683716,3.5,3.6500000953674316
2008-06-18,3500,3.700000047683716,3.6500000953674316,3.700000047683716,3.5,3.6500000953674316
2008-06-17,1400,3.75,3.549999952316284,3.75,3.549999952316284,3.549999952316284
2008-06-16,3100,3.3499999046325684,3.799999952316284,3.799999952316284,3.3499999046325684,3.799999952316284
2008-06-13,9700,3.5,3.5999999046325684,3.700000047683716,3.25,3.5999999046325684
2008-06-12,14100,3.0,3.5,3.6500000953674316,3.0,3.5
2008-06-11,10300,4.050000190734863,3.950000047683716,4.349999904632568,3.799999952316284,3.950000047683716
2008-06-10,0,4.849999904632568,4.849999904632568,4.849999904632568,4.849999904632568,4.849999904632568
2008-06-09,1800,4.400000095367432,4.400000095367432,4.400000095367432,4.050000190734863,4.400000095367432
2008-06-06,5700,4.5,4.349999904632568,4.599999904632568,4.150000095367432,4.349999904632568
2008-06-05,5000,4.400000095367432,4.75,4.75,4.349999904632568,4.75
2008-06-04,200,4.699999809265137,4.449999809265137,4.699999809265137,4.449999809265137,4.449999809265137
2008-06-03,100,4.5,4.5,4.5,4.5,4.5
2008-06-02,3300,4.75,4.449999809265137,4.849999904632568,4.400000095367432,4.449999809265137
2008-05-30,400,4.75,4.849999904632568,4.849999904632568,4.75,4.849999904632568
2008-05-29,3200,4.699999809265137,4.599999904632568,4.75,4.300000190734863,4.599999904632568
2008-05-28,3100,4.949999809265137,4.75,4.949999809265137,4.650000095367432,4.75
2008-05-27,500,4.949999809265137,5.0,5.0,4.949999809265137,5.0
2008-05-23,100,4.75,4.949999809265137,4.949999809265137,4.75,4.949999809265137
2008-05-22,1700,4.699999809265137,4.949999809265137,4.949999809265137,4.699999809265137,4.949999809265137
2008-05-21,100,4.650000095367432,4.650000095367432,4.650000095367432,4.650000095367432,4.650000095367432
2008-05-20,8700,4.650000095367432,4.650000095367432,4.699999809265137,4.599999904632568,4.650000095367432
2008-05-19,9200,4.650000095367432,4.699999809265137,5.0,4.300000190734863,4.699999809265137
2008-05-16,2700,4.650000095367432,4.900000095367432,5.0,4.599999904632568,4.900000095367432
2008-05-15,2400,4.900000095367432,4.900000095367432,4.949999809265137,4.599999904632568,4.900000095367432
2008-05-14,8400,5.050000190734863,4.699999809265137,5.349999904632568,4.650000095367432,4.699999809265137
2008-05-13,7400,5.0,5.0,5.199999809265137,4.900000095367432,5.0
2008-05-12,1300,5.150000095367432,4.900000095367432,5.199999809265137,4.900000095367432,4.900000095367432
2008-05-09,1800,5.25,5.199999809265137,5.25,5.099999904632568,5.199999809265137
2008-05-08,4900,4.849999904632568,5.099999904632568,5.099999904632568,4.75,5.099999904632568
2008-05-07,0,4.849999904632568,4.849999904632568,4.849999904632568,4.849999904632568,4.849999904632568
2008-05-06,1200,4.800000190734863,4.949999809265137,4.949999809265137,4.800000190734863,4.949999809265137
2008-05-05,1700,5.25,4.949999809265137,5.25,4.900000095367432,4.949999809265137
2008-05-02,11000,4.75,5.150000095367432,5.25,4.699999809265137,5.150000095367432
2008-05-01,2000,4.849999904632568,4.849999904632568,4.900000095367432,4.800000190734863,4.849999904632568
2008-04-30,3000,4.800000190734863,4.949999809265137,5.0,4.800000190734863,4.949999809265137
2008-04-29,800,4.599999904632568,4.75,4.900000095367432,4.599999904632568,4.75
2008-04-28,1800,5.0,4.849999904632568,5.050000190734863,4.849999904632568,4.849999904632568
2008-04-25,100,5.050000190734863,5.0,5.050000190734863,5.0,5.0
2008-04-24,3400,4.650000095367432,4.949999809265137,4.949999809265137,4.650000095367432,4.949999809265137
2008-04-23,2000,4.75,4.599999904632568,4.75,4.599999904632568,4.599999904632568
2008-04-22,5800,4.599999904632568,4.550000190734863,4.599999904632568,4.300000190734863,4.550000190734863
2008-04-21,1000,4.75,4.75,4.75,4.699999809265137,4.75
2008-04-18,8700,4.75,4.75,4.949999809265137,4.550000190734863,4.75
2008-04-17,2100,4.699999809265137,4.800000190734863,4.800000190734863,4.650000095367432,4.800000190734863
2008-04-16,6500,4.650000095367432,4.599999904632568,4.949999809265137,4.599999904632568,4.599999904632568
2008-04-15,7800,5.0,4.699999809265137,5.0,4.300000190734863,4.699999809265137
2008-04-14,10600,4.949999809265137,4.5,4.949999809265137,4.5,4.5
2008-04-11,1500,4.949999809265137,5.0,5.050000190734863,4.949999809265137,5.0
2008-04-10,1800,4.949999809265137,5.050000190734863,5.050000190734863,4.949999809265137,5.050000190734863
2008-04-09,4100,4.949999809265137,5.050000190734863,5.150000095367432,4.949999809265137,5.050000190734863
2008-04-08,10400,5.099999904632568,5.099999904632568,5.099999904632568,4.949999809265137,5.099999904632568
2008-04-07,7000,5.099999904632568,5.300000190734863,5.300000190734863,5.0,5.300000190734863
2008-04-04,3700,5.099999904632568,5.099999904632568,5.150000095367432,5.099999904632568,5.099999904632568
2008-04-03,1200,5.099999904632568,5.25,5.25,5.099999904632568,5.25
2008-04-02,1400,5.150000095367432,5.150000095367432,5.150000095367432,5.099999904632568,5.150000095367432
2008-04-01,2500,5.099999904632568,5.150000095367432,5.150000095367432,5.099999904632568,5.150000095367432
2008-03-31,2700,5.099999904632568,5.25,5.25,5.099999904632568,5.25
2008-03-28,200,5.099999904632568,5.099999904632568,5.099999904632568,5.099999904632568,5.099999904632568
2008-03-27,200,5.099999904632568,5.099999904632568,5.099999904632568,5.099999904632568,5.099999904632568
2008-03-26,0,5.099999904632568,5.099999904632568,5.099999904632568,5.099999904632568,5.099999904632568
2008-03-25,400,5.25,5.099999904632568,5.25,5.099999904632568,5.099999904632568
2008-03-24,800,5.25,5.099999904632568,5.25,5.099999904632568,5.099999904632568
2008-03-20,100,5.150000095367432,5.099999904632568,5.150000095367432,5.099999904632568,5.099999904632568
2008-03-19,0,5.150000095367432,5.150000095367432,5.150000095367432,5.150000095367432,5.150000095367432
2008-03-18,3000,5.0,5.25,5.699999809265137,5.0,5.25
2008-03-17,4900,5.099999904632568,5.099999904632568,5.150000095367432,5.050000190734863,5.099999904632568
2008-03-14,900,5.050000190734863,5.099999904632568,5.099999904632568,5.050000190734863,5.099999904632568
2008-03-13,1300,5.0,5.099999904632568,5.099999904632568,5.0,5.099999904632568
2008-03-12,1900,5.0,5.0,5.050000190734863,5.0,5.0
2008-03-11,1000,5.050000190734863,5.050000190734863,5.050000190734863,5.0,5.050000190734863
2008-03-10,2700,5.099999904632568,5.199999809265137,5.199999809265137,5.099999904632568,5.199999809265137
2008-03-07,600,5.0,5.099999904632568,5.199999809265137,5.0,5.099999904632568
2008-03-06,2400,5.050000190734863,5.0,5.050000190734863,5.0,5.0
2008-03-05,1600,5.300000190734863,5.150000095367432,5.300000190734863,5.150000095367432,5.150000095367432
2008-03-04,3700,5.199999809265137,5.099999904632568,5.199999809265137,5.050000190734863,5.099999904632568
2008-03-03,600,5.099999904632568,5.099999904632568,5.099999904632568,5.099999904632568,5.099999904632568
2008-02-29,2900,5.699999809265137,5.099999904632568,5.699999809265137,5.0,5.099999904632568
2008-02-28,1200,5.0,5.099999904632568,5.099999904632568,5.0,5.099999904632568
2008-02-27,3100,5.050000190734863,5.099999904632568,5.099999904632568,5.0,5.099999904632568
2008-02-26,3200,5.099999904632568,5.0,5.099999904632568,5.0,5.0
2008-02-25,900,5.150000095367432,5.199999809265137,5.199999809265137,5.150000095367432,5.199999809265137
2008-02-22,2800,5.099999904632568,5.0,5.099999904632568,5.0,5.0
2008-02-21,200,5.099999904632568,5.0,5.099999904632568,5.0,5.0
2008-02-20,1400,5.150000095367432,5.099999904632568,5.199999809265137,5.050000190734863,5.099999904632568
2008-02-19,6900,5.400000095367432,5.150000095367432,5.400000095367432,4.949999809265137,5.150000095367432
2008-02-15,900,5.449999809265137,5.199999809265137,5.449999809265137,5.199999809265137,5.199999809265137
2008-02-14,17300,5.5,5.349999904632568,6.0,5.0,5.349999904632568
2008-02-13,2800,5.449999809265137,5.650000095367432,5.650000095367432,5.400000095367432,5.650000095367432
2008-02-12,2900,5.300000190734863,5.349999904632568,5.400000095367432,5.300000190734863,5.349999904632568
2008-02-11,4600,5.349999904632568,5.400000095367432,5.5,5.25,5.400000095367432
2008-02-08,1200,5.5,5.349999904632568,5.5,5.300000190734863,5.349999904632568
2008-02-07,1800,5.5,5.300000190734863,5.5,5.300000190734863,5.300000190734863
2008-02-06,5200,5.199999809265137,5.400000095367432,5.5,5.199999809265137,5.400000095367432
2008-02-05,1800,5.099999904632568,5.0,5.099999904632568,5.0,5.0
2008-02-04,0,4.900000095367432,5.050000190734863,5.050000190734863,4.900000095367432,5.050000190734863
2008-02-01,3000,5.0,5.099999904632568,5.199999809265137,4.949999809265137,5.099999904632568
2008-01-31,4400,4.949999809265137,5.0,5.0,4.849999904632568,5.0
2008-01-30,300,4.949999809265137,5.0,5.0,4.949999809265137,5.0
2008-01-29,1700,5.050000190734863,5.050000190734863,5.099999904632568,4.949999809265137,5.050000190734863
2008-01-28,100,4.949999809265137,5.0,5.0,4.949999809265137,5.0
2008-01-25,1600,4.949999809265137,4.949999809265137,5.0,4.949999809265137,4.949999809265137
2008-01-24,900,5.0,4.949999809265137,5.050000190734863,4.949999809265137,4.949999809265137
2008-01-23,4500,5.0,4.949999809265137,5.25,4.949999809265137,4.949999809265137
2008-01-22,1500,4.900000095367432,5.150000095367432,5.150000095367432,4.900000095367432,5.150000095367432
2008-01-18,3500,5.099999904632568,5.099999904632568,5.25,4.949999809265137,5.099999904632568
2008-01-17,400,5.099999904632568,5.25,5.25,5.0,5.25
2008-01-16,2000,5.349999904632568,5.099999904632568,5.349999904632568,5.050000190734863,5.099999904632568
2008-01-15,2000,5.050000190734863,5.099999904632568,5.349999904632568,5.050000190734863,5.099999904632568
2008-01-14,2000,5.150000095367432,5.199999809265137,5.199999809265137,5.150000095367432,5.199999809265137
2008-01-11,4700,5.050000190734863,5.25,5.25,5.050000190734863,5.25
2008-01-10,4500,5.199999809265137,5.150000095367432,5.199999809265137,5.0,5.150000095367432
2008-01-09,5200,5.25,5.099999904632568,5.25,5.0,5.099999904632568
2008-01-08,400,5.25,5.25,5.25,5.199999809265137,5.25
2008-01-07,1200,5.25,5.25,5.25,5.25,5.25
2008-01-04,700,5.199999809265137,5.199999809265137,5.25,5.199999809265137,5.199999809265137
2008-01-03,600,5.400000095367432,5.449999809265137,5.449999809265137,5.400000095367432,5.449999809265137
2008-01-02,300,5.050000190734863,5.150000095367432,5.199999809265137,5.050000190734863,5.150000095367432
2007-12-31,5400,5.050000190734863,5.150000095367432,5.150000095367432,5.050000190734863,5.150000095367432
2007-12-28,4100,5.25,5.199999809265137,5.349999904632568,5.050000190734863,5.199999809265137
2007-12-27,5300,5.199999809265137,5.25,5.349999904632568,5.050000190734863,5.25
2007-12-26,2500,5.099999904632568,5.150000095367432,5.300000190734863,5.050000190734863,5.150000095367432
2007-12-24,2100,5.25,5.150000095367432,5.349999904632568,5.150000095367432,5.150000095367432
2007-12-21,1100,5.150000095367432,5.25,5.349999904632568,5.150000095367432,5.25
2007-12-20,500,5.449999809265137,5.349999904632568,5.5,5.150000095367432,5.349999904632568
2007-12-19,15200,5.349999904632568,5.400000095367432,5.5,5.150000095367432,5.400000095367432
2007-12-18,1700,5.599999904632568,5.550000190734863,5.75,5.5,5.550000190734863
2007-12-17,2600,5.599999904632568,5.5,5.599999904632568,5.400000095367432,5.5
2007-12-14,4000,5.849999904632568,5.599999904632568,6.050000190734863,5.599999904632568,5.599999904632568
2007-12-13,1500,5.650000095367432,5.599999904632568,5.650000095367432,5.599999904632568,5.599999904632568
2007-12-12,600,5.650000095367432,5.599999904632568,5.650000095367432,5.599999904632568,5.599999904632568
2007-12-11,1100,5.550000190734863,5.599999904632568,5.650000095367432,5.5,5.599999904632568
2007-12-10,6000,5.699999809265137,5.949999809265137,5.949999809265137,5.300000190734863,5.949999809265137
2007-12-07,1200,5.849999904632568,5.800000190734863,5.849999904632568,5.800000190734863,5.800000190734863
2007-12-06,2200,5.949999809265137,5.75,5.949999809265137,5.75,5.75
2007-12-05,1800,6.099999904632568,6.050000190734863,6.099999904632568,5.800000190734863,6.050000190734863
2007-12-04,4100,5.5,6.099999904632568,6.099999904632568,5.5,6.099999904632568
2007-12-03,0,5.650000095367432,5.650000095367432,5.650000095367432,5.650000095367432,5.650000095367432
2007-11-30,6200,5.449999809265137,5.650000095367432,5.849999904632568,5.449999809265137,5.650000095367432
2007-11-29,1400,5.400000095367432,5.550000190734863,5.599999904632568,5.300000190734863,5.550000190734863
2007-11-28,8800,5.5,5.599999904632568,5.699999809265137,5.349999904632568,5.599999904632568
2007-11-27,4500,5.699999809265137,5.550000190734863,5.800000190734863,5.5,5.550000190734863
2007-11-26,5000,6.050000190734863,5.699999809265137,6.050000190734863,5.599999904632568,5.699999809265137
2007-11-23,100,6.050000190734863,6.050000190734863,6.050000190734863,6.050000190734863,6.050000190734863
2007-11-21,1200,5.949999809265137,6.050000190734863,6.050000190734863,5.949999809265137,6.050000190734863
2007-11-20,8600,6.25,5.949999809265137,6.25,5.900000095367432,5.949999809265137
2007-11-19,12900,6.599999904632568,6.0,7.0,6.0,6.0
2007-11-16,2800,6.550000190734863,6.400000095367432,6.599999904632568,6.400000095367432,6.400000095367432
2007-11-15,3800,6.900000095367432,6.800000190734863,6.949999809265137,6.5,6.800000190734863
2007-11-14,12100,6.800000190734863,6.599999904632568,6.800000190734863,5.900000095367432,6.599999904632568
2007-11-13,400,6.699999809265137,6.75,6.75,6.699999809265137,6.75
2007-11-12,14000,7.150000095367432,6.650000095367432,7.5,6.650000095367432,6.650000095367432
2007-11-09,6300,6.599999904632568,6.5,6.599999904632568,5.800000190734863,6.5
2007-11-08,4500,6.75,6.699999809265137,6.75,6.550000190734863,6.699999809265137
2007-11-07,3600,6.900000095367432,7.0,7.0,6.900000095367432,7.0
2007-11-06,3200,6.800000190734863,6.949999809265137,6.949999809265137,6.650000095367432,6.949999809265137
2007-11-05,2800,6.849999904632568,6.900000095367432,7.0,6.800000190734863,6.900000095367432
2007-11-02,0,6.849999904632568,6.849999904632568,6.849999904632568,6.849999904632568,6.849999904632568
2007-11-01,1900,7.0,6.849999904632568,7.0,6.800000190734863,6.849999904632568
2007-10-31,2200,6.949999809265137,7.0,7.0,6.849999904632568,7.0
2007-10-30,3200,7.0,7.0,7.25,6.900000095367432,7.0
2007-10-29,600,6.949999809265137,7.0,7.099999904632568,6.900000095367432,7.0
2007-10-26,600,7.099999904632568,7.150000095367432,7.449999809265137,7.099999904632568,7.150000095367432
2007-10-25,1400,7.199999809265137,7.199999809265137,7.199999809265137,6.849999904632568,7.199999809265137
2007-10-24,1200,7.050000190734863,7.0,7.050000190734863,6.900000095367432,7.0
2007-10-23,2500,7.150000095367432,6.849999904632568,7.25,6.849999904632568,6.849999904632568
2007-10-22,4600,7.0,6.949999809265137,7.150000095367432,6.849999904632568,6.949999809265137
2007-10-19,5200,7.199999809265137,7.199999809265137,7.5,6.900000095367432,7.199999809265137
2007-10-18,2700,7.099999904632568,7.0,7.150000095367432,6.949999809265137,7.0
2007-10-17,1400,7.400000095367432,7.25,7.400000095367432,7.099999904632568,7.25
2007-10-16,3000,7.349999904632568,7.349999904632568,7.400000095367432,7.099999904632568,7.349999904632568
2007-10-15,8300,7.5,7.550000190734863,7.75,7.349999904632568,7.550000190734863
2007-10-12,6000,7.199999809265137,7.5,7.699999809265137,7.150000095367432,7.5
2007-10-11,19300,7.199999809265137,7.0,7.650000095367432,6.900000095367432,7.0
2007-10-10,1100,7.099999904632568,7.099999904632568,7.25,7.099999904632568,7.099999904632568
2007-10-09,700,7.0,6.949999809265137,7.050000190734863,6.949999809265137,6.949999809265137
2007-10-08,8300,6.849999904632568,7.0,7.099999904632568,6.849999904632568,7.0
2007-10-05,5700,6.900000095367432,7.25,7.349999904632568,6.849999904632568,7.25
2007-10-04,2100,6.949999809265137,6.849999904632568,6.949999809265137,6.800000190734863,6.849999904632568
2007-10-03,5200,6.800000190734863,6.800000190734863,6.900000095367432,6.800000190734863,6.800000190734863
2007-10-02,2300,6.699999809265137,6.800000190734863,7.0,6.699999809265137,6.800000190734863
2007-10-01,3200,7.0,6.75,7.099999904632568,6.699999809265137,6.75
2007-09-28,1200,6.900000095367432,6.949999809265137,6.949999809265137,6.849999904632568,6.949999809265137
2007-09-27,600,7.0,7.0,7.300000190734863,6.949999809265137,7.0
2007-09-26,1900,6.800000190734863,7.0,7.0,6.800000190734863,7.0
2007-09-25,3700,6.800000190734863,7.199999809265137,7.199999809265137,6.5,7.199999809265137
2007-09-24,900,6.599999904632568,6.75,7.0,6.599999904632568,6.75
2007-09-21,2000,6.849999904632568,6.800000190734863,6.849999904632568,6.699999809265137,6.800000190734863
2007-09-20,1300,6.900000095367432,6.800000190734863,6.949999809265137,6.800000190734863,6.800000190734863
2007-09-19,9500,7.400000095367432,7.0,7.400000095367432,6.650000095367432,7.0
2007-09-18,900,7.449999809265137,7.449999809265137,7.449999809265137,7.25,7.449999809265137
2007-09-17,6900,6.900000095367432,7.349999904632568,7.449999809265137,6.900000095367432,7.349999904632568
2007-09-14,14300,7.449999809265137,7.150000095367432,7.650000095367432,6.800000190734863,7.150000095367432
2007-09-13,2500,7.400000095367432,6.949999809265137,7.449999809265137,6.75,6.949999809265137
2007-09-12,7700,7.050000190734863,7.449999809265137,7.699999809265137,7.050000190734863,7.449999809265137
2007-09-11,1300,6.75,7.099999904632568,7.099999904632568,6.75,7.099999904632568
2007-09-10,800,7.0,6.900000095367432,7.0,6.900000095367432,6.900000095367432
2007-09-07,700,6.699999809265137,6.699999809265137,6.699999809265137,6.699999809265137,6.699999809265137
2007-09-06,2700,6.699999809265137,6.800000190734863,6.800000190734863,6.650000095367432,6.800000190734863
2007-09-05,600,6.849999904632568,6.650000095367432,6.849999904632568,6.650000095367432,6.650000095367432
2007-09-04,3600,7.0,6.900000095367432,7.0,6.650000095367432,6.900000095367432
2007-08-31,4500,6.849999904632568,7.0,7.099999904632568,6.849999904632568,7.0
2007-08-30,2300,6.75,7.0,7.150000095367432,6.75,7.0
2007-08-29,3400,7.0,6.900000095367432,7.0,6.800000190734863,6.900000095367432
2007-08-28,4600,7.150000095367432,7.050000190734863,7.349999904632568,7.0,7.050000190734863
2007-08-27,1300,6.849999904632568,7.099999904632568,7.099999904632568,6.849999904632568,7.099999904632568
2007-08-24,2200,6.800000190734863,6.849999904632568,6.949999809265137,6.800000190734863,6.849999904632568
2007-08-23,3100,6.75,6.800000190734863,7.050000190734863,6.75,6.800000190734863
2007-08-22,1100,6.550000190734863,6.550000190734863,6.75,6.550000190734863,6.550000190734863
2007-08-21,700,6.400000095367432,6.349999904632568,6.400000095367432,6.349999904632568,6.349999904632568
2007-08-20,5800,5.900000095367432,6.5,6.5,5.900000095367432,6.5
2007-08-17,16300,6.800000190734863,6.199999809265137,6.800000190734863,4.75,6.199999809265137
2007-08-16,8300,7.550000190734863,7.0,7.550000190734863,7.0,7.0
2007-08-15,2400,7.5,7.550000190734863,7.550000190734863,7.449999809265137,7.550000190734863
2007-08-14,3900,7.599999904632568,7.449999809265137,7.699999809265137,7.449999809265137,7.449999809265137
2007-08-13,1100,7.900000095367432,7.550000190734863,7.900000095367432,7.5,7.550000190734863
2007-08-10,3100,7.550000190734863,7.900000095367432,7.900000095367432,7.449999809265137,7.900000095367432
2007-08-09,6200,7.5,7.75,7.75,7.449999809265137,7.75
2007-08-08,600,7.699999809265137,7.5,7.699999809265137,7.5,7.5
2007-08-07,1300,7.5,7.650000095367432,7.75,7.5,7.650000095367432
2007-08-06,3900,7.5,7.5,7.849999904632568,7.5,7.5
2007-08-03,3200,8.100000381469727,7.599999904632568,8.25,7.550000190734863,7.599999904632568
2007-08-02,1600,8.199999809265137,8.199999809265137,8.25,8.050000190734863,8.199999809265137
2007-08-01,4500,7.900000095367432,8.25,8.300000190734863,7.75,8.25
2007-07-31,9900,8.649999618530273,8.050000190734863,8.699999809265137,8.050000190734863,8.050000190734863
2007-07-30,35600,7.25,8.5,8.75,7.25,8.5
2007-07-27,1300,7.550000190734863,7.550000190734863,7.550000190734863,7.5,7.550000190734863
2007-07-26,2400,7.599999904632568,7.75,7.75,7.099999904632568,7.75
2007-07-25,3700,7.699999809265137,7.75,7.949999809265137,7.699999809265137,7.75
2007-07-24,1400,7.400000095367432,7.75,7.900000095367432,7.400000095367432,7.75
2007-07-23,1600,7.949999809265137,7.550000190734863,7.949999809265137,7.5,7.550000190734863
2007-07-20,2500,7.099999904632568,7.550000190734863,7.75,7.099999904632568,7.550000190734863
2007-07-19,4700,7.300000190734863,7.150000095367432,8.25,7.150000095367432,7.150000095367432
2007-07-18,5800,7.699999809265137,7.5,7.699999809265137,7.199999809265137,7.5
2007-07-17,5600,7.550000190734863,7.599999904632568,8.25,7.550000190734863,7.599999904632568
2007-07-16,8900,7.349999904632568,7.75,8.25,7.25,7.75
2007-07-13,4700,7.099999904632568,7.25,7.5,7.099999904632568,7.25
2007-07-12,10700,7.300000190734863,7.099999904632568,7.5,7.0,7.099999904632568
2007-07-11,11000,7.800000190734863,7.449999809265137,7.800000190734863,7.400000095367432,7.449999809265137
2007-07-10,15500,8.600000381469727,8.0,8.75,8.0,8.0
2007-07-09,44300,8.100000381469727,8.5,8.600000381469727,8.100000381469727,8.5
2007-07-06,21700,7.800000190734863,7.949999809265137,8.199999809265137,7.550000190734863,7.949999809265137
2007-07-05,28400,8.25,7.849999904632568,8.25,7.0,7.849999904632568
2007-07-03,52500,8.5,7.650000095367432,8.5,6.75,7.650000095367432
2007-07-02,142900,5.5,7.400000095367432,10.0,5.5,7.400000095367432
2007-06-29,3700,5.300000190734863,5.400000095367432,5.400000095367432,5.25,5.400000095367432
2007-06-28,3000,5.349999904632568,5.300000190734863,5.449999809265137,5.300000190734863,5.300000190734863
2007-06-27,1600,5.25,5.300000190734863,5.300000190734863,5.199999809265137,5.300000190734863
2007-06-26,3600,5.349999904632568,5.25,5.349999904632568,5.199999809265137,5.25
2007-06-25,600,5.349999904632568,5.349999904632568,5.349999904632568,5.25,5.349999904632568
2007-06-22,5000,5.300000190734863,5.199999809265137,5.349999904632568,5.199999809265137,5.199999809265137
2007-06-21,800,5.25,5.25,5.25,5.199999809265137,5.25
2007-06-20,7600,5.150000095367432,5.300000190734863,5.300000190734863,5.150000095367432,5.300000190734863
2007-06-19,0,5.150000095367432,5.150000095367432,5.150000095367432,5.150000095367432,5.150000095367432
2007-06-18,5700,5.150000095367432,5.150000095367432,5.25,5.150000095367432,5.150000095367432
2007-06-15,200,5.150000095367432,5.150000095367432,5.199999809265137,5.150000095367432,5.150000095367432
2007-06-14,2000,5.150000095367432,5.150000095367432,5.150000095367432,5.050000190734863,5.150000095367432
2007-06-13,500,5.150000095367432,5.199999809265137,5.199999809265137,5.150000095367432,5.199999809265137
2007-06-12,600,5.150000095367432,5.099999904632568,5.199999809265137,5.099999904632568,5.099999904632568
2007-06-11,3400,5.550000190734863,5.25,5.550000190734863,5.099999904632568,5.25
2007-06-08,10100,5.25,5.25,5.300000190734863,5.099999904632568,5.25
2007-06-07,400,5.150000095367432,5.25,5.300000190734863,5.099999904632568,5.25
2007-06-06,1100,5.5,5.300000190734863,5.5,5.199999809265137,5.300000190734863
2007-06-05,900,5.199999809265137,5.25,5.300000190734863,5.199999809265137,5.25
2007-06-04,3200,5.099999904632568,5.25,5.349999904632568,5.099999904632568,5.25
2007-06-01,1000,5.150000095367432,5.300000190734863,5.349999904632568,4.849999904632568,5.300000190734863
2007-05-31,1400,5.400000095367432,5.349999904632568,5.400000095367432,5.25,5.349999904632568
2007-05-30,200,5.349999904632568,5.349999904632568,5.349999904632568,5.349999904632568,5.349999904632568
2007-05-29,2900,5.349999904632568,5.349999904632568,5.349999904632568,5.150000095367432,5.349999904632568
2007-05-25,5000,5.349999904632568,5.300000190734863,5.349999904632568,5.25,5.300000190734863
2007-05-24,4400,5.349999904632568,5.349999904632568,5.349999904632568,5.25,5.349999904632568
2007-05-23,4300,5.25,5.349999904632568,5.5,5.25,5.349999904632568
2007-05-22,900,5.449999809265137,5.5,5.599999904632568,5.449999809265137,5.5
2007-05-21,4100,5.449999809265137,5.5,5.650000095367432,5.400000095367432,5.5
2007-05-18,5400,5.349999904632568,5.5,5.5,5.300000190734863,5.5
2007-05-17,1200,5.349999904632568,5.5,5.5,5.349999904632568,5.5
2007-05-16,2100,5.449999809265137,5.449999809265137,5.650000095367432,5.400000095367432,5.449999809265137
2007-05-15,3700,5.449999809265137,5.5,5.650000095367432,5.449999809265137,5.5
2007-05-14,9700,5.599999904632568,5.449999809265137,5.849999904632568,5.300000190734863,5.449999809265137
2007-05-11,2400,5.5,5.599999904632568,5.800000190734863,5.5,5.599999904632568
2007-05-10,5300,5.5,5.5,5.5,5.400000095367432,5.5
2007-05-09,8600,5.349999904632568,5.449999809265137,5.599999904632568,5.300000190734863,5.449999809265137
2007-05-08,1800,5.650000095367432,5.550000190734863,5.650000095367432,5.550000190734863,5.550000190734863
2007-05-07,500,5.599999904632568,5.650000095367432,5.650000095367432,5.599999904632568,5.650000095367432
2007-05-04,2500,5.699999809265137,5.650000095367432,5.699999809265137,5.599999904632568,5.650000095367432
2007-05-03,200,5.800000190734863,5.849999904632568,5.849999904632568,5.650000095367432,5.849999904632568
2007-05-02,800,5.75,5.900000095367432,5.949999809265137,5.650000095367432,5.900000095367432
2007-05-01,1300,5.949999809265137,5.849999904632568,6.099999904632568,5.849999904632568,5.849999904632568
2007-04-30,300,5.650000095367432,5.849999904632568,5.900000095367432,5.599999904632568,5.849999904632568
2007-04-27,1300,5.699999809265137,5.75,5.75,5.599999904632568,5.75
2007-04-26,2300,5.599999904632568,5.650000095367432,5.75,5.449999809265137,5.650000095367432
2007-04-25,1200,5.699999809265137,5.75,5.75,5.650000095367432,5.75
2007-04-24,1000,5.599999904632568,5.650000095367432,5.699999809265137,5.599999904632568,5.650000095367432
2007-04-23,600,5.650000095367432,5.650000095367432,5.650000095367432,5.650000095367432,5.650000095367432
2007-04-20,600,5.550000190734863,5.699999809265137,5.800000190734863,5.550000190734863,5.699999809265137
2007-04-19,100,5.75,5.849999904632568,5.849999904632568,5.75,5.849999904632568
2007-04-18,4300,5.550000190734863,5.699999809265137,5.800000190734863,5.550000190734863,5.699999809265137
2007-04-17,1800,5.550000190734863,5.699999809265137,5.699999809265137,5.550000190734863,5.699999809265137
2007-04-16,400,5.75,5.550000190734863,5.75,5.550000190734863,5.550000190734863
2007-04-13,2100,5.550000190734863,5.5,5.599999904632568,5.300000190734863,5.5
2007-04-12,1200,5.550000190734863,5.599999904632568,5.650000095367432,5.449999809265137,5.599999904632568
2007-04-11,1000,5.400000095367432,5.5,5.599999904632568,5.400000095367432,5.5
2007-04-10,3400,5.449999809265137,5.400000095367432,5.5,5.300000190734863,5.400000095367432
2007-04-09,900,5.550000190734863,5.5,5.550000190734863,5.5,5.5
2007-04-05,1400,5.550000190734863,5.5,5.550000190734863,5.5,5.5
2007-04-04,400,5.400000095367432,5.5,5.5,5.400000095367432,5.5
2007-04-03,1100,5.400000095367432,5.400000095367432,5.449999809265137,5.400000095367432,5.400000095367432
2007-04-02,200,5.300000190734863,5.400000095367432,5.449999809265137,5.300000190734863,5.400000095367432
2007-03-30,6800,5.5,5.400000095367432,5.699999809265137,5.25,5.400000095367432
2007-03-29,1700,5.75,5.400000095367432,5.75,5.349999904632568,5.400000095367432
2007-03-28,2500,5.5,5.550000190734863,5.550000190734863,5.5,5.550000190734863
2007-03-27,1300,5.5,5.449999809265137,5.599999904632568,5.449999809265137,5.449999809265137
2007-03-26,1200,5.75,5.5,5.75,5.5,5.5
2007-03-23,700,5.449999809265137,5.699999809265137,5.699999809265137,5.449999809265137,5.699999809265137
2007-03-22,6300,5.400000095367432,5.599999904632568,5.75,5.400000095367432,5.599999904632568
2007-03-21,400,5.5,5.400000095367432,5.5,5.400000095367432,5.400000095367432
2007-03-20,2200,5.349999904632568,5.5,5.5,5.300000190734863,5.5
2007-03-19,800,5.300000190734863,5.199999809265137,5.300000190734863,5.199999809265137,5.199999809265137
2007-03-16,300,5.400000095367432,5.349999904632568,5.400000095367432,5.349999904632568,5.349999904632568
2007-03-15,300,5.400000095367432,5.349999904632568,5.400000095367432,5.349999904632568,5.349999904632568
2007-03-14,1400,5.400000095367432,5.300000190734863,5.550000190734863,5.300000190734863,5.300000190734863
2007-03-13,2000,5.400000095367432,5.5,5.550000190734863,5.400000095367432,5.5
2007-03-12,1600,5.400000095367432,5.300000190734863,5.400000095367432,5.300000190734863,5.300000190734863
2007-03-09,800,5.400000095367432,5.400000095367432,5.550000190734863,5.400000095367432,5.400000095367432
2007-03-08,3000,5.599999904632568,5.300000190734863,5.599999904632568,5.099999904632568,5.300000190734863
2007-03-07,500,5.650000095367432,5.650000095367432,5.650000095367432,5.599999904632568,5.650000095367432
2007-03-06,100,5.650000095367432,5.650000095367432,5.650000095367432,5.650000095367432,5.650000095367432
2007-03-05,3500,5.449999809265137,5.699999809265137,5.800000190734863,5.449999809265137,5.699999809265137
2007-03-02,3300,5.199999809265137,5.75,5.800000190734863,5.199999809265137,5.75
2007-03-01,2000,5.449999809265137,5.25,5.550000190734863,5.25,5.25
2007-02-28,500,5.599999904632568,5.449999809265137,5.599999904632568,5.449999809265137,5.449999809265137
2007-02-27,3400,5.5,5.599999904632568,5.699999809265137,5.449999809265137,5.599999904632568
2007-02-26,4500,5.5,5.5,5.599999904632568,5.5,5.5
2007-02-23,1800,5.75,5.599999904632568,5.800000190734863,5.599999904632568,5.599999904632568
2007-02-22,300,5.650000095367432,5.800000190734863,5.800000190734863,5.599999904632568,5.800000190734863
2007-02-21,600,5.650000095367432,5.650000095367432,5.650000095367432,5.650000095367432,5.650000095367432
2007-02-20,7800,5.800000190734863,5.699999809265137,5.800000190734863,5.599999904632568,5.699999809265137
2007-02-16,2200,5.599999904632568,5.699999809265137,5.699999809265137,5.599999904632568,5.699999809265137
2007-02-15,2000,5.599999904632568,5.550000190734863,5.599999904632568,5.5,5.550000190734863
2007-02-14,1700,5.75,5.75,5.75,5.650000095367432,5.75
2007-02-13,1400,5.699999809265137,5.800000190734863,5.800000190734863,5.699999809265137,5.800000190734863
2007-02-12,2100,5.699999809265137,5.75,5.75,5.650000095367432,5.75
2007-02-09,1300,5.75,5.75,5.800000190734863,5.699999809265137,5.75
2007-02-08,6100,5.650000095367432,5.75,5.75,5.650000095367432,5.75
2007-02-07,21300,5.900000095367432,5.550000190734863,5.900000095367432,5.400000095367432,5.550000190734863
2007-02-06,7100,6.199999809265137,6.0,6.199999809265137,5.949999809265137,6.0
2007-02-05,6500,6.0,6.150000095367432,6.199999809265137,6.0,6.150000095367432
2007-02-02,3800,6.300000190734863,6.199999809265137,6.349999904632568,6.0,6.199999809265137
2007-02-01,4900,6.150000095367432,6.300000190734863,6.349999904632568,6.150000095367432,6.300000190734863
2007-01-31,3900,6.099999904632568,6.150000095367432,6.25,6.050000190734863,6.150000095367432
2007-01-30,1300,5.650000095367432,6.0,6.199999809265137,5.650000095367432,6.0
2007-01-29,5700,5.75,6.050000190734863,6.099999904632568,5.75,6.050000190734863
2007-01-26,800,5.900000095367432,5.900000095367432,5.900000095367432,5.900000095367432,5.900000095367432
2007-01-25,3200,5.949999809265137,5.900000095367432,5.949999809265137,5.699999809265137,5.900000095367432
2007-01-24,2800,6.050000190734863,5.949999809265137,6.050000190734863,5.900000095367432,5.949999809265137
2007-01-23,8700,5.949999809265137,6.050000190734863,6.050000190734863,5.800000190734863,6.050000190734863
2007-01-22,4600,5.75,5.900000095367432,5.900000095367432,5.599999904632568,5.900000095367432
2007-01-19,2500,5.900000095367432,5.75,5.900000095367432,5.699999809265137,5.75
2007-01-18,4400,5.75,5.75,5.849999904632568,5.599999904632568,5.75
2007-01-17,200,5.800000190734863,5.75,5.800000190734863,5.75,5.75
2007-01-16,1600,5.900000095367432,5.900000095367432,5.900000095367432,5.699999809265137,5.900000095367432
2007-01-12,1700,5.849999904632568,5.800000190734863,5.900000095367432,5.599999904632568,5.800000190734863
2007-01-11,4100,5.75,5.800000190734863,5.800000190734863,5.75,5.800000190734863
2007-01-10,1500,5.650000095367432,5.650000095367432,5.650000095367432,5.599999904632568,5.650000095367432
2007-01-09,500,5.699999809265137,5.650000095367432,5.699999809265137,5.650000095367432,5.650000095367432
2007-01-08,300,5.550000190734863,5.550000190734863,5.550000190734863,5.550000190734863,5.550000190734863
2007-01-05,3500,5.599999904632568,5.599999904632568,5.650000095367432,5.599999904632568,5.599999904632568
2007-01-04,2700,5.599999904632568,5.599999904632568,5.699999809265137,5.599999904632568,5.599999904632568
2007-01-03,1100,5.599999904632568,5.699999809265137,5.699999809265137,5.599999904632568,5.699999809265137
2006-12-29,5100,5.699999809265137,5.599999904632568,5.699999809265137,5.550000190734863,5.599999904632568
2006-12-28,7400,5.650000095367432,5.699999809265137,5.75,5.550000190734863,5.699999809265137
2006-12-27,4700,5.599999904632568,5.650000095367432,5.800000190734863,5.550000190734863,5.650000095367432
2006-12-26,1800,5.599999904632568,5.650000095367432,5.650000095367432,5.599999904632568,5.650000095367432
2006-12-22,5200,5.75,5.650000095367432,5.900000095367432,5.650000095367432,5.650000095367432
2006-12-21,2400,5.599999904632568,5.699999809265137,5.75,5.550000190734863,5.699999809265137
2006-12-20,4600,5.699999809265137,5.550000190734863,5.699999809265137,5.550000190734863,5.550000190734863
2006-12-19,1900,5.599999904632568,5.699999809265137,5.849999904632568,5.599999904632568,5.699999809265137
2006-12-18,15900,5.650000095367432,5.800000190734863,5.900000095367432,5.650000095367432,5.800000190734863
2006-12-15,2800,5.699999809265137,5.650000095367432,5.699999809265137,5.599999904632568,5.650000095367432
2006-12-14,2400,5.650000095367432,5.550000190734863,5.650000095367432,5.550000190734863,5.550000190734863
2006-12-13,600,5.550000190734863,5.599999904632568,5.650000095367432,5.550000190734863,5.599999904632568
2006-12-12,2900,5.599999904632568,5.599999904632568,5.699999809265137,5.599999904632568,5.599999904632568
2006-12-11,4400,5.650000095367432,5.650000095367432,5.699999809265137,5.650000095367432,5.650000095367432
2006-12-08,1900,5.550000190734863,5.599999904632568,5.699999809265137,5.550000190734863,5.599999904632568
2006-12-07,1400,5.550000190734863,5.599999904632568,5.599999904632568,5.550000190734863,5.599999904632568
2006-12-06,2900,5.650000095367432,5.599999904632568,5.849999904632568,5.599999904632568,5.599999904632568
2006-12-05,5300,5.599999904632568,5.650000095367432,5.75,5.599999904632568,5.650000095367432
2006-12-04,2800,5.75,5.650000095367432,5.75,5.650000095367432,5.650000095367432
2006-12-01,2500,5.650000095367432,5.650000095367432,5.650000095367432,5.650000095367432,5.650000095367432
2006-11-30,3000,5.699999809265137,5.650000095367432,5.699999809265137,5.650000095367432,5.650000095367432
2006-11-29,200,5.75,5.849999904632568,5.849999904632568,5.75,5.849999904632568
2006-11-28,1700,5.75,5.75,5.800000190734863,5.650000095367432,5.75
2006-11-27,400,5.849999904632568,5.699999809265137,5.849999904632568,5.699999809265137,5.699999809265137
2006-11-24,200,5.75,5.75,5.75,5.75,5.75
2006-11-22,800,5.75,5.699999809265137,5.800000190734863,5.650000095367432,5.699999809265137
2006-11-21,2000,5.800000190734863,5.599999904632568,5.800000190734863,5.599999904632568,5.599999904632568
2006-11-20,900,5.849999904632568,5.650000095367432,5.849999904632568,5.650000095367432,5.650000095367432
2006-11-17,2100,5.949999809265137,5.849999904632568,5.949999809265137,5.599999904632568,5.849999904632568
2006-11-16,2400,5.550000190734863,5.550000190734863,5.599999904632568,5.550000190734863,5.550000190734863
2006-11-15,5700,5.599999904632568,5.550000190734863,5.650000095367432,5.550000190734863,5.550000190734863
2006-11-14,9000,5.699999809265137,5.599999904632568,5.699999809265137,5.550000190734863,5.599999904632568
2006-11-13,12400,6.0,5.699999809265137,6.0,5.550000190734863,5.699999809265137
2006-11-10,6200,5.900000095367432,5.75,6.0,5.75,5.75
2006-11-09,33800,7.25,5.900000095367432,7.25,5.699999809265137,5.900000095367432
2006-11-08,6800,7.199999809265137,7.199999809265137,7.199999809265137,6.849999904632568,7.199999809265137
2006-11-07,12900,6.650000095367432,7.199999809265137,7.199999809265137,6.599999904632568,7.199999809265137
2006-11-06,3400,6.650000095367432,6.599999904632568,6.650000095367432,6.349999904632568,6.599999904632568
2006-11-03,8400,6.349999904632568,6.650000095367432,6.650000095367432,6.050000190734863,6.650000095367432
2006-11-02,1300,6.550000190734863,6.400000095367432,6.650000095367432,6.349999904632568,6.400000095367432
2006-11-01,1200,6.599999904632568,6.400000095367432,6.599999904632568,6.300000190734863,6.400000095367432
2006-10-31,2000,6.300000190734863,6.349999904632568,6.5,6.300000190734863,6.349999904632568
2006-10-30,3400,6.650000095367432,6.349999904632568,6.650000095367432,6.300000190734863,6.349999904632568
2006-10-27,4300,6.5,6.400000095367432,6.599999904632568,6.25,6.400000095367432
2006-10-26,2500,6.699999809265137,6.449999809265137,6.75,6.349999904632568,6.449999809265137
2006-10-25,1000,6.550000190734863,6.449999809265137,6.550000190734863,6.400000095367432,6.449999809265137
2006-10-24,1100,6.449999809265137,6.449999809265137,6.650000095367432,6.449999809265137,6.449999809265137
2006-10-23,6600,6.650000095367432,6.5,6.75,6.25,6.5
2006-10-20,5500,6.050000190734863,6.650000095367432,6.650000095367432,6.050000190734863,6.650000095367432
2006-10-19,2300,6.300000190734863,6.400000095367432,6.400000095367432,6.099999904632568,6.400000095367432
2006-10-18,700,6.150000095367432,6.199999809265137,6.349999904632568,6.150000095367432,6.199999809265137
2006-10-17,1000,6.099999904632568,6.400000095367432,6.449999809265137,6.099999904632568,6.400000095367432
2006-10-16,2100,6.5,6.050000190734863,6.5,6.050000190734863,6.050000190734863
2006-10-13,900,6.300000190734863,6.349999904632568,6.349999904632568,6.199999809265137,6.349999904632568
2006-10-12,1500,6.199999809265137,6.349999904632568,6.349999904632568,6.199999809265137,6.349999904632568
2006-10-11,600,6.050000190734863,6.199999809265137,6.199999809265137,6.050000190734863,6.199999809265137
2006-10-10,200,6.0,6.150000095367432,6.150000095367432,6.0,6.150000095367432
2006-10-09,1000,6.050000190734863,6.0,6.199999809265137,6.0,6.0
2006-10-06,3400,6.050000190734863,6.25,6.25,6.050000190734863,6.25
2006-10-05,1400,6.099999904632568,6.150000095367432,6.300000190734863,6.099999904632568,6.150000095367432
2006-10-04,1400,6.400000095367432,6.300000190734863,6.400000095367432,6.099999904632568,6.300000190734863
2006-10-03,5500,6.199999809265137,6.050000190734863,6.300000190734863,6.0,6.050000190734863
2006-10-02,2200,6.300000190734863,6.300000190734863,6.400000095367432,6.25,6.300000190734863
2006-09-29,3800,6.400000095367432,6.550000190734863,6.550000190734863,6.300000190734863,6.550000190734863
2006-09-28,4200,6.550000190734863,6.550000190734863,6.550000190734863,6.400000095367432,6.550000190734863
2006-09-27,4900,6.25,6.5,6.550000190734863,6.199999809265137,6.5
2006-09-26,300,6.550000190734863,6.349999904632568,6.550000190734863,6.349999904632568,6.349999904632568
2006-09-25,1300,6.25,6.400000095367432,6.550000190734863,6.25,6.400000095367432
2006-09-22,6400,6.400000095367432,6.449999809265137,6.550000190734863,6.349999904632568,6.449999809265137
2006-09-21,800,6.449999809265137,6.400000095367432,6.449999809265137,6.199999809265137,6.400000095367432
2006-09-20,1000,6.400000095367432,6.199999809265137,6.449999809265137,6.199999809265137,6.199999809265137
2006-09-19,400,6.300000190734863,6.300000190734863,6.400000095367432,6.300000190734863,6.300000190734863
2006-09-18,3100,6.25,6.300000190734863,6.349999904632568,6.25,6.300000190734863
2006-09-15,400,6.199999809265137,6.099999904632568,6.199999809265137,6.099999904632568,6.099999904632568
2006-09-14,1500,6.099999904632568,6.199999809265137,6.300000190734863,6.050000190734863,6.199999809265137
2006-09-13,6000,6.300000190734863,6.199999809265137,6.550000190734863,6.050000190734863,6.199999809265137
2006-09-12,6500,6.099999904632568,6.199999809265137,6.349999904632568,6.099999904632568,6.199999809265137
2006-09-11,1100,6.199999809265137,6.099999904632568,6.199999809265137,6.099999904632568,6.099999904632568
2006-09-08,1700,6.349999904632568,6.099999904632568,6.349999904632568,6.099999904632568,6.099999904632568
2006-09-07,1200,6.400000095367432,6.300000190734863,6.400000095367432,6.25,6.300000190734863
2006-09-06,2800,6.349999904632568,6.199999809265137,6.349999904632568,6.199999809265137,6.199999809265137
2006-09-05,1400,6.349999904632568,6.349999904632568,6.449999809265137,6.349999904632568,6.349999904632568
2006-09-01,0,6.349999904632568,6.550000190734863,6.550000190734863,6.349999904632568,6.550000190734863
2006-08-31,200,6.599999904632568,6.650000095367432,6.650000095367432,6.449999809265137,6.650000095367432
2006-08-30,1000,6.699999809265137,6.449999809265137,6.699999809265137,6.449999809265137,6.449999809265137
2006-08-29,600,6.699999809265137,6.449999809265137,6.699999809265137,6.449999809265137,6.449999809265137
2006-08-28,2100,6.400000095367432,6.449999809265137,6.699999809265137,6.400000095367432,6.449999809265137
2006-08-25,200,6.349999904632568,6.550000190734863,6.550000190734863,6.300000190734863,6.550000190734863
2006-08-24,3100,6.449999809265137,6.599999904632568,6.699999809265137,6.449999809265137,6.599999904632568
2006-08-23,2100,6.699999809265137,6.300000190734863,6.699999809265137,6.25,6.300000190734863
2006-08-22,4600,6.25,6.5,6.699999809265137,6.25,6.5
2006-08-21,0,6.25,6.25,6.25,6.25,6.25
2006-08-18,1000,6.199999809265137,6.25,6.300000190734863,6.199999809265137,6.25
2006-08-17,100,6.199999809265137,6.199999809265137,6.199999809265137,6.199999809265137,6.199999809265137
2006-08-16,4600,6.400000095367432,6.050000190734863,6.599999904632568,5.75,6.050000190734863
2006-08-15,600,6.400000095367432,6.550000190734863,6.550000190734863,6.300000190734863,6.550000190734863
2006-08-14,0,6.349999904632568,6.349999904632568,6.349999904632568,6.349999904632568,6.349999904632568
2006-08-11,2000,6.349999904632568,6.5,6.5,6.300000190734863,6.5
2006-08-10,1800,6.400000095367432,6.349999904632568,6.400000095367432,6.300000190734863,6.349999904632568
2006-08-09,800,6.449999809265137,6.449999809265137,6.449999809265137,6.400000095367432,6.449999809265137
2006-08-08,1300,6.449999809265137,6.449999809265137,6.449999809265137,6.349999904632568,6.449999809265137
2006-08-07,1900,6.800000190734863,6.349999904632568,6.800000190734863,6.300000190734863,6.349999904632568
2006-08-04,6000,6.400000095367432,6.5,6.650000095367432,6.400000095367432,6.5
2006-08-03,9600,6.199999809265137,6.199999809265137,6.599999904632568,6.150000095367432,6.199999809265137
2006-08-02,1100,5.800000190734863,5.849999904632568,6.0,5.800000190734863,5.849999904632568
2006-08-01,1200,5.800000190734863,5.900000095367432,5.900000095367432,5.800000190734863,5.900000095367432
2006-07-31,400,5.800000190734863,5.900000095367432,5.949999809265137,5.800000190734863,5.900000095367432
2006-07-28,900,5.800000190734863,5.949999809265137,5.949999809265137,5.800000190734863,5.949999809265137
2006-07-27,600,6.099999904632568,5.949999809265137,6.25,5.900000095367432,5.949999809265137
2006-07-26,1400,6.0,6.050000190734863,6.050000190734863,5.900000095367432,6.050000190734863
2006-07-25,600,6.0,6.0,6.0,5.900000095367432,6.0
2006-07-24,900,5.75,5.800000190734863,5.900000095367432,5.75,5.800000190734863
2006-07-21,0,5.800000190734863,5.800000190734863,5.800000190734863,5.800000190734863,5.800000190734863
2006-07-20,1400,5.75,5.849999904632568,5.949999809265137,5.75,5.849999904632568
2006-07-19,1600,5.949999809265137,5.849999904632568,5.949999809265137,5.849999904632568,5.849999904632568
2006-07-18,3100,6.099999904632568,6.099999904632568,6.099999904632568,6.099999904632568,6.099999904632568
2006-07-17,2800,5.800000190734863,6.099999904632568,6.099999904632568,5.800000190734863,6.099999904632568
2006-07-14,3300,5.75,5.800000190734863,5.849999904632568,5.650000095367432,5.800000190734863
2006-07-13,3200,5.75,5.699999809265137,5.75,5.699999809265137,5.699999809265137
2006-07-12,1400,5.900000095367432,5.800000190734863,5.949999809265137,5.800000190734863,5.800000190734863
2006-07-11,600,5.75,5.75,5.849999904632568,5.75,5.75
2006-07-10,3400,5.75,5.900000095367432,5.900000095367432,5.75,5.900000095367432
2006-07-07,0,5.849999904632568,5.849999904632568,5.849999904632568,5.849999904632568,5.849999904632568
2006-07-06,1100,5.75,5.849999904632568,5.900000095367432,5.75,5.849999904632568
2006-07-05,1900,5.75,5.800000190734863,5.849999904632568,5.699999809265137,5.800000190734863
2006-07-03,900,5.75,5.800000190734863,5.849999904632568,5.75,5.800000190734863
2006-06-30,1200,5.900000095367432,5.949999809265137,5.949999809265137,5.900000095367432,5.949999809265137
2006-06-29,1200,5.75,5.849999904632568,5.949999809265137,5.75,5.849999904632568
2006-06-28,1400,5.800000190734863,5.75,5.800000190734863,5.699999809265137,5.75
2006-06-27,200,5.800000190734863,5.800000190734863,5.800000190734863,5.800000190734863,5.800000190734863
2006-06-26,600,5.800000190734863,5.800000190734863,5.800000190734863,5.800000190734863,5.800000190734863
2006-06-23,0,5.800000190734863,5.800000190734863,5.800000190734863,5.800000190734863,5.800000190734863
2006-06-22,1000,5.800000190734863,5.800000190734863,5.849999904632568,5.75,5.800000190734863
2006-06-21,200,6.0,5.900000095367432,6.0,5.849999904632568,5.900000095367432
2006-06-20,2100,5.599999904632568,5.699999809265137,5.849999904632568,5.599999904632568,5.699999809265137
2006-06-19,1200,5.650000095367432,5.75,5.75,5.599999904632568,5.75
2006-06-16,4800,5.949999809265137,5.900000095367432,5.949999809265137,5.599999904632568,5.900000095367432
2006-06-15,4000,6.099999904632568,5.949999809265137,6.25,5.800000190734863,5.949999809265137
2006-06-14,1100,6.0,6.050000190734863,6.150000095367432,6.0,6.050000190734863
2006-06-13,2800,6.150000095367432,6.099999904632568,6.199999809265137,6.099999904632568,6.099999904632568
2006-06-12,2200,6.300000190734863,6.150000095367432,6.400000095367432,6.150000095367432,6.150000095367432
2006-06-09,0,6.400000095367432,6.400000095367432,6.400000095367432,6.400000095367432,6.400000095367432
2006-06-08,1700,6.400000095367432,6.400000095367432,6.449999809265137,6.400000095367432,6.400000095367432
2006-06-07,500,6.449999809265137,6.449999809265137,6.449999809265137,6.449999809265137,6.449999809265137
2006-06-06,2100,6.400000095367432,6.449999809265137,6.449999809265137,6.400000095367432,6.449999809265137
2006-06-05,3600,6.5,6.449999809265137,6.5,6.449999809265137,6.449999809265137
2006-06-02,1000,6.449999809265137,6.5,6.5,6.449999809265137,6.5
2006-06-01,800,5.75,6.449999809265137,6.449999809265137,5.75,6.449999809265137
2006-05-31,1100,6.400000095367432,6.449999809265137,6.5,6.349999904632568,6.449999809265137
2006-05-30,3900,6.300000190734863,6.300000190734863,6.550000190734863,6.300000190734863,6.300000190734863
2006-05-26,1800,6.25,6.199999809265137,6.25,6.199999809265137,6.199999809265137
2006-05-25,4300,6.25,6.300000190734863,6.349999904632568,6.25,6.300000190734863
2006-05-24,3800,6.199999809265137,6.199999809265137,6.349999904632568,6.150000095367432,6.199999809265137
2006-05-23,2700,6.5,6.449999809265137,6.650000095367432,6.400000095367432,6.449999809265137
2006-05-22,2600,6.25,6.25,6.300000190734863,6.25,6.25
2006-05-19,3100,6.400000095367432,6.400000095367432,6.5,6.400000095367432,6.400000095367432
2006-05-18,13000,6.150000095367432,6.25,6.550000190734863,6.150000095367432,6.25
2006-05-17,20600,6.599999904632568,6.150000095367432,6.650000095367432,6.150000095367432,6.150000095367432
2006-05-16,8700,6.800000190734863,6.849999904632568,6.900000095367432,6.75,6.849999904632568
2006-05-15,7100,6.949999809265137,6.849999904632568,6.949999809265137,6.800000190734863,6.849999904632568
2006-05-12,800,7.0,7.0,7.099999904632568,7.0,7.0
2006-05-11,1500,7.0,7.0,7.0,7.0,7.0
2006-05-10,4200,7.300000190734863,7.0,7.300000190734863,7.0,7.0
2006-05-09,2500,7.300000190734863,7.349999904632568,7.349999904632568,7.25,7.349999904632568
2006-05-08,7400,7.199999809265137,7.349999904632568,7.449999809265137,7.0,7.349999904632568
2006-05-05,7500,7.25,7.199999809265137,7.550000190734863,7.199999809265137,7.199999809265137
2006-05-04,46600,8.600000381469727,7.599999904632568,8.75,7.349999904632568,7.599999904632568
2006-05-03,7900,8.649999618530273,8.649999618530273,8.699999809265137,8.5,8.649999618530273
2006-05-02,3500,8.5,8.5,8.550000190734863,8.449999809265137,8.5
2006-05-01,4200,8.550000190734863,8.5,8.699999809265137,7.650000095367432,8.5
2006-04-28,15300,8.5,8.550000190734863,8.699999809265137,8.5,8.550000190734863
2006-04-27,1800,8.149999618530273,8.449999809265137,8.449999809265137,8.100000381469727,8.449999809265137
2006-04-26,1600,8.350000381469727,8.350000381469727,8.5,8.350000381469727,8.350000381469727
2006-04-25,400,8.300000190734863,8.449999809265137,8.449999809265137,8.300000190734863,8.449999809265137
2006-04-24,3700,8.25,8.449999809265137,8.449999809265137,8.199999809265137,8.449999809265137
2006-04-21,800,8.449999809265137,8.350000381469727,8.449999809265137,8.100000381469727,8.350000381469727
2006-04-20,3300,8.350000381469727,8.449999809265137,8.449999809265137,8.350000381469727,8.449999809265137
2006-04-19,5900,8.100000381469727,8.350000381469727,8.399999618530273,8.0,8.350000381469727
2006-04-18,1600,8.100000381469727,8.350000381469727,8.350000381469727,8.100000381469727,8.350000381469727
2006-04-17,2600,7.900000095367432,8.25,8.25,7.900000095367432,8.25
2006-04-13,1600,7.900000095367432,7.949999809265137,8.25,7.849999904632568,7.949999809265137
2006-04-12,4400,8.0,8.300000190734863,8.350000381469727,7.949999809265137,8.300000190734863
2006-04-11,900,8.050000190734863,8.0,8.050000190734863,7.949999809265137,8.0
2006-04-10,1800,8.300000190734863,8.0,8.300000190734863,8.0,8.0
2006-04-07,3500,8.0,8.149999618530273,8.149999618530273,7.800000190734863,8.149999618530273
2006-04-06,1700,7.900000095367432,8.0,8.449999809265137,7.900000095367432,8.0
2006-04-05,3300,7.75,8.050000190734863,8.199999809265137,7.75,8.050000190734863
2006-04-04,1800,7.75,7.75,7.800000190734863,7.75,7.75
2006-04-03,2800,7.75,7.75,7.800000190734863,7.650000095367432,7.75
2006-03-31,1200,7.849999904632568,7.75,7.849999904632568,7.75,7.75
2006-03-30,1200,7.849999904632568,7.849999904632568,7.949999809265137,7.75,7.849999904632568
2006-03-29,3500,7.800000190734863,7.849999904632568,7.900000095367432,7.800000190734863,7.849999904632568
2006-03-28,2200,7.599999904632568,7.599999904632568,7.900000095367432,7.599999904632568,7.599999904632568
2006-03-27,2700,7.849999904632568,7.599999904632568,7.849999904632568,7.599999904632568,7.599999904632568
2006-03-24,3600,7.650000095367432,7.900000095367432,7.949999809265137,7.599999904632568,7.900000095367432
2006-03-23,1600,7.699999809265137,7.650000095367432,7.849999904632568,7.599999904632568,7.650000095367432
2006-03-22,5000,7.699999809265137,7.75,7.75,7.550000190734863,7.75
2006-03-21,4500,7.800000190734863,7.800000190734863,7.800000190734863,7.650000095367432,7.800000190734863
2006-03-20,5900,7.550000190734863,7.800000190734863,8.0,7.550000190734863,7.800000190734863
2006-03-17,1600,7.75,7.550000190734863,7.75,7.550000190734863,7.550000190734863
2006-03-16,9000,7.650000095367432,7.599999904632568,7.900000095367432,7.550000190734863,7.599999904632568
2006-03-15,700,7.949999809265137,7.900000095367432,7.949999809265137,7.900000095367432,7.900000095367432
2006-03-14,2800,7.800000190734863,7.949999809265137,7.949999809265137,7.800000190734863,7.949999809265137
2006-03-13,3800,7.800000190734863,7.800000190734863,7.800000190734863,7.650000095367432,7.800000190734863
2006-03-10,1600,7.5,7.650000095367432,7.75,7.5,7.650000095367432
2006-03-09,2000,7.699999809265137,7.550000190734863,7.75,7.550000190734863,7.550000190734863
2006-03-08,9800,7.599999904632568,7.650000095367432,8.0,7.550000190734863,7.650000095367432
2006-03-07,800,7.650000095367432,7.599999904632568,7.699999809265137,7.599999904632568,7.599999904632568
2006-03-06,10400,7.650000095367432,7.449999809265137,7.849999904632568,7.449999809265137,7.449999809265137
2006-03-03,600,7.550000190734863,7.650000095367432,7.900000095367432,7.550000190734863,7.650000095367432
2006-03-02,1400,7.849999904632568,7.849999904632568,7.949999809265137,7.75,7.849999904632568
2006-03-01,3000,7.75,7.800000190734863,8.0,7.75,7.800000190734863
2006-02-28,3500,7.599999904632568,7.75,7.75,7.550000190734863,7.75
2006-02-27,5200,7.599999904632568,7.900000095367432,7.949999809265137,7.5,7.900000095367432
2006-02-24,1200,7.949999809265137,7.949999809265137,8.0,7.949999809265137,7.949999809265137
2006-02-23,2400,7.650000095367432,7.949999809265137,7.949999809265137,7.599999904632568,7.949999809265137
2006-02-22,1600,8.100000381469727,7.75,8.100000381469727,7.75,7.75
2006-02-21,6400,8.0,7.949999809265137,8.100000381469727,7.949999809265137,7.949999809265137
2006-02-17,5900,8.100000381469727,8.0,8.100000381469727,8.0,8.0
2006-02-16,3800,8.350000381469727,8.149999618530273,8.449999809265137,8.100000381469727,8.149999618530273
2006-02-15,10100,8.100000381469727,8.25,8.399999618530273,8.0,8.25
2006-02-14,900,7.400000095367432,7.900000095367432,7.900000095367432,7.400000095367432,7.900000095367432
2006-02-13,5200,8.100000381469727,7.550000190734863,8.100000381469727,7.25,7.550000190734863
2006-02-10,800,8.149999618530273,7.949999809265137,8.350000381469727,7.75,7.949999809265137
2006-02-09,9200,8.800000190734863,8.149999618530273,8.800000190734863,7.849999904632568,8.149999618530273
2006-02-08,4800,8.600000381469727,8.75,8.75,7.949999809265137,8.75
2006-02-07,2500,8.25,8.449999809265137,8.75,8.25,8.449999809265137
2006-02-06,500,7.849999904632568,8.25,8.25,7.699999809265137,8.25
2006-02-03,1700,8.050000190734863,8.050000190734863,8.399999618530273,8.050000190734863,8.050000190734863
2006-02-02,5200,7.5,8.100000381469727,8.100000381469727,7.5,8.100000381469727
2006-02-01,300,7.900000095367432,7.550000190734863,7.900000095367432,7.550000190734863,7.550000190734863
2006-01-31,3000,7.599999904632568,7.650000095367432,7.75,7.5,7.650000095367432
2006-01-30,3900,7.25,7.699999809265137,7.949999809265137,7.25,7.699999809265137
2006-01-27,3900,7.5,7.550000190734863,8.0,7.25,7.550000190734863
2006-01-26,4800,7.550000190734863,7.699999809265137,8.0,7.550000190734863,7.699999809265137
2006-01-25,4000,7.5,7.550000190734863,7.900000095367432,7.25,7.550000190734863
2006-01-24,21300,7.300000190734863,7.699999809265137,7.949999809265137,7.150000095367432,7.699999809265137
2006-01-23,2700,7.800000190734863,7.900000095367432,8.0,7.800000190734863,7.900000095367432
2006-01-20,1700,7.699999809265137,7.800000190734863,8.149999618530273,7.699999809265137,7.800000190734863
2006-01-19,3000,7.75,8.050000190734863,8.149999618530273,7.550000190734863,8.050000190734863
2006-01-18,7400,7.75,7.75,8.0,7.550000190734863,7.75
2006-01-17,11400,8.600000381469727,8.0,8.600000381469727,8.0,8.0
2006-01-13,3900,7.550000190734863,8.0,8.0,7.550000190734863,8.0
2006-01-12,8300,7.449999809265137,7.900000095367432,7.900000095367432,7.449999809265137,7.900000095367432
2006-01-11,6300,7.199999809265137,7.300000190734863,7.5,7.199999809265137,7.300000190734863
2006-01-10,8400,7.150000095367432,7.25,7.449999809265137,6.949999809265137,7.25
2006-01-09,3100,7.25,6.949999809265137,7.349999904632568,6.900000095367432,6.949999809265137
2006-01-06,1200,7.0,7.449999809265137,7.5,7.0,7.449999809265137
2006-01-05,800,6.949999809265137,6.949999809265137,7.0,6.900000095367432,6.949999809265137
2006-01-04,2900,7.099999904632568,6.900000095367432,7.099999904632568,6.800000190734863,6.900000095367432
2006-01-03,1800,7.199999809265137,7.150000095367432,7.199999809265137,7.050000190734863,7.150000095367432
2005-12-30,8600,7.0,7.199999809265137,7.25,6.849999904632568,7.199999809265137
2005-12-29,2300,7.150000095367432,7.050000190734863,7.199999809265137,7.050000190734863,7.050000190734863
2005-12-28,1800,7.150000095367432,7.150000095367432,7.150000095367432,7.050000190734863,7.150000095367432
2005-12-27,3400,7.099999904632568,7.150000095367432,7.25,7.099999904632568,7.150000095367432
2005-12-23,2300,7.0,7.300000190734863,7.400000095367432,7.0,7.300000190734863
2005-12-22,5700,7.5,7.300000190734863,7.5,6.949999809265137,7.300000190734863
2005-12-21,1800,7.849999904632568,7.099999904632568,7.849999904632568,6.949999809265137,7.099999904632568
2005-12-20,6700,7.25,7.25,7.449999809265137,7.199999809265137,7.25
2005-12-19,7000,6.699999809265137,7.050000190734863,7.400000095367432,6.699999809265137,7.050000190734863
2005-12-16,4900,6.75,6.800000190734863,6.800000190734863,6.699999809265137,6.800000190734863
2005-12-15,3000,6.800000190734863,6.75,6.949999809265137,6.75,6.75
2005-12-14,4000,6.75,6.800000190734863,6.949999809265137,6.650000095367432,6.800000190734863
2005-12-13,5600,6.75,6.849999904632568,6.900000095367432,6.650000095367432,6.849999904632568
2005-12-12,9800,6.75,6.800000190734863,6.900000095367432,6.599999904632568,6.800000190734863
2005-12-09,3500,6.75,6.949999809265137,7.0,6.75,6.949999809265137
2005-12-08,3500,6.699999809265137,6.699999809265137,6.949999809265137,6.699999809265137,6.699999809265137
2005-12-07,5600,6.849999904632568,6.699999809265137,6.900000095367432,6.699999809265137,6.699999809265137
2005-12-06,1100,7.0,7.0,7.050000190734863,6.900000095367432,7.0
2005-12-05,3300,6.849999904632568,7.050000190734863,7.099999904632568,6.849999904632568,7.050000190734863
2005-12-02,2800,7.0,6.949999809265137,7.0,6.849999904632568,6.949999809265137
2005-12-01,4200,6.75,7.050000190734863,7.099999904632568,6.75,7.050000190734863
2005-11-30,9800,7.0,6.800000190734863,7.099999904632568,6.75,6.800000190734863
2005-11-29,8100,7.25,6.900000095367432,7.25,6.849999904632568,6.900000095367432
2005-11-28,2000,7.25,7.449999809265137,7.5,7.150000095367432,7.449999809265137
2005-11-25,6400,7.449999809265137,7.400000095367432,7.949999809265137,7.400000095367432,7.400000095367432
2005-11-23,3500,6.900000095367432,7.25,7.349999904632568,6.900000095367432,7.25
2005-11-22,3100,7.0,7.050000190734863,7.349999904632568,7.0,7.050000190734863
2005-11-21,5200,7.050000190734863,6.949999809265137,7.25,6.900000095367432,6.949999809265137
2005-11-18,1900,7.050000190734863,7.25,7.400000095367432,7.050000190734863,7.25
2005-11-17,5300,7.199999809265137,7.300000190734863,7.400000095367432,6.900000095367432,7.300000190734863
2005-11-16,3600,6.949999809265137,6.900000095367432,7.0,6.849999904632568,6.900000095367432
2005-11-15,5000,7.050000190734863,6.849999904632568,7.099999904632568,6.849999904632568,6.849999904632568
2005-11-14,6000,7.0,7.150000095367432,7.150000095367432,6.949999809265137,7.150000095367432
2005-11-11,7100,6.800000190734863,7.199999809265137,7.199999809265137,6.75,7.199999809265137
2005-11-10,6500,7.449999809265137,7.25,7.5,7.150000095367432,7.25
2005-11-09,6700,7.349999904632568,7.300000190734863,7.550000190734863,7.25,7.300000190734863
2005-11-08,5000,7.5,7.400000095367432,7.550000190734863,7.25,7.400000095367432
2005-11-07,5400,7.599999904632568,7.5,7.900000095367432,7.5,7.5
2005-11-04,800,7.5,7.849999904632568,7.849999904632568,7.5,7.849999904632568
2005-11-03,5400,7.75,7.75,7.75,7.650000095367432,7.75
2005-11-02,1800,7.800000190734863,7.599999904632568,8.149999618530273,7.550000190734863,7.599999904632568
2005-11-01,2300,7.75,7.75,7.900000095367432,7.75,7.75
2005-10-31,1000,7.949999809265137,7.949999809265137,8.050000190734863,7.75,7.949999809265137
2005-10-28,2300,7.800000190734863,7.900000095367432,7.949999809265137,7.599999904632568,7.900000095367432
2005-10-27,800,7.599999904632568,7.599999904632568,7.849999904632568,7.599999904632568,7.599999904632568
2005-10-26,1200,7.699999809265137,7.599999904632568,7.699999809265137,7.550000190734863,7.599999904632568
2005-10-25,3800,7.75,7.599999904632568,7.75,7.5,7.599999904632568
2005-10-24,1000,7.599999904632568,7.75,7.75,7.599999904632568,7.75
2005-10-21,200,7.699999809265137,7.699999809265137,7.75,7.550000190734863,7.699999809265137
2005-10-20,2100,7.800000190734863,7.900000095367432,7.900000095367432,7.75,7.900000095367432
2005-10-19,300,7.949999809265137,7.900000095367432,8.0,7.75,7.900000095367432
2005-10-18,1500,8.050000190734863,7.900000095367432,8.050000190734863,7.800000190734863,7.900000095367432
2005-10-17,700,7.949999809265137,8.050000190734863,8.050000190734863,7.949999809265137,8.050000190734863
2005-10-14,1500,8.0,7.949999809265137,8.0,7.699999809265137,7.949999809265137
2005-10-13,2300,8.149999618530273,8.0,8.149999618530273,7.849999904632568,8.0
2005-10-12,2700,8.050000190734863,7.949999809265137,8.050000190734863,7.849999904632568,7.949999809265137
2005-10-11,200,8.100000381469727,8.149999618530273,8.149999618530273,8.100000381469727,8.149999618530273
2005-10-10,400,8.5,8.100000381469727,8.5,8.100000381469727,8.100000381469727
2005-10-07,1900,8.199999809265137,8.25,8.25,8.199999809265137,8.25
2005-10-06,3800,8.5,8.149999618530273,8.5,8.0,8.149999618530273
2005-10-05,1900,8.350000381469727,8.100000381469727,8.350000381469727,8.050000190734863,8.100000381469727
2005-10-04,800,8.300000190734863,8.149999618530273,8.350000381469727,8.149999618530273,8.149999618530273
2005-10-03,800,8.0,8.149999618530273,8.149999618530273,8.0,8.149999618530273
2005-09-30,2100,7.949999809265137,8.050000190734863,8.149999618530273,7.900000095367432,8.050000190734863
2005-09-29,300,8.0,7.949999809265137,8.0,7.949999809265137,7.949999809265137
2005-09-28,5300,8.399999618530273,8.0,8.399999618530273,7.75,8.0
2005-09-27,10200,8.25,8.399999618530273,9.550000190734863,8.0,8.399999618530273
2005-09-26,5400,8.399999618530273,8.25,8.550000190734863,8.25,8.25
2005-09-23,700,8.5,8.600000381469727,8.600000381469727,8.5,8.600000381469727
2005-09-22,500,8.550000190734863,8.5,8.649999618530273,8.5,8.5
2005-09-21,2100,8.5,8.5,8.5,8.399999618530273,8.5
2005-09-20,4500,9.0,8.5,9.0,8.5,8.5
2005-09-19,3100,8.75,8.550000190734863,8.75,8.550000190734863,8.550000190734863
2005-09-16,3300,9.100000381469727,8.75,9.100000381469727,8.649999618530273,8.75
2005-09-15,1400,8.800000190734863,9.100000381469727,9.100000381469727,8.699999809265137,9.100000381469727
2005-09-14,4700,8.449999809265137,8.75,8.800000190734863,8.449999809265137,8.75
2005-09-13,100,8.25,8.399999618530273,8.399999618530273,8.25,8.399999618530273
2005-09-12,600,8.350000381469727,8.600000381469727,8.600000381469727,8.25,8.600000381469727
2005-09-09,200,8.699999809265137,8.550000190734863,8.699999809265137,8.5,8.550000190734863
2005-09-08,5000,8.149999618530273,8.550000190734863,8.550000190734863,8.149999618530273,8.550000190734863
2005-09-07,1400,8.25,8.399999618530273,8.75,8.25,8.399999618530273
2005-09-06,800,8.149999618530273,8.5,8.5,8.149999618530273,8.5
2005-09-02,600,8.199999809265137,8.25,8.25,8.149999618530273,8.25
2005-09-01,5500,8.300000190734863,8.25,8.350000381469727,8.199999809265137,8.25
2005-08-31,5400,8.449999809265137,8.350000381469727,8.75,8.300000190734863,8.350000381469727
2005-08-30,800,8.449999809265137,8.449999809265137,8.5,8.199999809265137,8.449999809265137
2005-08-29,1300,8.899999618530273,8.5,8.899999618530273,8.0,8.5
2005-08-26,1800,8.199999809265137,8.449999809265137,8.449999809265137,8.199999809265137,8.449999809265137
2005-08-25,100,8.25,8.199999809265137,8.25,8.199999809265137,8.199999809265137
2005-08-24,2900,8.050000190734863,8.149999618530273,8.25,8.050000190734863,8.149999618530273
2005-08-23,2300,8.100000381469727,8.199999809265137,8.449999809265137,8.0,8.199999809265137
2005-08-22,2200,8.300000190734863,8.25,8.399999618530273,8.100000381469727,8.25
2005-08-19,3600,8.25,8.300000190734863,8.300000190734863,8.100000381469727,8.300000190734863
2005-08-18,5800,8.5,8.350000381469727,8.600000381469727,8.25,8.350000381469727
2005-08-17,300,8.5,8.5,8.600000381469727,8.5,8.5
2005-08-16,800,8.600000381469727,8.600000381469727,8.699999809265137,8.5,8.600000381469727
2005-08-15,6500,8.5,8.399999618530273,8.600000381469727,8.399999618530273,8.399999618530273
2005-08-12,2000,8.600000381469727,8.75,8.850000381469727,8.550000190734863,8.75
2005-08-11,4300,8.550000190734863,8.699999809265137,8.899999618530273,8.550000190734863,8.699999809265137
2005-08-10,3100,8.949999809265137,8.899999618530273,8.949999809265137,8.75,8.899999618530273
2005-08-09,1700,8.850000381469727,8.850000381469727,9.100000381469727,8.75,8.850000381469727
2005-08-08,5400,8.75,9.0,9.199999809265137,8.75,9.0
2005-08-05,2000,9.199999809265137,9.25,9.300000190734863,8.800000190734863,9.25
2005-08-04,700,9.0,9.050000190734863,9.25,8.75,9.050000190734863
2005-08-03,2000,9.0,9.399999618530273,9.399999618530273,9.0,9.399999618530273
2005-08-02,4800,8.5,8.949999809265137,9.0,8.5,8.949999809265137
2005-08-01,3200,8.5,9.300000190734863,9.350000381469727,8.5,9.300000190734863
2005-07-29,2900,9.399999618530273,9.399999618530273,9.399999618530273,9.100000381469727,9.399999618530273
2005-07-28,1400,9.600000381469727,9.399999618530273,9.600000381469727,9.399999618530273,9.399999618530273
2005-07-27,1400,9.800000190734863,9.399999618530273,9.800000190734863,9.25,9.399999618530273
2005-07-26,600,9.550000190734863,9.350000381469727,9.649999618530273,9.350000381469727,9.350000381469727
2005-07-25,1800,9.25,9.550000190734863,9.75,9.149999618530273,9.550000190734863
2005-07-22,900,9.25,9.25,9.25,9.25,9.25
2005-07-21,2300,9.649999618530273,9.25,9.649999618530273,9.25,9.25
2005-07-20,700,9.300000190734863,9.350000381469727,9.5,9.300000190734863,9.350000381469727
2005-07-19,4700,9.550000190734863,9.300000190734863,9.600000381469727,9.300000190734863,9.300000190734863
2005-07-18,1700,9.800000190734863,9.550000190734863,9.899999618530273,9.550000190734863,9.550000190734863
2005-07-15,5300,9.600000381469727,9.75,9.949999809265137,9.550000190734863,9.75
2005-07-14,2300,9.75,9.699999809265137,9.800000190734863,9.699999809265137,9.699999809265137
2005-07-13,2900,9.600000381469727,9.75,9.949999809265137,9.600000381469727,9.75
2005-07-12,7100,9.75,9.600000381469727,10.100000381469727,9.600000381469727,9.600000381469727
2005-07-11,2200,10.050000190734863,9.899999618530273,10.050000190734863,9.75,9.899999618530273
2005-07-08,1600,9.949999809265137,9.949999809265137,10.050000190734863,9.800000190734863,9.949999809265137
2005-07-07,1600,9.800000190734863,9.75,9.949999809265137,9.75,9.75
2005-07-06,1500,10.100000381469727,9.75,10.100000381469727,9.75,9.75
2005-07-05,1100,9.75,9.850000381469727,9.949999809265137,9.75,9.850000381469727
2005-07-01,1400,9.75,9.949999809265137,10.050000190734863,9.75,9.949999809265137
2005-06-30,2400,9.75,9.75,9.949999809265137,9.75,9.75
2005-06-29,4300,10.0,10.050000190734863,10.449999809265137,9.850000381469727,10.050000190734863
2005-06-28,3300,10.75,10.0,11.0,10.0,10.0
2005-06-27,4900,10.75,10.550000190734863,10.75,10.300000190734863,10.550000190734863
2005-06-24,2800,10.199999809265137,10.149999618530273,10.199999809265137,10.0,10.149999618530273
2005-06-23,3600,9.850000381469727,10.199999809265137,10.399999618530273,9.75,10.199999809265137
2005-06-22,500,9.899999618530273,9.899999618530273,9.899999618530273,9.899999618530273,9.899999618530273
2005-06-21,2300,9.899999618530273,9.899999618530273,10.0,9.800000190734863,9.899999618530273
2005-06-20,3700,10.25,9.899999618530273,10.25,9.899999618530273,9.899999618530273
2005-06-17,3600,10.25,9.899999618530273,10.300000190734863,9.800000190734863,9.899999618530273
2005-06-16,2700,10.649999618530273,9.850000381469727,10.649999618530273,9.75,9.850000381469727
2005-06-15,2500,10.5,10.0,10.5,10.0,10.0
2005-06-14,1900,10.25,10.199999809265137,10.5,10.199999809265137,10.199999809265137
2005-06-13,1400,10.399999618530273,10.75,10.75,10.399999618530273,10.75
2005-06-10,3700,10.350000381469727,10.5,10.699999809265137,10.300000190734863,10.5
2005-06-09,3400,10.25,10.25,11.199999809265137,9.899999618530273,10.25
2005-06-08,2300,10.550000190734863,9.899999618530273,11.0,9.899999618530273,9.899999618530273
2005-06-07,1700,10.75,10.550000190734863,10.75,10.399999618530273,10.550000190734863
2005-06-06,3700,10.399999618530273,10.649999618530273,10.699999809265137,10.0,10.649999618530273
2005-06-03,4800,10.5,10.350000381469727,10.550000190734863,9.899999618530273,10.350000381469727
2005-06-02,15500,10.5,10.600000381469727,11.149999618530273,9.899999618530273,10.600000381469727
2005-06-01,22700,8.800000190734863,9.899999618530273,10.5,8.800000190734863,9.899999618530273
2005-05-31,2300,8.75,8.550000190734863,8.899999618530273,8.399999618530273,8.550000190734863
2005-05-27,700,8.550000190734863,8.699999809265137,8.699999809265137,8.550000190734863,8.699999809265137
2005-05-26,4800,9.050000190734863,8.75,9.050000190734863,8.5,8.75
2005-05-25,1000,8.75,8.550000190734863,8.75,8.550000190734863,8.550000190734863
2005-05-24,1400,8.550000190734863,8.699999809265137,8.949999809265137,8.449999809265137,8.699999809265137
2005-05-23,3700,8.550000190734863,8.600000381469727,8.800000190734863,8.5,8.600000381469727
2005-05-20,100,8.699999809265137,8.550000190734863,8.699999809265137,8.550000190734863,8.550000190734863
2005-05-19,600,8.649999618530273,8.600000381469727,8.699999809265137,8.600000381469727,8.600000381469727
2005-05-18,700,8.550000190734863,8.550000190734863,8.649999618530273,8.550000190734863,8.550000190734863
2005-05-17,600,8.75,8.75,8.899999618530273,8.600000381469727,8.75
2005-05-16,1600,8.75,8.899999618530273,9.100000381469727,8.75,8.899999618530273
2005-05-13,1800,9.5,8.75,9.5,8.75,8.75
2005-05-12,1700,8.75,9.050000190734863,9.050000190734863,8.699999809265137,9.050000190734863
2005-05-11,15300,9.899999618530273,8.699999809265137,10.100000381469727,8.25,8.699999809265137
2005-05-10,8000,9.0,9.600000381469727,9.75,9.0,9.600000381469727
2005-05-09,2400,9.0,8.699999809265137,9.0,8.699999809265137,8.699999809265137
2005-05-06,1400,8.25,8.5,8.600000381469727,8.25,8.5
2005-05-05,3700,8.100000381469727,8.699999809265137,8.699999809265137,8.100000381469727,8.699999809265137
2005-05-04,2700,8.899999618530273,8.800000190734863,9.0,8.350000381469727,8.800000190734863
2005-05-03,2200,8.149999618530273,8.050000190734863,8.149999618530273,8.050000190734863,8.050000190734863
2005-05-02,7800,8.100000381469727,8.100000381469727,8.25,8.100000381469727,8.100000381469727
2005-04-29,11500,8.5,8.100000381469727,8.5,7.650000095367432,8.100000381469727
2005-04-28,2100,8.600000381469727,8.699999809265137,8.699999809265137,8.5,8.699999809265137
2005-04-27,1000,8.649999618530273,8.649999618530273,8.75,8.649999618530273,8.649999618530273
2005-04-26,1500,9.350000381469727,8.800000190734863,9.350000381469727,8.75,8.800000190734863
2005-04-25,6400,8.899999618530273,9.100000381469727,9.100000381469727,8.699999809265137,9.100000381469727
2005-04-22,1600,8.699999809265137,8.800000190734863,8.800000190734863,8.550000190734863,8.800000190734863
2005-04-21,3400,8.850000381469727,8.699999809265137,8.850000381469727,8.550000190734863,8.699999809265137
2005-04-20,3300,9.25,8.850000381469727,9.25,8.75,8.850000381469727
2005-04-19,1700,8.800000190734863,9.0,9.050000190734863,8.649999618530273,9.0
2005-04-18,2300,8.75,8.800000190734863,8.800000190734863,8.699999809265137,8.800000190734863
2005-04-15,3900,8.550000190734863,8.699999809265137,8.850000381469727,8.550000190734863,8.699999809265137
2005-04-14,6200,8.550000190734863,8.600000381469727,8.899999618530273,8.550000190734863,8.600000381469727
2005-04-13,2000,8.699999809265137,8.600000381469727,8.75,8.600000381469727,8.600000381469727
2005-04-12,4700,8.949999809265137,8.600000381469727,8.949999809265137,8.600000381469727,8.600000381469727
2005-04-11,2300,8.800000190734863,9.100000381469727,9.25,8.800000190734863,9.100000381469727
2005-04-08,1700,9.25,8.899999618530273,9.25,8.899999618530273,8.899999618530273
2005-04-07,1800,9.100000381469727,8.949999809265137,9.100000381469727,8.850000381469727,8.949999809265137
2005-04-06,2800,8.899999618530273,8.949999809265137,8.949999809265137,8.550000190734863,8.949999809265137
2005-04-05,6300,8.600000381469727,8.75,8.899999618530273,8.600000381469727,8.75
2005-04-04,5100,8.449999809265137,8.649999618530273,8.850000381469727,8.449999809265137,8.649999618530273
2005-04-01,13700,8.800000190734863,8.899999618530273,8.949999809265137,8.0,8.899999618530273
2005-03-31,22300,9.25,8.75,9.449999809265137,8.5,8.75
2005-03-30,4300,9.399999618530273,9.449999809265137,9.5,9.25,9.449999809265137
2005-03-29,3300,9.25,9.25,9.449999809265137,9.25,9.25
2005-03-28,4900,9.350000381469727,9.350000381469727,9.449999809265137,9.25,9.350000381469727
2005-03-24,5000,9.449999809265137,9.300000190734863,9.550000190734863,9.300000190734863,9.300000190734863
2005-03-23,3200,9.600000381469727,9.399999618530273,10.149999618530273,9.350000381469727,9.399999618530273
2005-03-22,8700,9.899999618530273,9.600000381469727,9.949999809265137,9.5,9.600000381469727
2005-03-21,13500,10.550000190734863,9.899999618530273,10.550000190734863,9.850000381469727,9.899999618530273
2005-03-18,11500,10.899999618530273,10.550000190734863,10.899999618530273,10.0,10.550000190734863
2005-03-17,8000,11.25,10.949999809265137,11.25,10.949999809265137,10.949999809265137
2005-03-16,3200,11.949999809265137,11.449999809265137,12.0,11.25,11.449999809265137
2005-03-15,5500,11.300000190734863,11.5,11.649999618530273,11.300000190734863,11.5
2005-03-14,5900,11.550000190734863,11.300000190734863,11.550000190734863,11.300000190734863,11.300000190734863
2005-03-11,9800,12.0,11.699999809265137,12.0,11.25,11.699999809265137
2005-03-10,5400,12.0,11.350000381469727,12.350000381469727,11.300000190734863,11.350000381469727
2005-03-09,9600,11.600000381469727,12.0,12.25,11.600000381469727,12.0
2005-03-08,13000,11.399999618530273,11.600000381469727,12.25,11.25,11.600000381469727
2005-03-07,14200,10.800000190734863,11.25,11.25,10.600000381469727,11.25
2005-03-04,19600,11.199999809265137,10.600000381469727,11.350000381469727,10.350000381469727,10.600000381469727
2005-03-03,8600,11.550000190734863,11.050000190734863,11.649999618530273,11.050000190734863,11.050000190734863
2005-03-02,6900,11.350000381469727,11.449999809265137,11.949999809265137,11.0,11.449999809265137
2005-03-01,18400,12.050000190734863,11.149999618530273,12.149999618530273,11.0,11.149999618530273
2005-02-28,24400,12.25,12.0,12.300000190734863,11.0,12.0
2005-02-25,22000,12.350000381469727,11.850000381469727,12.350000381469727,11.350000381469727,11.850000381469727
2005-02-24,16900,12.399999618530273,12.25,12.449999809265137,11.75,12.25
2005-02-23,24000,12.100000381469727,12.0,12.600000381469727,11.800000190734863,12.0
2005-02-22,77100,13.0,11.649999618530273,13.149999618530273,11.300000190734863,11.649999618530273
2005-02-18,321000,10.449999809265137,13.149999618530273,14.100000381469727,10.350000381469727,13.149999618530273
2005-02-17,35800,9.5,10.149999618530273,10.449999809265137,9.5,10.149999618530273
2005-02-16,6900,8.800000190734863,9.300000190734863,9.350000381469727,8.800000190734863,9.300000190734863
2005-02-15,3800,8.949999809265137,8.800000190734863,9.0,8.75,8.800000190734863
2005-02-14,8300,8.75,8.899999618530273,9.199999809265137,8.600000381469727,8.899999618530273
2005-02-11,4900,9.25,9.050000190734863,9.5,9.050000190734863,9.050000190734863
2005-02-10,12900,10.0,9.5,10.0,9.100000381469727,9.5
2005-02-09,39300,9.75,9.75,10.149999618530273,9.600000381469727,9.75
2005-02-08,37100,8.850000381469727,9.300000190734863,9.850000381469727,8.649999618530273,9.300000190734863
2005-02-07,14900,8.449999809265137,8.600000381469727,9.100000381469727,8.350000381469727,8.600000381469727
2005-02-04,1800,8.25,8.300000190734863,8.449999809265137,8.199999809265137,8.300000190734863
2005-02-03,3500,8.600000381469727,8.199999809265137,8.600000381469727,8.100000381469727,8.199999809265137
2005-02-02,3500,8.050000190734863,8.449999809265137,8.600000381469727,8.050000190734863,8.449999809265137
2005-02-01,1900,8.050000190734863,8.25,8.300000190734863,8.050000190734863,8.25
2005-01-31,5400,7.949999809265137,8.199999809265137,8.300000190734863,7.949999809265137,8.199999809265137
2005-01-28,900,8.25,8.0,8.25,7.949999809265137,8.0
2005-01-27,1100,8.149999618530273,8.0,8.149999618530273,8.0,8.0
2005-01-26,2800,8.25,8.300000190734863,8.449999809265137,8.050000190734863,8.300000190734863
2005-01-25,4700,8.050000190734863,8.149999618530273,8.300000190734863,7.949999809265137,8.149999618530273
2005-01-24,3700,8.600000381469727,8.100000381469727,8.600000381469727,8.100000381469727,8.100000381469727
2005-01-21,8100,8.399999618530273,8.399999618530273,8.600000381469727,8.300000190734863,8.399999618530273
2005-01-20,1500,8.550000190734863,8.5,8.550000190734863,8.399999618530273,8.5
2005-01-19,2300,8.300000190734863,8.5,8.5,8.25,8.5
2005-01-18,1000,8.550000190734863,8.350000381469727,8.550000190734863,8.25,8.350000381469727
2005-01-14,5400,8.300000190734863,8.600000381469727,8.600000381469727,8.300000190734863,8.600000381469727
2005-01-13,4200,8.25,8.350000381469727,8.550000190734863,8.25,8.350000381469727
2005-01-12,10600,8.300000190734863,8.199999809265137,8.300000190734863,8.0,8.199999809265137
2005-01-11,2800,8.25,8.100000381469727,8.350000381469727,8.100000381469727,8.100000381469727
2005-01-10,4500,8.600000381469727,8.300000190734863,8.699999809265137,8.300000190734863,8.300000190734863
2005-01-07,4700,8.5,8.300000190734863,8.550000190734863,8.300000190734863,8.300000190734863
2005-01-06,8700,8.5,8.100000381469727,8.649999618530273,8.100000381469727,8.100000381469727
2005-01-05,4800,8.850000381469727,8.5,9.149999618530273,8.5,8.5
2005-01-04,6500,9.050000190734863,8.949999809265137,9.050000190734863,8.699999809265137,8.949999809265137
2005-01-03,10500,8.649999618530273,8.75,9.050000190734863,8.399999618530273,8.75
2004-12-31,5000,8.149999618530273,8.25,8.399999618530273,8.149999618530273,8.25
2004-12-30,4900,8.25,8.300000190734863,8.350000381469727,8.149999618530273,8.300000190734863
2004-12-29,10400,8.5,8.300000190734863,8.600000381469727,8.25,8.300000190734863
2004-12-28,10100,8.0,8.25,8.25,8.0,8.25
2004-12-27,7300,7.949999809265137,8.199999809265137,8.25,7.949999809265137,8.199999809265137
2004-12-23,7200,7.800000190734863,7.949999809265137,8.050000190734863,7.75,7.949999809265137
2004-12-22,8400,8.0,7.900000095367432,8.25,7.699999809265137,7.900000095367432
2004-12-21,5200,7.949999809265137,7.900000095367432,8.25,7.800000190734863,7.900000095367432
2004-12-20,18000,7.75,8.100000381469727,8.199999809265137,7.75,8.100000381469727
2004-12-17,1200,7.800000190734863,7.800000190734863,7.849999904632568,7.75,7.800000190734863
2004-12-16,4900,7.900000095367432,7.849999904632568,7.949999809265137,7.75,7.849999904632568
2004-12-15,23800,7.599999904632568,7.900000095367432,7.900000095367432,7.5,7.900000095367432
2004-12-14,10400,7.5,7.849999904632568,7.849999904632568,7.5,7.849999904632568
2004-12-13,17200,7.599999904632568,7.699999809265137,7.75,7.5,7.699999809265137
2004-12-10,7700,7.75,7.650000095367432,7.849999904632568,7.5,7.650000095367432
2004-12-09,3800,7.800000190734863,7.849999904632568,7.949999809265137,7.599999904632568,7.849999904632568
2004-12-08,5400,8.0,8.0,8.100000381469727,7.699999809265137,8.0
2004-12-07,11700,8.149999618530273,8.0,8.350000381469727,8.0,8.0
2004-12-06,15600,8.449999809265137,8.25,8.449999809265137,7.849999904632568,8.25
2004-12-03,7300,7.75,7.699999809265137,7.900000095367432,7.699999809265137,7.699999809265137
2004-12-02,2300,7.400000095367432,7.699999809265137,7.800000190734863,7.400000095367432,7.699999809265137
2004-12-01,8200,7.5,7.699999809265137,7.75,7.5,7.699999809265137
2004-11-30,3500,7.849999904632568,7.5,7.849999904632568,7.349999904632568,7.5
2004-11-29,6000,7.300000190734863,7.599999904632568,7.699999809265137,7.300000190734863,7.599999904632568
2004-11-26,2300,7.5,7.699999809265137,7.800000190734863,7.5,7.699999809265137
2004-11-24,9800,7.699999809265137,7.349999904632568,7.699999809265137,7.25,7.349999904632568
2004-11-23,19100,7.949999809265137,7.349999904632568,7.949999809265137,7.099999904632568,7.349999904632568
2004-11-22,12600,7.599999904632568,7.400000095367432,7.650000095367432,7.150000095367432,7.400000095367432
2004-11-19,11500,7.449999809265137,7.25,7.449999809265137,7.199999809265137,7.25
2004-11-18,11100,7.75,7.400000095367432,7.75,7.150000095367432,7.400000095367432
2004-11-17,15200,7.75,7.5,7.900000095367432,7.449999809265137,7.5
2004-11-16,11600,7.599999904632568,7.75,7.800000190734863,7.400000095367432,7.75
2004-11-15,25100,8.0,7.599999904632568,8.0,7.400000095367432,7.599999904632568
2004-11-12,89300,9.850000381469727,7.900000095367432,9.949999809265137,7.5,7.900000095367432
2004-11-11,11800,10.0,9.75,10.0,9.550000190734863,9.75
2004-11-10,9700,10.0,9.949999809265137,10.25,9.350000381469727,9.949999809265137
2004-11-09,16800,9.75,10.0,10.399999618530273,9.050000190734863,10.0
2004-11-08,26700,10.25,10.199999809265137,10.75,9.550000190734863,10.199999809265137
2004-11-05,8700,7.550000190734863,9.399999618530273,9.5,7.550000190734863,9.399999618530273
2004-11-04,1200,9.0,8.800000190734863,9.0,8.649999618530273,8.800000190734863
2004-11-03,1200,8.899999618530273,8.699999809265137,8.899999618530273,8.550000190734863,8.699999809265137
2004-11-02,500,8.75,8.449999809265137,8.75,8.449999809265137,8.449999809265137
2004-11-01,2100,8.300000190734863,8.399999618530273,8.850000381469727,8.300000190734863,8.399999618530273
2004-10-29,6600,8.5,8.75,8.899999618530273,8.5,8.75
2004-10-28,3000,7.900000095367432,8.300000190734863,8.5,7.900000095367432,8.300000190734863
2004-10-27,1600,8.199999809265137,8.149999618530273,8.25,8.0,8.149999618530273
2004-10-26,2000,7.800000190734863,8.100000381469727,8.100000381469727,7.800000190734863,8.100000381469727
2004-10-25,2900,7.599999904632568,8.0,8.149999618530273,7.5,8.0
2004-10-22,1900,8.25,8.0,8.25,7.75,8.0
2004-10-21,17000,8.5,8.199999809265137,8.949999809265137,7.0,8.199999809265137
2004-10-20,1400,8.899999618530273,9.0,9.199999809265137,8.75,9.0
2004-10-19,1600,8.850000381469727,9.0,9.300000190734863,8.850000381469727,9.0
2004-10-18,3900,8.300000190734863,9.0,9.300000190734863,8.25,9.0
2004-10-15,5800,9.5,9.100000381469727,9.5,9.0,9.100000381469727
2004-10-14,4100,9.0,9.199999809265137,9.350000381469727,9.0,9.199999809265137
2004-10-13,2900,8.699999809265137,9.0,9.25,8.699999809265137,9.0
2004-10-12,1600,9.350000381469727,9.0,9.350000381469727,8.649999618530273,9.0
2004-10-11,3600,9.399999618530273,9.050000190734863,9.399999618530273,8.649999618530273,9.050000190734863
2004-10-08,8900,9.449999809265137,9.100000381469727,10.0,8.350000381469727,9.100000381469727
2004-10-07,3100,8.300000190734863,8.399999618530273,8.800000190734863,8.300000190734863,8.399999618530273
2004-10-06,11800,8.699999809265137,8.850000381469727,9.100000381469727,8.050000190734863,8.850000381469727
2004-10-05,4400,8.300000190734863,8.350000381469727,8.449999809265137,8.25,8.350000381469727
2004-10-04,7100,8.199999809265137,8.300000190734863,8.300000190734863,8.0,8.300000190734863
2004-10-01,2300,8.199999809265137,8.100000381469727,8.199999809265137,8.0,8.100000381469727
2004-09-30,4400,8.0,8.199999809265137,8.300000190734863,7.75,8.199999809265137
2004-09-29,1400,8.399999618530273,8.0,8.399999618530273,8.0,8.0
2004-09-28,2200,8.0,8.100000381469727,8.199999809265137,8.0,8.100000381469727
2004-09-27,2500,8.5,8.25,8.5,8.25,8.25
2004-09-24,3900,8.800000190734863,8.5,8.800000190734863,8.5,8.5
2004-09-23,4100,8.550000190734863,8.75,8.75,8.300000190734863,8.75
2004-09-22,10900,7.900000095367432,8.350000381469727,8.550000190734863,7.849999904632568,8.350000381469727
2004-09-21,3200,7.849999904632568,7.75,7.849999904632568,7.5,7.75
2004-09-20,1100,7.650000095367432,7.5,7.75,7.5,7.5
2004-09-17,1000,7.800000190734863,7.699999809265137,7.800000190734863,7.599999904632568,7.699999809265137
2004-09-16,4400,7.75,7.800000190734863,7.900000095367432,7.599999904632568,7.800000190734863
2004-09-15,6500,7.550000190734863,7.5,7.849999904632568,7.449999809265137,7.5
2004-09-14,10900,7.5,7.5,7.900000095367432,7.449999809265137,7.5
2004-09-13,4000,7.349999904632568,7.650000095367432,7.949999809265137,7.349999904632568,7.650000095367432
2004-09-10,3400,7.25,7.599999904632568,7.800000190734863,7.25,7.599999904632568
2004-09-09,5100,7.25,7.75,7.75,7.25,7.75
2004-09-08,8400,7.949999809265137,7.5,8.050000190734863,7.5,7.5
2004-09-07,3200,8.149999618530273,7.900000095367432,8.199999809265137,7.650000095367432,7.900000095367432
2004-09-03,4300,7.5,8.100000381469727,8.100000381469727,7.5,8.100000381469727
2004-09-02,2500,8.300000190734863,7.5,8.300000190734863,7.400000095367432,7.5
2004-09-01,21600,7.75,7.650000095367432,7.900000095367432,7.349999904632568,7.650000095367432
2004-08-31,5300,7.75,7.5,7.75,7.5,7.5
2004-08-30,6200,7.800000190734863,7.949999809265137,8.199999809265137,7.5,7.949999809265137
2004-08-27,8600,8.399999618530273,8.0,8.399999618530273,7.5,8.0
2004-08-26,25700,9.050000190734863,8.0,9.350000381469727,7.550000190734863,8.0
2004-08-25,12800,9.25,8.550000190734863,9.300000190734863,8.0,8.550000190734863
2004-08-24,12300,7.75,8.75,9.25,7.550000190734863,8.75
2004-08-23,9700,8.25,8.699999809265137,9.0,8.25,8.699999809265137
2004-08-20,28900,7.0,8.050000190734863,8.5,7.0,8.050000190734863
2004-08-19,1400,6.900000095367432,6.900000095367432,7.050000190734863,6.900000095367432,6.900000095367432
2004-08-18,5600,6.849999904632568,7.050000190734863,7.300000190734863,6.849999904632568,7.050000190734863
2004-08-17,7500,7.25,6.849999904632568,7.349999904632568,6.849999904632568,6.849999904632568
2004-08-16,5600,7.099999904632568,7.199999809265137,7.400000095367432,7.099999904632568,7.199999809265137
2004-08-13,18100,6.550000190734863,7.400000095367432,7.5,6.550000190734863,7.400000095367432
2004-08-12,11800,7.599999904632568,6.75,7.650000095367432,6.5,6.75
2004-08-11,10100,7.199999809265137,6.75,7.349999904632568,6.599999904632568,6.75
2004-08-10,4900,7.550000190734863,7.5,7.949999809265137,7.5,7.5
2004-08-09,3600,7.949999809265137,7.849999904632568,8.199999809265137,7.5,7.849999904632568
2004-08-06,1500,8.550000190734863,7.949999809265137,8.550000190734863,7.75,7.949999809265137
2004-08-05,3800,8.449999809265137,8.25,8.449999809265137,8.199999809265137,8.25
2004-08-04,8300,8.350000381469727,8.600000381469727,8.75,7.949999809265137,8.600000381469727
2004-08-03,2100,8.399999618530273,8.5,8.699999809265137,8.350000381469727,8.5
2004-08-02,13600,9.850000381469727,8.449999809265137,9.899999618530273,8.300000190734863,8.449999809265137
2004-07-30,11300,7.550000190734863,8.199999809265137,8.850000381469727,7.550000190734863,8.199999809265137
2004-07-29,9300,6.599999904632568,7.699999809265137,7.75,6.599999904632568,7.699999809265137
2004-07-28,14800,6.900000095367432,6.800000190734863,7.050000190734863,6.650000095367432,6.800000190734863
2004-07-27,10700,7.300000190734863,7.099999904632568,7.75,6.849999904632568,7.099999904632568
2004-07-26,10500,8.199999809265137,7.599999904632568,8.350000381469727,7.449999809265137,7.599999904632568
2004-07-23,7000,8.5,8.300000190734863,8.75,8.25,8.300000190734863
2004-07-22,10200,9.25,8.899999618530273,9.25,8.649999618530273,8.899999618530273
2004-07-21,10000,9.949999809265137,9.25,10.0,9.149999618530273,9.25
2004-07-20,8900,9.600000381469727,9.899999618530273,10.0,9.600000381469727,9.899999618530273
2004-07-19,2700,9.800000190734863,10.0,10.050000190734863,9.800000190734863,10.0
2004-07-16,3100,9.699999809265137,10.0,10.050000190734863,9.699999809265137,10.0
2004-07-15,8700,9.75,9.649999618530273,10.149999618530273,9.649999618530273,9.649999618530273
2004-07-14,9100,9.449999809265137,9.949999809265137,10.300000190734863,9.449999809265137,9.949999809265137
2004-07-13,24600,10.75,9.550000190734863,11.0,9.5,9.550000190734863
2004-07-12,18400,11.050000190734863,10.399999618530273,11.050000190734863,10.199999809265137,10.399999618530273
2004-07-09,3200,10.899999618530273,10.75,10.949999809265137,10.75,10.75
2004-07-08,6200,12.100000381469727,10.949999809265137,12.100000381469727,10.800000190734863,10.949999809265137
2004-07-07,2500,10.800000190734863,10.850000381469727,10.949999809265137,10.800000190734863,10.850000381469727
2004-07-06,2900,11.25,10.800000190734863,11.75,10.800000190734863,10.800000190734863
2004-07-02,2100,10.850000381469727,10.850000381469727,11.350000381469727,10.850000381469727,10.850000381469727
2004-07-01,6400,11.100000381469727,10.850000381469727,11.300000190734863,10.800000190734863,10.850000381469727
2004-06-30,3800,11.25,11.350000381469727,11.800000190734863,11.199999809265137,11.350000381469727
2004-06-29,2700,11.300000190734863,11.449999809265137,11.949999809265137,11.300000190734863,11.449999809265137
2004-06-28,9000,11.949999809265137,11.300000190734863,11.949999809265137,11.300000190734863,11.300000190734863
2004-06-25,5500,11.5,11.850000381469727,11.949999809265137,11.449999809265137,11.850000381469727
2004-06-24,6700,11.949999809265137,11.800000190734863,11.949999809265137,11.300000190734863,11.800000190734863
2004-06-23,5100,12.300000190734863,11.550000190734863,12.300000190734863,11.100000381469727,11.550000190734863
2004-06-22,9200,11.5,11.100000381469727,12.050000190734863,11.050000190734863,11.100000381469727
2004-06-21,9600,11.100000381469727,11.649999618530273,12.199999809265137,11.0,11.649999618530273
2004-06-18,7000,11.0,11.0,11.600000381469727,11.0,11.0
2004-06-17,9000,11.699999809265137,11.100000381469727,11.699999809265137,11.050000190734863,11.100000381469727
2004-06-16,9300,11.75,11.75,11.899999618530273,11.0,11.75
2004-06-15,11700,12.25,11.800000190734863,12.300000190734863,11.75,11.800000190734863
2004-06-14,62100,14.0,12.050000190734863,14.25,11.75,12.050000190734863
2004-06-10,66800,11.800000190734863,12.699999809265137,13.149999618530273,11.800000190734863,12.699999809265137
2004-06-09,14100,10.949999809265137,11.75,11.75,10.600000381469727,11.75
2004-06-08,1200,11.300000190734863,10.949999809265137,11.300000190734863,10.949999809265137,10.949999809265137
2004-06-07,5100,10.899999618530273,11.0,11.199999809265137,10.699999809265137,11.0
2004-06-04,5300,10.75,10.350000381469727,10.949999809265137,10.300000190734863,10.350000381469727
2004-06-03,3000,10.550000190734863,10.5,10.800000190734863,10.5,10.5
2004-06-02,9600,11.25,10.600000381469727,11.25,10.600000381469727,10.600000381469727
2004-06-01,4600,10.5,10.899999618530273,11.0,10.5,10.899999618530273
2004-05-28,4000,10.100000381469727,10.649999618530273,10.649999618530273,10.100000381469727,10.649999618530273
2004-05-27,7400,10.050000190734863,10.100000381469727,10.5,9.75,10.100000381469727
2004-05-26,7300,10.699999809265137,10.050000190734863,10.699999809265137,10.0,10.050000190734863
2004-05-25,6300,10.399999618530273,10.199999809265137,10.550000190734863,10.050000190734863,10.199999809265137
2004-05-24,11400,10.350000381469727,10.399999618530273,10.449999809265137,10.0,10.399999618530273
2004-05-21,3000,10.600000381469727,10.199999809265137,10.600000381469727,10.199999809265137,10.199999809265137
2004-05-20,4100,10.149999618530273,10.149999618530273,10.5,10.149999618530273,10.149999618530273
2004-05-19,8200,10.899999618530273,10.350000381469727,10.949999809265137,10.350000381469727,10.350000381469727
2004-05-18,12300,10.5,10.5,11.350000381469727,10.25,10.5
2004-05-17,12800,10.649999618530273,10.050000190734863,10.649999618530273,10.050000190734863,10.050000190734863
2004-05-14,4700,11.449999809265137,10.800000190734863,11.449999809265137,10.75,10.800000190734863
2004-05-13,7000,11.25,11.25,11.449999809265137,10.949999809265137,11.25
2004-05-12,7600,11.75,11.399999618530273,11.75,10.949999809265137,11.399999618530273
2004-05-11,13500,12.699999809265137,11.5,12.899999618530273,11.449999809265137,11.5
2004-05-10,22800,12.300000190734863,12.199999809265137,12.449999809265137,11.25,12.199999809265137
2004-05-07,67500,10.949999809265137,12.0,14.0,10.550000190734863,12.0
2004-05-06,8200,10.899999618530273,10.850000381469727,11.199999809265137,10.5,10.850000381469727
2004-05-05,20800,10.5,10.949999809265137,11.5,10.5,10.949999809265137
2004-05-04,12400,9.800000190734863,10.300000190734863,10.449999809265137,9.5,10.300000190734863
2004-05-03,16400,9.850000381469727,9.800000190734863,10.350000381469727,9.75,9.800000190734863
2004-04-30,11500,10.0,9.949999809265137,10.550000190734863,9.949999809265137,9.949999809265137
2004-04-29,29500,10.350000381469727,10.350000381469727,11.0,9.949999809265137,10.350000381469727
2004-04-28,26900,11.199999809265137,10.899999618530273,11.350000381469727,10.399999618530273,10.899999618530273
2004-04-27,28400,12.300000190734863,11.449999809265137,12.699999809265137,11.25,11.449999809265137
2004-04-26,17800,12.699999809265137,11.899999618530273,12.699999809265137,11.899999618530273,11.899999618530273
2004-04-23,8000,13.0,12.649999618530273,13.0,12.600000381469727,12.649999618530273
2004-04-22,13500,11.949999809265137,13.100000381469727,13.300000190734863,11.949999809265137,13.100000381469727
2004-04-21,21500,12.300000190734863,12.25,12.5,12.0,12.25
2004-04-20,30900,13.149999618530273,12.399999618530273,13.550000190734863,12.25,12.399999618530273
2004-04-19,26000,14.350000381469727,13.149999618530273,14.350000381469727,13.0,13.149999618530273
2004-04-16,13400,14.5,14.350000381469727,14.5,13.850000381469727,14.350000381469727
2004-04-15,15400,14.600000381469727,14.5,14.949999809265137,14.050000190734863,14.5
2004-04-14,11600,15.050000190734863,15.0,15.25,14.649999618530273,15.0
2004-04-13,10600,14.899999618530273,14.600000381469727,15.0,14.550000190734863,14.600000381469727
2004-04-12,19900,14.649999618530273,14.800000190734863,15.5,14.550000190734863,14.800000190734863
2004-04-08,30900,15.649999618530273,14.600000381469727,15.649999618530273,14.199999809265137,14.600000381469727
2004-04-07,11500,15.0,15.350000381469727,15.600000381469727,14.649999618530273,15.350000381469727
2004-04-06,46200,14.100000381469727,15.0,15.75,13.800000190734863,15.0
2004-04-05,15400,16.5,15.449999809265137,16.5,15.399999618530273,15.449999809265137
2004-04-02,24400,16.5,16.350000381469727,16.75,15.850000381469727,16.350000381469727
2004-04-01,28900,15.600000381469727,16.299999237060547,16.5,15.5,16.299999237060547
2004-03-31,26500,14.800000190734863,15.600000381469727,15.899999618530273,14.800000190734863,15.600000381469727
2004-03-30,28100,16.149999618530273,15.350000381469727,16.149999618530273,14.800000190734863,15.350000381469727
2004-03-29,31800,15.649999618530273,15.949999809265137,16.649999618530273,15.5,15.949999809265137
2004-03-26,54600,15.0,16.049999237060547,16.899999618530273,14.649999618530273,16.049999237060547
2004-03-25,31300,15.25,14.800000190734863,15.25,14.100000381469727,14.800000190734863
2004-03-24,22200,15.5,15.199999809265137,15.5,14.699999809265137,15.199999809265137
2004-03-23,48200,16.0,15.199999809265137,16.649999618530273,14.25,15.199999809265137
2004-03-22,40300,16.5,16.0,16.75,15.350000381469727,16.0
2004-03-19,58100,17.450000762939453,16.75,17.450000762939453,16.399999618530273,16.75
2004-03-18,99100,17.399999618530273,17.450000762939453,17.899999618530273,16.299999237060547,17.450000762939453
2004-03-17,780900,17.149999618530273,17.149999618530273,20.399999618530273,16.549999237060547,17.149999618530273
2004-03-16,131800,14.600000381469727,15.0,15.949999809265137,14.050000190734863,15.0
2004-03-15,29500,13.600000381469727,14.0,14.899999618530273,13.300000190734863,14.0
2004-03-12,8200,13.100000381469727,13.25,13.75,12.699999809265137,13.25
2004-03-11,20500,12.149999618530273,12.649999618530273,13.75,12.050000190734863,12.649999618530273
2004-03-10,53200,13.149999618530273,12.949999809265137,14.5,12.800000190734863,12.949999809265137
2004-03-09,45600,13.5,12.399999618530273,14.199999809265137,11.949999809265137,12.399999618530273
2004-03-08,39400,15.100000381469727,13.75,15.100000381469727,13.5,13.75
2004-03-05,111500,15.0,15.25,15.25,13.550000190734863,15.25
2004-03-04,246700,13.149999618530273,15.399999618530273,15.5,12.350000381469727,15.399999618530273
2004-03-03,10500,12.25,13.0,13.050000190734863,11.949999809265137,13.0
2004-03-02,10500,13.0,12.399999618530273,13.25,12.149999618530273,12.399999618530273
2004-03-01,29400,11.850000381469727,12.949999809265137,13.149999618530273,11.649999618530273,12.949999809265137
2004-02-27,7700,11.649999618530273,11.75,11.75,10.949999809265137,11.75
2004-02-26,8700,10.199999809265137,11.399999618530273,11.649999618530273,10.199999809265137,11.399999618530273
2004-02-25,10300,10.25,10.449999809265137,10.899999618530273,10.25,10.449999809265137
2004-02-24,37700,11.899999618530273,10.550000190734863,11.899999618530273,10.25,10.550000190734863
2004-02-23,20200,12.550000190734863,11.899999618530273,12.550000190734863,11.800000190734863,11.899999618530273
2004-02-20,23900,13.0,12.5,13.0,11.75,12.5
2004-02-19,18900,11.899999618530273,12.899999618530273,13.199999809265137,11.899999618530273,12.899999618530273
2004-02-18,26300,12.399999618530273,12.649999618530273,12.649999618530273,11.550000190734863,12.649999618530273
2004-02-17,10900,12.5,12.25,12.699999809265137,12.0,12.25
2004-02-13,18000,12.949999809265137,12.449999809265137,12.949999809265137,11.550000190734863,12.449999809265137
2004-02-12,30100,11.550000190734863,12.449999809265137,12.949999809265137,11.25,12.449999809265137
2004-02-11,81600,13.0,11.449999809265137,13.75,11.350000381469727,11.449999809265137
2004-02-10,27400,12.649999618530273,12.699999809265137,13.5,12.550000190734863,12.699999809265137
2004-02-09,49800,13.5,12.850000381469727,13.600000381469727,12.75,12.850000381469727
2004-02-06,131000,11.600000381469727,13.199999809265137,13.600000381469727,11.25,13.199999809265137
2004-02-05,18700,11.699999809265137,11.5,11.699999809265137,11.050000190734863,11.5
2004-02-04,26600,11.25,11.5,11.949999809265137,11.149999618530273,11.5
2004-02-03,32900,10.5,11.149999618530273,11.899999618530273,9.75,11.149999618530273
2004-02-02,4500,10.449999809265137,10.149999618530273,10.649999618530273,10.050000190734863,10.149999618530273
2004-01-30,9800,10.300000190734863,10.449999809265137,10.75,9.75,10.449999809265137
2004-01-29,9600,10.949999809265137,10.550000190734863,10.949999809265137,10.0,10.550000190734863
2004-01-28,17100,10.199999809265137,10.649999618530273,11.100000381469727,10.149999618530273,10.649999618530273
2004-01-27,35900,11.25,10.399999618530273,11.25,10.149999618530273,10.399999618530273
2004-01-26,70100,10.100000381469727,11.100000381469727,11.300000190734863,9.75,11.100000381469727
2004-01-23,46400,9.25,9.550000190734863,10.449999809265137,9.0,9.550000190734863
2004-01-22,17200,8.350000381469727,9.050000190734863,9.25,8.350000381469727,9.050000190734863
2004-01-21,5500,8.75,8.300000190734863,8.75,8.100000381469727,8.300000190734863
2004-01-20,8800,8.5,8.399999618530273,8.699999809265137,8.100000381469727,8.399999618530273
2004-01-16,3500,8.5,8.350000381469727,8.5,8.0,8.350000381469727
2004-01-15,2800,8.5,8.149999618530273,8.75,8.050000190734863,8.149999618530273
2004-01-14,1000,8.199999809265137,8.25,8.25,8.100000381469727,8.25
2004-01-13,3800,8.350000381469727,8.25,8.800000190734863,8.25,8.25
2004-01-12,4800,8.399999618530273,8.199999809265137,8.399999618530273,8.100000381469727,8.199999809265137
2004-01-09,3000,8.550000190734863,8.399999618530273,8.550000190734863,8.199999809265137,8.399999618530273
2004-01-08,7400,8.300000190734863,8.75,8.75,8.149999618530273,8.75
2004-01-07,8200,8.649999618530273,8.5,8.75,8.0,8.5
2004-01-06,3300,7.949999809265137,8.350000381469727,8.850000381469727,7.75,8.350000381469727
2004-01-05,1900,8.100000381469727,8.300000190734863,8.75,8.100000381469727,8.300000190734863
2004-01-02,8500,9.449999809265137,8.5,9.5,8.25,8.5
2003-12-31,18700,8.5,9.0,9.25,7.300000190734863,9.0
2003-12-30,9000,8.649999618530273,8.050000190734863,8.649999618530273,8.050000190734863,8.050000190734863
2003-12-29,9200,8.100000381469727,8.199999809265137,8.600000381469727,8.0,8.199999809265137
2003-12-26,15200,7.0,7.949999809265137,8.699999809265137,7.0,7.949999809265137
2003-12-24,3700,6.599999904632568,7.0,7.0,6.599999904632568,7.0
2003-12-23,3300,7.150000095367432,6.949999809265137,7.199999809265137,6.800000190734863,6.949999809265137
2003-12-22,10100,6.949999809265137,6.949999809265137,7.050000190734863,6.550000190734863,6.949999809265137
2003-12-19,1400,7.0,7.0,7.0,6.949999809265137,7.0
2003-12-18,9800,7.199999809265137,7.0,7.25,6.75,7.0
2003-12-17,3100,7.5,7.25,7.5,6.699999809265137,7.25
2003-12-16,3100,7.75,7.349999904632568,7.75,7.349999904632568,7.349999904632568
2003-12-15,10200,8.050000190734863,7.599999904632568,8.550000190734863,7.449999809265137,7.599999904632568
2003-12-12,8600,8.449999809265137,8.25,8.649999618530273,7.300000190734863,8.25
2003-12-11,9700,7.0,8.100000381469727,8.149999618530273,6.949999809265137,8.100000381469727
2003-12-10,21500,7.699999809265137,7.349999904632568,7.900000095367432,6.5,7.349999904632568
2003-12-09,19000,8.75,7.900000095367432,8.75,7.599999904632568,7.900000095367432
2003-12-08,2300,8.949999809265137,8.800000190734863,9.0,8.800000190734863,8.800000190734863
2003-12-05,3600,9.600000381469727,8.949999809265137,9.600000381469727,8.75,8.949999809265137
2003-12-04,3500,9.399999618530273,9.149999618530273,9.399999618530273,9.0,9.149999618530273
2003-12-03,3000,9.550000190734863,9.300000190734863,9.850000381469727,9.300000190734863,9.300000190734863
2003-12-02,3400,9.850000381469727,9.649999618530273,9.850000381469727,9.300000190734863,9.649999618530273
2003-12-01,6800,10.149999618530273,9.850000381469727,10.25,9.399999618530273,9.850000381469727
2003-11-28,600,9.699999809265137,9.899999618530273,9.899999618530273,9.649999618530273,9.899999618530273
2003-11-26,6000,10.050000190734863,9.350000381469727,10.050000190734863,9.300000190734863,9.350000381469727
2003-11-25,10600,8.75,10.0,10.25,8.75,10.0
2003-11-24,6400,9.449999809265137,9.050000190734863,9.449999809265137,8.75,9.050000190734863
2003-11-21,3700,9.5,9.25,9.5,9.25,9.25
2003-11-20,10800,9.5,9.699999809265137,10.449999809265137,9.5,9.699999809265137
2003-11-19,4500,9.449999809265137,9.949999809265137,10.350000381469727,9.449999809265137,9.949999809265137
2003-11-18,15800,9.100000381469727,9.899999618530273,10.0,9.100000381469727,9.899999618530273
2003-11-17,16400,10.0,9.100000381469727,10.050000190734863,9.050000190734863,9.100000381469727
2003-11-14,12300,10.350000381469727,9.800000190734863,10.949999809265137,9.600000381469727,9.800000190734863
2003-11-13,12400,10.699999809265137,10.350000381469727,10.699999809265137,10.100000381469727,10.350000381469727
2003-11-12,13900,10.600000381469727,10.550000190734863,10.800000190734863,10.050000190734863,10.550000190734863
2003-11-11,34000,11.25,10.600000381469727,11.899999618530273,10.199999809265137,10.600000381469727
2003-11-10,107700,9.75,11.449999809265137,12.050000190734863,9.300000190734863,11.449999809265137
2003-11-07,19700,10.100000381469727,9.649999618530273,10.5,9.100000381469727,9.649999618530273
2003-11-06,27500,10.649999618530273,10.399999618530273,10.75,9.899999618530273,10.399999618530273
2003-11-05,128900,9.050000190734863,10.0,11.0,8.899999618530273,10.0
2003-11-04,64600,9.800000190734863,9.149999618530273,10.0,8.75,9.149999618530273
2003-11-03,91000,6.699999809265137,9.600000381469727,9.850000381469727,6.449999809265137,9.600000381469727
2003-10-31,300,6.550000190734863,6.650000095367432,6.650000095367432,6.550000190734863,6.650000095367432
2003-10-30,1200,6.75,6.699999809265137,6.75,6.349999904632568,6.699999809265137
2003-10-29,8100,6.699999809265137,6.800000190734863,7.0,6.25,6.800000190734863
2003-10-28,7500,6.349999904632568,6.650000095367432,6.949999809265137,6.349999904632568,6.650000095367432
2003-10-27,1700,6.300000190734863,6.400000095367432,6.599999904632568,6.300000190734863,6.400000095367432
2003-10-24,1700,6.349999904632568,6.449999809265137,6.599999904632568,6.300000190734863,6.449999809265137
2003-10-23,2600,6.300000190734863,6.75,6.75,6.300000190734863,6.75
2003-10-22,1400,6.75,6.550000190734863,6.75,6.5,6.550000190734863
2003-10-21,7200,6.800000190734863,7.0,7.0,6.300000190734863,7.0
2003-10-20,6800,6.550000190734863,6.900000095367432,7.400000095367432,6.25,6.900000095367432
2003-10-17,5200,7.0,6.900000095367432,7.199999809265137,6.550000190734863,6.900000095367432
2003-10-16,2800,7.0,7.0,7.25,6.949999809265137,7.0
2003-10-15,4100,7.300000190734863,7.099999904632568,7.849999904632568,6.75,7.099999904632568
2003-10-14,4800,7.650000095367432,7.5,7.800000190734863,7.050000190734863,7.5
2003-10-13,6500,8.300000190734863,7.75,8.300000190734863,7.150000095367432,7.75
2003-10-10,2300,7.25,7.25,7.5,7.050000190734863,7.25
2003-10-09,9500,6.849999904632568,7.25,7.75,6.849999904632568,7.25
2003-10-08,4400,7.550000190734863,7.150000095367432,7.599999904632568,7.0,7.150000095367432
2003-10-07,7400,7.150000095367432,7.5,7.550000190734863,7.0,7.5
2003-10-06,4300,7.650000095367432,7.25,7.650000095367432,7.0,7.25
2003-10-03,11800,7.099999904632568,7.599999904632568,7.949999809265137,6.550000190734863,7.599999904632568
2003-10-02,6300,6.949999809265137,7.099999904632568,7.099999904632568,6.5,7.099999904632568
2003-10-01,4900,6.25,6.75,6.75,6.25,6.75
2003-09-30,8800,6.800000190734863,6.25,6.949999809265137,6.25,6.25
2003-09-29,5700,6.949999809265137,6.800000190734863,7.400000095367432,6.400000095367432,6.800000190734863
2003-09-26,11400,7.449999809265137,6.550000190734863,7.449999809265137,6.300000190734863,6.550000190734863
2003-09-25,22200,6.650000095367432,7.050000190734863,7.5,6.650000095367432,7.050000190734863
2003-09-24,15000,7.599999904632568,7.25,7.599999904632568,6.5,7.25
2003-09-23,24100,7.75,7.400000095367432,7.900000095367432,6.150000095367432,7.400000095367432
2003-09-22,47300,7.650000095367432,7.400000095367432,7.949999809265137,6.949999809265137,7.400000095367432
2003-09-19,22800,6.650000095367432,7.0,7.0,6.25,7.0
2003-09-18,27800,6.400000095367432,6.349999904632568,6.699999809265137,5.75,6.349999904632568
2003-09-17,10500,6.5,6.25,6.5,5.75,6.25
2003-09-16,23100,6.5,6.449999809265137,6.75,5.449999809265137,6.449999809265137
2003-09-15,49000,5.150000095367432,6.5,6.5,5.150000095367432,6.5
2003-09-12,46700,4.349999904632568,5.300000190734863,5.75,4.349999904632568,5.300000190734863
2003-09-11,7900,4.5,4.400000095367432,4.650000095367432,4.349999904632568,4.400000095367432
2003-09-10,6400,4.5,4.5,4.650000095367432,4.349999904632568,4.5
2003-09-09,6200,4.550000190734863,4.150000095367432,4.550000190734863,4.150000095367432,4.150000095367432
2003-09-08,5200,4.699999809265137,4.150000095367432,4.699999809265137,4.099999904632568,4.150000095367432
2003-09-05,3400,4.800000190734863,4.699999809265137,5.0,4.5,4.699999809265137
2003-09-04,20900,4.300000190734863,4.75,5.0,4.25,4.75
2003-09-03,300,3.799999952316284,3.950000047683716,3.950000047683716,3.75,3.950000047683716
2003-09-02,6900,4.25,3.75,4.25,3.75,3.75
2003-08-29,900,3.9000000953674316,4.25,4.25,3.9000000953674316,4.25
2003-08-28,2300,4.0,4.0,4.199999809265137,3.9000000953674316,4.0
2003-08-27,2300,4.0,3.950000047683716,4.0,3.950000047683716,3.950000047683716
2003-08-26,200,4.0,4.0,4.0,4.0,4.0
2003-08-25,1000,4.449999809265137,3.950000047683716,4.449999809265137,3.950000047683716,3.950000047683716
2003-08-22,1800,4.0,4.0,4.0,4.0,4.0
2003-08-21,400,4.0,4.0,4.0,4.0,4.0
2003-08-20,1500,4.150000095367432,4.0,4.449999809265137,4.0,4.0
2003-08-19,1500,3.75,3.9000000953674316,4.050000190734863,3.75,3.9000000953674316
2003-08-18,4900,4.300000190734863,4.0,4.300000190734863,4.0,4.0
2003-08-15,2200,4.099999904632568,4.199999809265137,4.199999809265137,4.099999904632568,4.199999809265137
2003-08-14,2200,4.0,4.0,4.0,4.0,4.0
2003-08-13,2700,4.0,3.75,4.0,3.75,3.75
2003-08-12,5500,4.050000190734863,3.75,4.050000190734863,3.6500000953674316,3.75
2003-08-11,1100,4.150000095367432,4.099999904632568,4.150000095367432,4.0,4.099999904632568
2003-08-08,1300,4.199999809265137,4.300000190734863,4.300000190734863,4.150000095367432,4.300000190734863
2003-08-07,700,4.150000095367432,4.050000190734863,4.300000190734863,4.050000190734863,4.050000190734863
2003-08-06,2000,3.8499999046325684,4.199999809265137,4.199999809265137,3.799999952316284,4.199999809265137
2003-08-05,100,4.150000095367432,4.150000095367432,4.150000095367432,4.150000095367432,4.150000095367432
2003-08-04,700,3.8499999046325684,4.199999809265137,4.199999809265137,3.799999952316284,4.199999809265137
2003-08-01,1500,4.0,4.0,4.199999809265137,3.8499999046325684,4.0
2003-07-31,300,4.150000095367432,4.0,4.150000095367432,4.0,4.0
2003-07-30,100,4.199999809265137,3.950000047683716,4.199999809265137,3.950000047683716,3.950000047683716
2003-07-29,600,4.349999904632568,4.25,4.349999904632568,4.25,4.25
2003-07-28,900,4.25,4.25,4.300000190734863,4.099999904632568,4.25
2003-07-25,100,4.099999904632568,4.099999904632568,4.099999904632568,4.099999904632568,4.099999904632568
2003-07-24,4300,4.150000095367432,3.9000000953674316,4.150000095367432,3.8499999046325684,3.9000000953674316
2003-07-23,500,4.150000095367432,4.099999904632568,4.300000190734863,4.099999904632568,4.099999904632568
2003-07-22,500,4.150000095367432,4.25,4.25,4.150000095367432,4.25
2003-07-21,0,4.25,4.25,4.25,4.25,4.25
2003-07-18,1400,4.099999904632568,4.099999904632568,4.25,4.099999904632568,4.099999904632568
2003-07-17,1600,4.199999809265137,4.0,4.300000190734863,4.0,4.0
2003-07-16,500,4.25,4.199999809265137,4.25,4.050000190734863,4.199999809265137
2003-07-15,900,4.349999904632568,4.400000095367432,4.550000190734863,3.8499999046325684,4.400000095367432
2003-07-14,700,4.650000095367432,4.550000190734863,4.650000095367432,4.5,4.550000190734863
2003-07-11,1500,4.300000190734863,4.650000095367432,4.650000095367432,4.300000190734863,4.650000095367432
2003-07-10,900,4.099999904632568,4.300000190734863,4.300000190734863,4.099999904632568,4.300000190734863
2003-07-09,1100,4.099999904632568,4.349999904632568,4.349999904632568,4.099999904632568,4.349999904632568
2003-07-08,900,4.150000095367432,3.799999952316284,4.25,3.799999952316284,3.799999952316284
2003-07-07,1800,4.099999904632568,4.25,4.25,4.099999904632568,4.25
2003-07-03,200,4.25,4.449999809265137,4.449999809265137,4.199999809265137,4.449999809265137
2003-07-02,0,4.449999809265137,4.449999809265137,4.449999809265137,4.449999809265137,4.449999809265137
2003-07-01,1800,4.199999809265137,4.449999809265137,4.449999809265137,4.099999904632568,4.449999809265137
2003-06-30,2200,4.099999904632568,3.8499999046325684,4.5,3.8499999046325684,3.8499999046325684
2003-06-27,500,4.099999904632568,4.449999809265137,4.5,4.099999904632568,4.449999809265137
2003-06-26,0,4.449999809265137,4.449999809265137,4.449999809265137,4.449999809265137,4.449999809265137
2003-06-25,500,4.099999904632568,4.449999809265137,4.449999809265137,4.099999904632568,4.449999809265137
2003-06-24,0,4.099999904632568,4.099999904632568,4.099999904632568,4.099999904632568,4.099999904632568
2003-06-23,2700,4.25,4.099999904632568,4.699999809265137,4.099999904632568,4.099999904632568
2003-06-20,400,4.150000095367432,4.25,4.25,4.150000095367432,4.25
2003-06-19,0,4.699999809265137,4.699999809265137,4.699999809265137,4.699999809265137,4.699999809265137
2003-06-18,900,4.050000190734863,4.25,4.400000095367432,3.9000000953674316,4.25
2003-06-17,9800,4.849999904632568,4.099999904632568,4.849999904632568,3.799999952316284,4.099999904632568
2003-06-16,3200,5.0,4.849999904632568,5.050000190734863,4.800000190734863,4.849999904632568
2003-06-13,1500,5.25,5.150000095367432,5.25,5.050000190734863,5.150000095367432
2003-06-12,3400,5.5,5.300000190734863,5.5,5.0,5.300000190734863
2003-06-11,2700,5.599999904632568,5.5,5.599999904632568,5.0,5.5
2003-06-10,600,5.5,5.25,5.699999809265137,5.25,5.25
2003-06-09,2900,5.0,5.449999809265137,5.699999809265137,5.0,5.449999809265137
2003-06-06,11400,5.050000190734863,5.449999809265137,6.0,4.800000190734863,5.449999809265137
2003-06-05,7200,5.400000095367432,5.0,5.400000095367432,4.300000190734863,5.0
2003-06-04,5100,4.949999809265137,5.199999809265137,5.300000190734863,4.699999809265137,5.199999809265137
2003-06-03,2400,4.5,4.5,5.0,4.349999904632568,4.5
2003-06-02,2300,4.0,4.25,4.5,4.0,4.25
2003-05-30,400,3.75,3.75,3.75,3.75,3.75
2003-05-29,2700,4.0,3.950000047683716,4.0,3.950000047683716,3.950000047683716
2003-05-28,1500,4.0,3.75,4.0,3.5,3.75
2003-05-27,200,4.0,4.0,4.0,4.0,4.0
2003-05-23,100,3.549999952316284,4.0,4.0,3.549999952316284,4.0
2003-05-22,200,4.0,4.0,4.0,4.0,4.0
2003-05-21,1800,3.700000047683716,4.199999809265137,4.25,3.700000047683716,4.199999809265137
2003-05-20,1300,4.0,3.5999999046325684,4.25,3.5999999046325684,3.5999999046325684
2003-05-19,200,3.950000047683716,3.5,4.0,3.5,3.5
2003-05-16,800,3.5,3.5,3.950000047683716,3.5,3.5
2003-05-15,2900,4.300000190734863,3.3499999046325684,4.300000190734863,3.3499999046325684,3.3499999046325684
2003-05-14,3300,3.75,4.050000190734863,4.699999809265137,3.75,4.050000190734863
2003-05-13,200,3.700000047683716,3.700000047683716,3.700000047683716,3.700000047683716,3.700000047683716
2003-05-12,900,3.5,3.8499999046325684,3.9000000953674316,3.25,3.8499999046325684
2003-05-09,3700,3.5,3.5,3.5,3.5,3.5
2003-05-08,500,3.5,3.3499999046325684,3.5,3.3499999046325684,3.3499999046325684
2003-05-07,100,3.5,3.5,3.5,3.5,3.5
2003-05-06,500,3.299999952316284,3.3499999046325684,3.3499999046325684,3.299999952316284,3.3499999046325684
2003-05-05,4200,3.3499999046325684,3.299999952316284,3.5,3.25,3.299999952316284
2003-05-02,3500,3.6500000953674316,3.5,3.75,3.5,3.5
2003-05-01,0,3.5999999046325684,3.5999999046325684,3.5999999046325684,3.5999999046325684,3.5999999046325684
2003-04-30,200,3.5,3.5,3.5,3.5,3.5
2003-04-29,100,3.5,3.5,3.5999999046325684,3.5,3.5
2003-04-28,3300,3.450000047683716,3.450000047683716,3.549999952316284,3.0999999046325684,3.450000047683716
2003-04-25,700,3.450000047683716,3.450000047683716,3.450000047683716,3.450000047683716,3.450000047683716
2003-04-24,500,3.25,3.25,3.5,3.25,3.25
2003-04-23,400,3.299999952316284,3.5999999046325684,3.5999999046325684,3.0999999046325684,3.5999999046325684
2003-04-22,2000,3.5999999046325684,3.5999999046325684,3.5999999046325684,3.049999952316284,3.5999999046325684
2003-04-21,100,3.450000047683716,3.4000000953674316,3.450000047683716,3.4000000953674316,3.4000000953674316
2003-04-17,200,3.450000047683716,3.5,3.5,3.450000047683716,3.5
2003-04-16,0,3.299999952316284,3.299999952316284,3.299999952316284,3.299999952316284,3.299999952316284
2003-04-15,100,3.25,3.25,3.25,3.25,3.25
2003-04-14,800,3.450000047683716,3.450000047683716,3.450000047683716,3.1500000953674316,3.450000047683716
2003-04-11,0,3.049999952316284,3.049999952316284,3.049999952316284,3.049999952316284,3.049999952316284
2003-04-10,400,3.25,3.049999952316284,3.25,3.049999952316284,3.049999952316284
2003-04-09,0,3.5,3.25,3.5,3.25,3.25
2003-04-08,100,3.25,3.25,3.25,3.25,3.25
2003-04-07,800,3.5,3.3499999046325684,3.5,3.299999952316284,3.3499999046325684
2003-04-04,200,3.6500000953674316,3.549999952316284,3.6500000953674316,3.5,3.549999952316284
2003-04-03,300,3.5999999046325684,3.75,3.75,3.299999952316284,3.75
2003-04-02,500,3.1500000953674316,3.5,3.75,3.1500000953674316,3.5
2003-04-01,0,3.0999999046325684,3.0999999046325684,3.0999999046325684,3.0999999046325684,3.0999999046325684
2003-03-31,1800,3.25,3.0999999046325684,3.4000000953674316,3.0999999046325684,3.0999999046325684
2003-03-28,0,3.25,3.25,3.25,3.25,3.25
2003-03-27,300,3.299999952316284,3.25,3.299999952316284,3.25,3.25
2003-03-26,0,3.25,3.25,3.25,3.25,3.25
2003-03-25,0,3.4000000953674316,3.25,3.4000000953674316,3.25,3.25
2003-03-24,200,3.4000000953674316,3.5999999046325684,3.5999999046325684,3.4000000953674316,3.5999999046325684
2003-03-21,1300,3.700000047683716,3.549999952316284,3.75,3.25,3.549999952316284
2003-03-20,100,3.5,3.3499999046325684,3.5,3.3499999046325684,3.3499999046325684
2003-03-19,100,3.700000047683716,3.299999952316284,3.700000047683716,3.299999952316284,3.299999952316284
2003-03-18,600,3.549999952316284,3.75,3.75,3.299999952316284,3.75
2003-03-17,500,3.700000047683716,3.299999952316284,3.700000047683716,3.299999952316284,3.299999952316284
2003-03-14,400,3.700000047683716,3.700000047683716,3.700000047683716,3.700000047683716,3.700000047683716
2003-03-13,8500,3.9000000953674316,3.8499999046325684,3.9000000953674316,3.200000047683716,3.8499999046325684
2003-03-12,200,3.5999999046325684,3.25,3.5999999046325684,3.25,3.25
2003-03-11,7600,3.5,3.5999999046325684,3.5999999046325684,3.5,3.5999999046325684
2003-03-10,1300,3.5,3.5,3.5,3.5,3.5
2003-03-07,3100,3.5999999046325684,3.5,3.5999999046325684,3.5,3.5
2003-03-06,4900,4.75,3.549999952316284,4.800000190734863,3.549999952316284,3.549999952316284
2003-03-05,500,3.5,3.5,3.6500000953674316,3.5,3.5
2003-03-04,2100,3.5,3.5,3.5,3.5,3.5
2003-03-03,0,3.549999952316284,3.549999952316284,3.549999952316284,3.549999952316284,3.549999952316284
2003-02-28,0,3.549999952316284,3.549999952316284,3.549999952316284,3.549999952316284,3.549999952316284
2003-02-27,0,3.549999952316284,3.549999952316284,3.549999952316284,3.549999952316284,3.549999952316284
2003-02-26,0,3.549999952316284,3.549999952316284,3.549999952316284,3.549999952316284,3.549999952316284
2003-02-25,1600,3.5,3.549999952316284,3.549999952316284,3.450000047683716,3.549999952316284
2003-02-24,1600,3.200000047683716,3.5,3.549999952316284,3.200000047683716,3.5
2003-02-21,0,3.4000000953674316,3.4000000953674316,3.4000000953674316,3.4000000953674316,3.4000000953674316
2003-02-20,700,3.4000000953674316,3.4000000953674316,3.4000000953674316,3.4000000953674316,3.4000000953674316
2003-02-19,100,3.5,3.5,3.5,3.5,3.5
2003-02-18,4800,3.200000047683716,3.700000047683716,4.050000190734863,3.0,3.700000047683716
2003-02-14,2500,2.950000047683716,3.0999999046325684,3.1500000953674316,2.950000047683716,3.0999999046325684
2003-02-13,200,2.799999952316284,2.75,2.799999952316284,2.75,2.75
2003-02-12,600,2.9000000953674316,2.75,2.9000000953674316,2.75,2.75
2003-02-11,3500,2.8499999046325684,2.75,3.0,2.6500000953674316,2.75
2003-02-10,500,2.799999952316284,2.8499999046325684,2.8499999046325684,2.799999952316284,2.8499999046325684
2003-02-07,700,2.700000047683716,2.700000047683716,2.75,2.700000047683716,2.700000047683716
2003-02-06,0,2.700000047683716,2.75,2.75,2.700000047683716,2.75
2003-02-05,2500,2.75,2.75,2.75,2.700000047683716,2.75
2003-02-04,1000,2.799999952316284,2.75,2.799999952316284,2.700000047683716,2.75
2003-02-03,1100,2.799999952316284,2.8499999046325684,2.8499999046325684,2.75,2.8499999046325684
2003-01-31,1000,2.799999952316284,2.8499999046325684,3.299999952316284,2.799999952316284,2.8499999046325684
2003-01-30,4400,3.0,2.799999952316284,3.0,2.75,2.799999952316284
2003-01-29,800,3.0,2.950000047683716,3.0,2.9000000953674316,2.950000047683716
2003-01-28,0,3.0,3.0,3.0,3.0,3.0
2003-01-27,2000,2.950000047683716,3.0,3.25,2.950000047683716,3.0
2003-01-24,1600,2.950000047683716,2.950000047683716,3.0,2.9000000953674316,2.950000047683716
2003-01-23,2000,3.049999952316284,2.950000047683716,3.0999999046325684,2.950000047683716,2.950000047683716
2003-01-22,1400,3.200000047683716,3.0999999046325684,3.200000047683716,3.0999999046325684,3.0999999046325684
2003-01-21,0,3.1500000953674316,3.1500000953674316,3.1500000953674316,3.1500000953674316,3.1500000953674316
2003-01-17,0,3.1500000953674316,3.1500000953674316,3.3499999046325684,3.1500000953674316,3.1500000953674316
2003-01-16,0,3.3499999046325684,3.299999952316284,3.3499999046325684,3.299999952316284,3.299999952316284
2003-01-15,2300,3.25,3.200000047683716,3.3499999046325684,3.200000047683716,3.200000047683716
2003-01-14,0,3.1500000953674316,3.1500000953674316,3.1500000953674316,3.1500000953674316,3.1500000953674316
2003-01-13,200,3.0999999046325684,3.1500000953674316,3.25,3.0999999046325684,3.1500000953674316
2003-01-10,500,3.1500000953674316,3.200000047683716,3.200000047683716,3.049999952316284,3.200000047683716
2003-01-09,400,3.299999952316284,3.1500000953674316,3.4000000953674316,3.1500000953674316,3.1500000953674316
2003-01-08,1900,3.299999952316284,3.25,3.3499999046325684,3.25,3.25
2003-01-07,300,3.299999952316284,3.3499999046325684,3.3499999046325684,3.299999952316284,3.3499999046325684
2003-01-06,0,3.299999952316284,3.299999952316284,3.299999952316284,3.299999952316284,3.299999952316284
2003-01-03,1200,3.200000047683716,3.200000047683716,3.5,3.200000047683716,3.200000047683716
2003-01-02,300,3.25,3.299999952316284,3.4000000953674316,3.0999999046325684,3.299999952316284
2002-12-31,3200,3.1500000953674316,3.5,3.6500000953674316,2.75,3.5
2002-12-30,2200,3.1500000953674316,3.049999952316284,3.1500000953674316,3.049999952316284,3.049999952316284
2002-12-27,4600,3.4000000953674316,3.200000047683716,3.700000047683716,3.200000047683716,3.200000047683716
2002-12-26,1900,2.950000047683716,3.4000000953674316,3.4000000953674316,2.950000047683716,3.4000000953674316
2002-12-24,0,3.0999999046325684,3.0999999046325684,3.0999999046325684,3.0999999046325684,3.0999999046325684
2002-12-23,1900,3.3499999046325684,3.0999999046325684,3.3499999046325684,2.950000047683716,3.0999999046325684
2002-12-20,1200,3.1500000953674316,3.450000047683716,3.5999999046325684,3.1500000953674316,3.450000047683716
2002-12-19,800,3.0999999046325684,3.0999999046325684,3.1500000953674316,3.0999999046325684,3.0999999046325684
2002-12-18,200,3.5,3.200000047683716,3.5,3.200000047683716,3.200000047683716
2002-12-17,400,3.6500000953674316,3.299999952316284,3.6500000953674316,3.200000047683716,3.299999952316284
2002-12-16,1200,3.700000047683716,3.450000047683716,3.700000047683716,3.0,3.450000047683716
2002-12-13,300,3.5,3.700000047683716,3.700000047683716,3.5,3.700000047683716
2002-12-12,4700,3.5999999046325684,3.450000047683716,3.6500000953674316,3.450000047683716,3.450000047683716
2002-12-11,200,3.200000047683716,3.75,3.75,3.200000047683716,3.75
2002-12-10,4200,3.549999952316284,3.75,3.9000000953674316,2.799999952316284,3.75
2002-12-09,1200,3.299999952316284,3.75,3.799999952316284,3.1500000953674316,3.75
2002-12-06,4900,3.5,3.0,3.5,2.6500000953674316,3.0
2002-12-05,800,3.450000047683716,3.5,3.8499999046325684,3.450000047683716,3.5
2002-12-04,2100,3.5,3.3499999046325684,3.5,3.299999952316284,3.3499999046325684
2002-12-03,1000,3.5999999046325684,3.5,3.5999999046325684,3.5,3.5
2002-12-02,0,3.5,3.5,3.5,3.5,3.5
2002-11-29,100,3.4000000953674316,3.6500000953674316,3.6500000953674316,3.4000000953674316,3.6500000953674316
2002-11-27,500,3.6500000953674316,3.5999999046325684,3.6500000953674316,3.5,3.5999999046325684
2002-11-26,300,3.549999952316284,3.549999952316284,3.549999952316284,3.549999952316284,3.549999952316284
2002-11-25,2700,3.549999952316284,3.6500000953674316,3.6500000953674316,3.450000047683716,3.6500000953674316
2002-11-22,1500,3.549999952316284,3.6500000953674316,3.6500000953674316,3.5,3.6500000953674316
2002-11-21,200,3.6500000953674316,4.0,4.0,3.549999952316284,4.0
2002-11-20,1000,4.050000190734863,3.799999952316284,4.050000190734863,3.5,3.799999952316284
2002-11-19,2100,4.25,3.5,4.25,3.5,3.5
2002-11-18,1600,3.799999952316284,4.5,4.650000095367432,3.799999952316284,4.5
2002-11-15,200,3.5999999046325684,3.700000047683716,3.75,3.5999999046325684,3.700000047683716
2002-11-14,300,3.6500000953674316,3.549999952316284,3.6500000953674316,3.549999952316284,3.549999952316284
2002-11-13,200,3.6500000953674316,3.6500000953674316,3.6500000953674316,3.6500000953674316,3.6500000953674316
2002-11-12,0,3.5999999046325684,3.5999999046325684,3.5999999046325684,3.5999999046325684,3.5999999046325684
2002-11-11,300,3.549999952316284,3.549999952316284,3.549999952316284,3.549999952316284,3.549999952316284
2002-11-08,500,3.6500000953674316,3.6500000953674316,3.6500000953674316,3.549999952316284,3.6500000953674316
2002-11-07,400,3.700000047683716,3.75,3.75,3.6500000953674316,3.75
2002-11-06,200,3.549999952316284,3.549999952316284,3.549999952316284,3.5,3.549999952316284
2002-11-05,500,3.200000047683716,3.6500000953674316,3.6500000953674316,3.200000047683716,3.6500000953674316
2002-11-04,800,3.549999952316284,3.9000000953674316,3.9000000953674316,3.549999952316284,3.9000000953674316
2002-11-01,0,3.1500000953674316,3.200000047683716,3.200000047683716,3.1500000953674316,3.200000047683716
2002-10-31,2900,3.299999952316284,3.450000047683716,3.450000047683716,3.049999952316284,3.450000047683716
2002-10-30,300,3.25,3.200000047683716,3.799999952316284,3.0999999046325684,3.200000047683716
2002-10-29,1100,3.799999952316284,3.5,3.799999952316284,3.5,3.5
2002-10-28,500,3.549999952316284,3.4000000953674316,3.549999952316284,3.4000000953674316,3.4000000953674316
2002-10-25,300,3.549999952316284,3.549999952316284,3.549999952316284,3.549999952316284,3.549999952316284
2002-10-24,400,3.200000047683716,3.700000047683716,3.700000047683716,3.200000047683716,3.700000047683716
2002-10-23,1600,3.0999999046325684,3.299999952316284,3.299999952316284,3.049999952316284,3.299999952316284
2002-10-22,200,3.049999952316284,3.0999999046325684,3.0999999046325684,3.049999952316284,3.0999999046325684
2002-10-21,700,3.049999952316284,2.950000047683716,3.049999952316284,2.950000047683716,2.950000047683716
2002-10-18,1400,3.0,3.0,3.0,2.799999952316284,3.0
2002-10-17,1500,3.0,2.75,3.0999999046325684,2.75,2.75
2002-10-16,1200,2.950000047683716,2.950000047683716,2.950000047683716,2.950000047683716,2.950000047683716
2002-10-15,100,2.9000000953674316,2.9000000953674316,2.950000047683716,2.9000000953674316,2.9000000953674316
2002-10-14,800,3.0,2.950000047683716,3.0,2.950000047683716,2.950000047683716
2002-10-11,0,3.0,3.0,3.0,3.0,3.0
2002-10-10,0,3.0,3.0,3.0,3.0,3.0
2002-10-09,1600,3.3499999046325684,3.0999999046325684,3.3499999046325684,2.799999952316284,3.0999999046325684
2002-10-08,300,3.299999952316284,3.450000047683716,3.5,3.299999952316284,3.450000047683716
2002-10-07,0,3.1500000953674316,3.1500000953674316,3.1500000953674316,3.1500000953674316,3.1500000953674316
2002-10-04,500,3.1500000953674316,3.1500000953674316,3.200000047683716,3.1500000953674316,3.1500000953674316
2002-10-03,1000,3.1500000953674316,3.0,3.1500000953674316,3.0,3.0
2002-10-02,400,3.1500000953674316,3.1500000953674316,3.1500000953674316,3.1500000953674316,3.1500000953674316
2002-10-01,0,3.1500000953674316,3.1500000953674316,3.1500000953674316,3.1500000953674316,3.1500000953674316
2002-09-30,800,3.049999952316284,3.1500000953674316,3.1500000953674316,3.049999952316284,3.1500000953674316
2002-09-27,300,3.1500000953674316,3.049999952316284,3.1500000953674316,3.0,3.049999952316284
2002-09-26,1700,3.25,3.0999999046325684,3.25,2.950000047683716,3.0999999046325684
2002-09-25,1100,3.0999999046325684,3.0999999046325684,3.25,3.049999952316284,3.0999999046325684
2002-09-24,1000,3.549999952316284,3.200000047683716,3.549999952316284,3.049999952316284,3.200000047683716
2002-09-23,400,3.5,3.549999952316284,3.549999952316284,3.5,3.549999952316284
2002-09-20,2000,3.5,3.549999952316284,3.5999999046325684,3.5,3.549999952316284
2002-09-19,1100,3.5999999046325684,3.549999952316284,3.5999999046325684,3.549999952316284,3.549999952316284
2002-09-18,1100,3.700000047683716,3.700000047683716,3.700000047683716,3.700000047683716,3.700000047683716
2002-09-17,100,3.5999999046325684,3.5999999046325684,3.5999999046325684,3.5999999046325684,3.5999999046325684
2002-09-16,0,3.5999999046325684,3.5999999046325684,3.5999999046325684,3.5999999046325684,3.5999999046325684
2002-09-13,1700,3.75,3.700000047683716,3.75,3.700000047683716,3.700000047683716
2002-09-12,400,3.9000000953674316,3.9000000953674316,3.9000000953674316,3.9000000953674316,3.9000000953674316
2002-09-11,0,3.8499999046325684,3.8499999046325684,3.8499999046325684,3.8499999046325684,3.8499999046325684
2002-09-10,0,3.75,3.75,3.75,3.75,3.75
2002-09-09,0,3.75,3.75,3.75,3.75,3.75
2002-09-06,700,3.8499999046325684,3.9000000953674316,3.9000000953674316,3.8499999046325684,3.9000000953674316
2002-09-05,600,3.799999952316284,3.799999952316284,3.799999952316284,3.799999952316284,3.799999952316284
2002-09-04,1000,3.75,3.6500000953674316,3.75,3.6500000953674316,3.6500000953674316
2002-09-03,100,3.799999952316284,3.9000000953674316,3.9000000953674316,3.799999952316284,3.9000000953674316
2002-08-30,0,3.799999952316284,3.799999952316284,3.799999952316284,3.799999952316284,3.799999952316284
2002-08-29,600,3.5999999046325684,3.799999952316284,3.799999952316284,3.5999999046325684,3.799999952316284
2002-08-28,1100,3.75,3.700000047683716,4.0,3.700000047683716,3.700000047683716
2002-08-27,200,3.75,3.75,3.799999952316284,3.75,3.75
2002-08-26,0,4.0,4.0,4.0,4.0,4.0
2002-08-23,1000,4.0,4.0,4.050000190734863,4.0,4.0
2002-08-22,200,4.0,4.0,4.0,4.0,4.0
2002-08-21,2500,3.8499999046325684,3.549999952316284,3.8499999046325684,3.549999952316284,3.549999952316284
2002-08-20,800,3.799999952316284,3.75,3.799999952316284,3.75,3.75
2002-08-19,3300,3.75,3.950000047683716,3.950000047683716,3.5999999046325684,3.950000047683716
2002-08-16,1000,3.5,3.700000047683716,3.700000047683716,3.5,3.700000047683716
2002-08-15,1600,3.5,3.5,3.6500000953674316,3.5,3.5
2002-08-14,900,3.5,3.5,3.5,3.450000047683716,3.5
2002-08-13,1200,3.450000047683716,3.5,3.5,3.450000047683716,3.5
2002-08-12,700,3.5,3.5,3.5,3.450000047683716,3.5
2002-08-09,200,3.450000047683716,3.450000047683716,3.450000047683716,3.450000047683716,3.450000047683716
2002-08-08,100,3.5,3.5,3.5,3.5,3.5
2002-08-07,0,3.5,3.5,3.5,3.5,3.5
2002-08-06,1800,3.5,3.5,3.549999952316284,3.450000047683716,3.5
2002-08-05,6200,3.5,3.450000047683716,3.6500000953674316,3.450000047683716,3.450000047683716
2002-08-02,0,3.6500000953674316,3.6500000953674316,3.6500000953674316,3.6500000953674316,3.6500000953674316
2002-08-01,1000,3.5,3.6500000953674316,3.6500000953674316,3.5,3.6500000953674316
2002-07-31,400,3.6500000953674316,3.6500000953674316,3.6500000953674316,3.6500000953674316,3.6500000953674316
2002-07-30,1800,3.5,3.5999999046325684,3.5999999046325684,3.5,3.5999999046325684
2002-07-29,0,3.5,3.5,3.5,3.5,3.5
2002-07-26,1100,3.5,3.5,3.5999999046325684,3.5,3.5
2002-07-25,7300,3.5999999046325684,3.549999952316284,3.75,3.549999952316284,3.549999952316284
2002-07-24,1900,3.5,3.6500000953674316,3.6500000953674316,3.5,3.6500000953674316
2002-07-23,300,3.5,3.700000047683716,3.700000047683716,3.5,3.700000047683716
2002-07-22,1500,3.4000000953674316,3.5,3.700000047683716,3.4000000953674316,3.5
2002-07-19,4500,3.799999952316284,3.5,3.799999952316284,3.4000000953674316,3.5
2002-07-18,1900,3.5999999046325684,3.5999999046325684,3.75,3.5999999046325684,3.5999999046325684
2002-07-17,10600,3.950000047683716,3.6500000953674316,4.0,3.6500000953674316,3.6500000953674316
2002-07-16,100,4.0,4.0,4.0,4.0,4.0
2002-07-15,2400,3.950000047683716,4.25,4.25,3.9000000953674316,4.25
2002-07-12,3200,4.0,4.0,4.050000190734863,4.0,4.0
2002-07-11,700,4.199999809265137,4.25,4.25,4.199999809265137,4.25
2002-07-10,5500,4.0,4.150000095367432,4.25,3.950000047683716,4.150000095367432
2002-07-09,4300,4.199999809265137,4.050000190734863,4.199999809265137,4.050000190734863,4.050000190734863
2002-07-08,13200,4.5,4.300000190734863,4.5,4.199999809265137,4.300000190734863
2002-07-05,0,4.800000190734863,4.800000190734863,4.800000190734863,4.800000190734863,4.800000190734863
2002-07-03,3100,4.599999904632568,4.5,4.699999809265137,4.5,4.5
2002-07-02,800,4.699999809265137,4.599999904632568,4.699999809265137,4.599999904632568,4.599999904632568
2002-07-01,800,4.75,4.699999809265137,4.75,4.650000095367432,4.699999809265137
2002-06-28,1300,4.800000190734863,4.75,4.800000190734863,4.650000095367432,4.75
2002-06-27,300,4.699999809265137,4.699999809265137,4.699999809265137,4.699999809265137,4.699999809265137
2002-06-26,400,4.800000190734863,4.599999904632568,4.800000190734863,4.599999904632568,4.599999904632568
2002-06-25,0,4.800000190734863,4.800000190734863,4.800000190734863,4.800000190734863,4.800000190734863
2002-06-24,800,4.75,4.650000095367432,4.800000190734863,4.650000095367432,4.650000095367432
2002-06-21,3000,4.699999809265137,4.599999904632568,4.699999809265137,4.599999904632568,4.599999904632568
2002-06-20,1700,4.800000190734863,4.800000190734863,4.800000190734863,4.650000095367432,4.800000190734863
2002-06-19,4000,4.949999809265137,4.75,5.0,4.75,4.75
2002-06-18,0,4.650000095367432,4.949999809265137,4.949999809265137,4.650000095367432,4.949999809265137
2002-06-17,600,4.900000095367432,4.650000095367432,5.0,4.650000095367432,4.650000095367432
2002-06-14,100,4.900000095367432,4.75,4.900000095367432,4.75,4.75
2002-06-13,2700,5.0,5.0,5.0,5.0,5.0
2002-06-12,900,4.699999809265137,5.050000190734863,5.050000190734863,4.699999809265137,5.050000190734863
2002-06-11,2100,4.800000190734863,4.900000095367432,4.900000095367432,4.699999809265137,4.900000095367432
2002-06-10,1600,5.0,4.800000190734863,5.099999904632568,4.800000190734863,4.800000190734863
2002-06-07,900,5.0,4.900000095367432,5.0,4.900000095367432,4.900000095367432
2002-06-06,0,4.900000095367432,4.900000095367432,4.900000095367432,4.900000095367432,4.900000095367432
2002-06-05,300,5.0,4.900000095367432,5.0,4.900000095367432,4.900000095367432
2002-06-04,1000,5.25,4.900000095367432,5.25,4.900000095367432,4.900000095367432
2002-06-03,1200,5.0,5.25,5.25,5.0,5.25
2002-05-31,2500,5.0,5.0,5.150000095367432,5.0,5.0
2002-05-30,700,5.050000190734863,5.0,5.150000095367432,5.0,5.0
2002-05-29,400,5.0,5.0,5.050000190734863,5.0,5.0
2002-05-28,300,5.0,5.050000190734863,5.050000190734863,5.0,5.050000190734863
2002-05-24,1000,5.050000190734863,5.0,5.050000190734863,5.0,5.0
2002-05-23,5200,5.25,5.050000190734863,5.25,4.949999809265137,5.050000190734863
2002-05-22,0,5.449999809265137,5.150000095367432,5.449999809265137,5.150000095367432,5.150000095367432
2002-05-21,1500,5.25,5.099999904632568,5.349999904632568,5.099999904632568,5.099999904632568
2002-05-20,1800,5.349999904632568,5.349999904632568,5.349999904632568,5.199999809265137,5.349999904632568
2002-05-17,200,5.199999809265137,5.400000095367432,5.400000095367432,5.199999809265137,5.400000095367432
2002-05-16,100,5.25,5.400000095367432,5.449999809265137,5.25,5.400000095367432
2002-05-15,600,5.400000095367432,5.25,5.5,5.25,5.25
2002-05-14,1700,5.349999904632568,5.400000095367432,5.400000095367432,5.25,5.400000095367432
2002-05-13,900,5.449999809265137,5.199999809265137,5.449999809265137,5.199999809265137,5.199999809265137
2002-05-10,3400,5.25,5.199999809265137,5.800000190734863,5.199999809265137,5.199999809265137
2002-05-09,2900,5.25,5.25,5.25,5.099999904632568,5.25
2002-05-08,0,5.050000190734863,5.050000190734863,5.050000190734863,5.050000190734863,5.050000190734863
2002-05-07,4800,5.150000095367432,5.050000190734863,5.150000095367432,5.050000190734863,5.050000190734863
2002-05-06,1100,4.900000095367432,5.150000095367432,5.349999904632568,4.900000095367432,5.150000095367432
2002-05-03,4500,4.900000095367432,5.0,5.0,4.900000095367432,5.0
2002-05-02,100,4.75,4.75,4.75,4.75,4.75
2002-05-01,6000,5.050000190734863,5.0,5.050000190734863,4.75,5.0
2002-04-30,1700,5.050000190734863,5.050000190734863,5.099999904632568,5.050000190734863,5.050000190734863
2002-04-29,2500,5.050000190734863,5.150000095367432,5.150000095367432,5.050000190734863,5.150000095367432
2002-04-26,2500,5.150000095367432,5.099999904632568,5.150000095367432,5.099999904632568,5.099999904632568
2002-04-25,2700,5.150000095367432,5.150000095367432,5.199999809265137,5.050000190734863,5.150000095367432
2002-04-24,2700,5.25,5.199999809265137,5.25,5.199999809265137,5.199999809265137
2002-04-23,200,5.300000190734863,5.150000095367432,5.300000190734863,5.150000095367432,5.150000095367432
2002-04-22,1600,5.300000190734863,5.199999809265137,5.300000190734863,5.199999809265137,5.199999809265137
2002-04-19,200,5.150000095367432,5.25,5.349999904632568,5.150000095367432,5.25
2002-04-18,2400,5.349999904632568,5.349999904632568,5.349999904632568,5.199999809265137,5.349999904632568
2002-04-17,3900,5.199999809265137,5.199999809265137,5.400000095367432,5.199999809265137,5.199999809265137
2002-04-16,800,5.400000095367432,5.400000095367432,5.400000095367432,5.150000095367432,5.400000095367432
2002-04-15,300,5.25,5.400000095367432,5.400000095367432,5.150000095367432,5.400000095367432
2002-04-12,3800,5.25,5.150000095367432,5.400000095367432,5.150000095367432,5.150000095367432
2002-04-11,900,5.25,5.25,5.300000190734863,5.25,5.25
2002-04-10,1600,5.25,5.300000190734863,5.300000190734863,5.25,5.300000190734863
2002-04-09,600,5.25,5.349999904632568,5.349999904632568,5.25,5.349999904632568
2002-04-08,2000,5.25,5.5,5.5,5.25,5.5
2002-04-05,2300,5.449999809265137,5.5,5.599999904632568,5.150000095367432,5.5
2002-04-04,400,5.599999904632568,5.599999904632568,5.599999904632568,5.5,5.599999904632568
2002-04-03,500,5.400000095367432,5.550000190734863,5.550000190734863,5.400000095367432,5.550000190734863
2002-04-02,800,5.400000095367432,5.449999809265137,5.599999904632568,5.400000095367432,5.449999809265137
2002-04-01,2500,5.199999809265137,5.199999809265137,5.25,5.150000095367432,5.199999809265137
2002-03-28,1400,5.400000095367432,5.25,5.400000095367432,5.150000095367432,5.25
2002-03-27,700,5.199999809265137,5.349999904632568,5.400000095367432,5.199999809265137,5.349999904632568
2002-03-26,7700,5.349999904632568,5.25,5.5,5.150000095367432,5.25
2002-03-25,2000,5.5,5.5,5.5,5.300000190734863,5.5
2002-03-22,8800,5.550000190734863,5.349999904632568,5.550000190734863,5.25,5.349999904632568
2002-03-21,900,5.5,5.5,5.5,5.449999809265137,5.5
2002-03-20,3600,5.650000095367432,5.5,5.650000095367432,5.449999809265137,5.5
2002-03-19,1600,5.5,5.400000095367432,5.550000190734863,5.400000095367432,5.400000095367432
2002-03-18,1900,5.5,5.400000095367432,5.5,5.400000095367432,5.400000095367432
2002-03-15,300,5.550000190734863,5.5,5.650000095367432,5.5,5.5
2002-03-14,3600,5.400000095367432,5.699999809265137,5.699999809265137,5.400000095367432,5.699999809265137
2002-03-13,1700,5.349999904632568,5.400000095367432,5.599999904632568,5.349999904632568,5.400000095367432
2002-03-12,600,5.599999904632568,5.349999904632568,5.650000095367432,5.349999904632568,5.349999904632568
2002-03-11,3800,5.400000095367432,5.699999809265137,5.699999809265137,5.400000095367432,5.699999809265137
2002-03-08,3200,5.650000095367432,5.599999904632568,5.650000095367432,5.25,5.599999904632568
2002-03-07,2600,5.5,5.650000095367432,5.650000095367432,5.5,5.650000095367432
2002-03-06,1000,5.550000190734863,5.5,5.550000190734863,5.400000095367432,5.5
2002-03-05,200,5.5,5.599999904632568,5.599999904632568,5.5,5.599999904632568
2002-03-04,0,5.449999809265137,5.449999809265137,5.449999809265137,5.449999809265137,5.449999809265137
2002-03-01,7700,5.300000190734863,5.449999809265137,5.449999809265137,5.099999904632568,5.449999809265137
2002-02-28,400,5.300000190734863,5.5,5.5,5.300000190734863,5.5
2002-02-27,600,5.5,5.300000190734863,5.5,5.300000190734863,5.300000190734863
2002-02-26,2200,5.349999904632568,5.300000190734863,5.349999904632568,5.300000190734863,5.300000190734863
2002-02-25,500,5.699999809265137,5.550000190734863,5.699999809265137,5.550000190734863,5.550000190734863
2002-02-22,2500,5.400000095367432,5.650000095367432,5.650000095367432,5.300000190734863,5.650000095367432
2002-02-21,2700,5.5,5.449999809265137,5.5,5.349999904632568,5.449999809265137
2002-02-20,800,5.449999809265137,5.349999904632568,5.5,5.349999904632568,5.349999904632568
2002-02-19,3200,5.650000095367432,5.300000190734863,5.699999809265137,5.300000190734863,5.300000190734863
2002-02-15,600,5.699999809265137,5.900000095367432,5.900000095367432,5.699999809265137,5.900000095367432
2002-02-14,400,5.75,5.599999904632568,5.75,5.599999904632568,5.599999904632568
2002-02-13,1200,6.099999904632568,5.599999904632568,6.099999904632568,5.5,5.599999904632568
2002-02-12,7400,5.849999904632568,5.5,6.150000095367432,5.300000190734863,5.5
2002-02-11,2100,6.0,5.800000190734863,6.199999809265137,5.75,5.800000190734863
2002-02-08,400,5.400000095367432,5.550000190734863,5.75,5.400000095367432,5.550000190734863
2002-02-07,2300,5.150000095367432,5.400000095367432,5.5,5.150000095367432,5.400000095367432
2002-02-06,6100,5.449999809265137,5.199999809265137,5.449999809265137,5.150000095367432,5.199999809265137
2002-02-05,5500,5.800000190734863,5.449999809265137,5.900000095367432,5.400000095367432,5.449999809265137
2002-02-04,8700,6.25,5.800000190734863,6.400000095367432,5.5,5.800000190734863
2002-02-01,3800,5.900000095367432,6.449999809265137,6.449999809265137,5.900000095367432,6.449999809265137
2002-01-31,600,6.449999809265137,6.050000190734863,6.449999809265137,6.050000190734863,6.050000190734863
2002-01-30,400,6.050000190734863,6.150000095367432,6.199999809265137,6.0,6.150000095367432
2002-01-29,4700,6.400000095367432,6.150000095367432,6.5,5.900000095367432,6.150000095367432
2002-01-28,8400,5.5,6.099999904632568,6.400000095367432,5.449999809265137,6.099999904632568
2002-01-25,2500,5.449999809265137,5.5,5.75,5.449999809265137,5.5
2002-01-24,400,5.550000190734863,5.550000190734863,5.550000190734863,5.5,5.550000190734863
2002-01-23,1000,5.550000190734863,5.5,5.550000190734863,5.5,5.5
2002-01-22,2000,5.699999809265137,5.550000190734863,5.699999809265137,5.5,5.550000190734863
2002-01-18,1600,5.550000190734863,5.550000190734863,5.550000190734863,5.400000095367432,5.550000190734863
2002-01-17,300,5.550000190734863,5.400000095367432,5.550000190734863,5.25,5.400000095367432
2002-01-16,500,5.5,5.5,5.5,5.25,5.5
2002-01-15,2000,5.550000190734863,5.550000190734863,5.550000190734863,5.400000095367432,5.550000190734863
2002-01-14,3900,5.5,5.550000190734863,5.550000190734863,5.300000190734863,5.550000190734863
2002-01-11,3800,5.5,5.550000190734863,5.550000190734863,5.199999809265137,5.550000190734863
2002-01-10,900,5.25,5.199999809265137,5.5,5.199999809265137,5.199999809265137
2002-01-09,1300,5.25,5.300000190734863,5.550000190734863,5.199999809265137,5.300000190734863
2002-01-08,7700,5.349999904632568,5.199999809265137,5.650000095367432,5.099999904632568,5.199999809265137
2002-01-07,7400,5.400000095367432,5.300000190734863,5.400000095367432,5.099999904632568,5.300000190734863
2002-01-04,2000,5.550000190734863,5.449999809265137,5.550000190734863,5.449999809265137,5.449999809265137
2002-01-03,8200,5.550000190734863,5.400000095367432,5.599999904632568,5.400000095367432,5.400000095367432
2002-01-02,1400,5.449999809265137,5.550000190734863,5.800000190734863,5.400000095367432,5.550000190734863
2001-12-31,14600,5.75,5.5,5.849999904632568,5.400000095367432,5.5
2001-12-28,8900,5.699999809265137,5.599999904632568,5.75,5.449999809265137,5.599999904632568
2001-12-27,800,5.5,5.449999809265137,5.5,5.449999809265137,5.449999809265137
2001-12-26,1300,5.699999809265137,5.5,5.699999809265137,5.5,5.5
2001-12-24,2900,5.75,5.900000095367432,6.050000190734863,5.75,5.900000095367432
2001-12-21,2600,5.75,5.75,5.75,5.699999809265137,5.75
2001-12-20,2100,5.75,5.75,6.150000095367432,5.75,5.75
2001-12-19,5100,5.75,5.75,6.199999809265137,5.75,5.75
2001-12-18,6500,5.699999809265137,5.75,6.0,5.699999809265137,5.75
2001-12-17,5400,5.400000095367432,5.699999809265137,5.75,5.199999809265137,5.699999809265137
2001-12-14,3500,5.25,5.25,5.5,5.199999809265137,5.25
2001-12-13,6000,5.300000190734863,5.25,5.449999809265137,5.25,5.25
2001-12-12,4300,5.599999904632568,5.300000190734863,5.599999904632568,5.25,5.300000190734863
2001-12-11,800,5.5,5.5,5.5,5.5,5.5
2001-12-10,100,5.300000190734863,5.300000190734863,5.300000190734863,5.300000190734863,5.300000190734863
2001-12-07,1300,5.199999809265137,5.550000190734863,5.550000190734863,5.199999809265137,5.550000190734863
2001-12-06,2800,5.699999809265137,5.300000190734863,5.699999809265137,5.300000190734863,5.300000190734863
2001-12-05,4700,5.75,5.349999904632568,5.800000190734863,5.300000190734863,5.349999904632568
2001-12-04,2900,5.25,5.650000095367432,5.650000095367432,5.25,5.650000095367432
2001-12-03,4700,5.349999904632568,5.5,5.5,5.099999904632568,5.5
2001-11-30,300,5.349999904632568,5.449999809265137,5.449999809265137,5.349999904632568,5.449999809265137
2001-11-29,2400,5.349999904632568,5.5,5.599999904632568,5.349999904632568,5.5
2001-11-28,6600,5.699999809265137,5.349999904632568,5.699999809265137,5.099999904632568,5.349999904632568
2001-11-27,1100,5.699999809265137,5.650000095367432,5.699999809265137,5.25,5.650000095367432
2001-11-26,1300,5.5,5.699999809265137,5.699999809265137,5.5,5.699999809265137
2001-11-23,9000,5.5,5.099999904632568,6.199999809265137,5.099999904632568,5.099999904632568
2001-11-21,2000,5.449999809265137,5.150000095367432,5.75,5.099999904632568,5.150000095367432
2001-11-20,400,5.699999809265137,5.449999809265137,5.699999809265137,5.449999809265137,5.449999809265137
2001-11-19,5000,5.5,5.5,5.550000190734863,5.25,5.5
2001-11-16,5000,5.5,5.449999809265137,5.5,5.050000190734863,5.449999809265137
2001-11-15,100,5.75,5.75,5.75,5.75,5.75
2001-11-14,2800,5.900000095367432,5.400000095367432,6.0,5.400000095367432,5.400000095367432
2001-11-13,4000,6.0,5.75,6.199999809265137,5.550000190734863,5.75
2001-11-12,700,5.5,5.550000190734863,5.550000190734863,5.099999904632568,5.550000190734863
2001-11-09,900,5.050000190734863,5.400000095367432,5.400000095367432,5.050000190734863,5.400000095367432
2001-11-08,2200,5.5,5.099999904632568,5.5,5.099999904632568,5.099999904632568
2001-11-07,2400,5.5,5.400000095367432,6.449999809265137,5.400000095367432,5.400000095367432
2001-11-06,3300,5.699999809265137,5.349999904632568,6.099999904632568,5.349999904632568,5.349999904632568
2001-11-05,800,5.349999904632568,5.400000095367432,5.75,5.349999904632568,5.400000095367432
2001-11-02,400,5.25,5.349999904632568,5.349999904632568,5.25,5.349999904632568
2001-11-01,600,5.5,5.400000095367432,5.5,5.400000095367432,5.400000095367432
2001-10-31,3200,5.650000095367432,5.550000190734863,5.650000095367432,5.349999904632568,5.550000190734863
2001-10-30,0,5.699999809265137,5.699999809265137,5.699999809265137,5.699999809265137,5.699999809265137
2001-10-29,400,5.699999809265137,5.699999809265137,5.699999809265137,5.699999809265137,5.699999809265137
2001-10-26,1900,5.75,5.699999809265137,5.75,5.550000190734863,5.699999809265137
2001-10-25,1200,5.699999809265137,5.75,6.199999809265137,5.699999809265137,5.75
2001-10-24,600,5.900000095367432,6.0,6.0,5.900000095367432,6.0
2001-10-23,3000,5.599999904632568,5.650000095367432,5.75,5.550000190734863,5.650000095367432
2001-10-22,100,5.900000095367432,5.699999809265137,5.900000095367432,5.699999809265137,5.699999809265137
2001-10-19,1000,5.550000190734863,5.75,5.75,5.5,5.75
2001-10-18,600,6.050000190734863,5.550000190734863,6.050000190734863,5.550000190734863,5.550000190734863
2001-10-17,2000,5.75,5.75,5.75,5.75,5.75
2001-10-16,500,5.599999904632568,5.75,5.75,5.599999904632568,5.75
2001-10-15,1500,5.449999809265137,5.599999904632568,6.0,5.449999809265137,5.599999904632568
2001-10-12,1700,5.5,5.5,6.199999809265137,5.5,5.5
2001-10-11,3600,6.75,5.75,6.75,5.75,5.75
2001-10-10,2100,6.0,6.800000190734863,6.800000190734863,5.900000095367432,6.800000190734863
2001-10-09,1100,5.599999904632568,5.599999904632568,5.599999904632568,5.599999904632568,5.599999904632568
2001-10-08,0,6.050000190734863,6.050000190734863,6.050000190734863,6.050000190734863,6.050000190734863
2001-10-05,800,6.0,5.75,6.150000095367432,5.75,5.75
2001-10-04,500,6.099999904632568,5.900000095367432,6.099999904632568,5.599999904632568,5.900000095367432
2001-10-03,1800,5.349999904632568,5.449999809265137,5.75,5.0,5.449999809265137
2001-10-02,600,5.349999904632568,5.599999904632568,5.599999904632568,5.349999904632568,5.599999904632568
2001-10-01,1400,4.949999809265137,5.25,5.25,4.949999809265137,5.25
2001-09-28,3400,4.800000190734863,4.900000095367432,4.949999809265137,4.800000190734863,4.900000095367432
2001-09-27,200,4.5,4.5,4.5,4.5,4.5
2001-09-26,2900,4.5,4.800000190734863,4.949999809265137,4.099999904632568,4.800000190734863
2001-09-25,5700,5.099999904632568,4.75,5.349999904632568,4.050000190734863,4.75
2001-09-24,2900,6.199999809265137,5.349999904632568,6.199999809265137,5.099999904632568,5.349999904632568
2001-09-21,800,6.199999809265137,5.75,6.199999809265137,5.75,5.75
2001-09-20,5300,5.050000190734863,6.150000095367432,6.25,5.0,6.150000095367432
2001-09-19,2200,5.050000190734863,5.0,5.150000095367432,4.75,5.0
2001-09-18,6300,5.099999904632568,5.050000190734863,5.5,4.900000095367432,5.050000190734863
2001-09-17,3700,5.849999904632568,5.5,5.900000095367432,5.0,5.5
2001-09-10,1400,6.050000190734863,6.050000190734863,6.5,5.900000095367432,6.050000190734863
2001-09-07,6000,5.349999904632568,5.849999904632568,6.550000190734863,5.300000190734863,5.849999904632568
2001-09-06,55800,7.25,5.349999904632568,7.25,4.699999809265137,5.349999904632568
2001-09-05,8000,7.25,6.25,7.25,6.199999809265137,6.25
2001-09-04,200,7.900000095367432,7.25,7.900000095367432,7.25,7.25
2001-08-31,700,7.400000095367432,7.25,7.400000095367432,7.25,7.25
2001-08-30,2000,7.25,7.400000095367432,8.0,7.25,7.400000095367432
2001-08-29,200,7.349999904632568,7.349999904632568,7.349999904632568,7.349999904632568,7.349999904632568
2001-08-28,1600,7.75,7.5,7.75,7.25,7.5
2001-08-27,1100,8.199999809265137,7.599999904632568,8.25,7.599999904632568,7.599999904632568
2001-08-24,300,7.75,8.149999618530273,8.199999809265137,7.75,8.149999618530273
2001-08-23,900,8.199999809265137,7.550000190734863,8.199999809265137,7.550000190734863,7.550000190734863
2001-08-22,800,7.599999904632568,8.149999618530273,8.149999618530273,7.599999904632568,8.149999618530273
2001-08-21,6000,7.550000190734863,7.949999809265137,8.199999809265137,7.400000095367432,7.949999809265137
2001-08-20,2400,7.0,7.650000095367432,7.650000095367432,6.400000095367432,7.650000095367432
2001-08-17,1600,7.550000190734863,7.099999904632568,8.149999618530273,7.0,7.099999904632568
2001-08-16,500,7.599999904632568,8.149999618530273,8.149999618530273,7.599999904632568,8.149999618530273
2001-08-15,4200,8.100000381469727,8.25,8.25,8.0,8.25
2001-08-14,400,8.25,8.050000190734863,8.25,8.0,8.050000190734863
2001-08-13,1200,8.25,8.25,8.5,8.25,8.25
2001-08-10,7100,8.050000190734863,8.0,8.25,7.949999809265137,8.0
2001-08-09,8000,8.149999618530273,7.400000095367432,8.149999618530273,7.300000190734863,7.400000095367432
2001-08-08,3500,8.050000190734863,7.900000095367432,8.5,7.849999904632568,7.900000095367432
2001-08-07,2000,8.050000190734863,8.050000190734863,8.149999618530273,7.75,8.050000190734863
2001-08-06,3800,7.199999809265137,7.199999809265137,7.25,6.900000095367432,7.199999809265137
2001-08-03,3200,8.100000381469727,7.150000095367432,8.100000381469727,7.099999904632568,7.150000095367432
2001-08-02,1700,8.050000190734863,8.100000381469727,8.100000381469727,8.050000190734863,8.100000381469727
2001-08-01,0,8.050000190734863,8.050000190734863,8.050000190734863,8.050000190734863,8.050000190734863
2001-07-31,4400,8.5,8.050000190734863,8.5,7.5,8.050000190734863
2001-07-30,500,8.699999809265137,8.399999618530273,8.699999809265137,8.399999618530273,8.399999618530273
2001-07-27,100,8.949999809265137,8.699999809265137,8.949999809265137,8.699999809265137,8.699999809265137
2001-07-26,300,8.949999809265137,8.649999618530273,8.949999809265137,8.649999618530273,8.649999618530273
2001-07-25,0,8.600000381469727,8.600000381469727,8.600000381469727,8.600000381469727,8.600000381469727
2001-07-24,2500,8.699999809265137,8.899999618530273,9.050000190734863,8.699999809265137,8.899999618530273
2001-07-23,200,9.25,8.949999809265137,9.25,8.949999809265137,8.949999809265137
2001-07-20,1700,8.199999809265137,9.100000381469727,9.25,8.199999809265137,9.100000381469727
2001-07-19,2300,8.75,8.550000190734863,8.75,8.199999809265137,8.550000190734863
2001-07-18,1000,8.699999809265137,8.699999809265137,8.75,8.300000190734863,8.699999809265137
2001-07-17,5200,7.900000095367432,8.5,9.699999809265137,7.300000190734863,8.5
2001-07-16,15000,9.350000381469727,7.75,10.0,7.449999809265137,7.75
2001-07-13,2200,10.199999809265137,9.5,10.449999809265137,9.5,9.5
2001-07-12,6100,10.300000190734863,10.25,10.399999618530273,10.25,10.25
2001-07-11,100,10.600000381469727,10.600000381469727,10.600000381469727,10.600000381469727,10.600000381469727
2001-07-10,1400,11.0,10.949999809265137,11.0,10.199999809265137,10.949999809265137
2001-07-09,1000,11.25,10.699999809265137,11.25,10.699999809265137,10.699999809265137
2001-07-06,100,11.0,11.0,11.0,11.0,11.0
2001-07-05,5300,11.449999809265137,11.25,11.600000381469727,11.199999809265137,11.25
2001-07-03,0,11.449999809265137,11.449999809265137,11.449999809265137,11.449999809265137,11.449999809265137
2001-07-02,300,11.850000381469727,11.850000381469727,11.850000381469727,11.850000381469727,11.850000381469727
2001-06-29,700,11.550000190734863,11.800000190734863,11.949999809265137,11.550000190734863,11.800000190734863
2001-06-28,1500,11.800000190734863,12.100000381469727,12.300000190734863,11.800000190734863,12.100000381469727
2001-06-27,0,11.800000190734863,11.800000190734863,11.800000190734863,11.800000190734863,11.800000190734863
2001-06-26,2000,11.75,11.800000190734863,11.949999809265137,11.75,11.800000190734863
2001-06-25,2000,12.100000381469727,11.5,12.100000381469727,11.5,11.5
2001-06-22,600,12.550000190734863,12.25,12.699999809265137,11.800000190734863,12.25
2001-06-21,2600,12.25,12.300000190734863,12.550000190734863,12.25,12.300000190734863
2001-06-20,1800,12.25,11.800000190734863,12.25,11.800000190734863,11.800000190734863
2001-06-19,4000,13.399999618530273,12.449999809265137,13.399999618530273,11.899999618530273,12.449999809265137
2001-06-18,900,13.5,13.399999618530273,13.5,13.399999618530273,13.399999618530273
2001-06-15,4300,14.0,13.600000381469727,14.399999618530273,13.600000381469727,13.600000381469727
2001-06-14,4700,14.5,14.399999618530273,14.649999618530273,13.899999618530273,14.399999618530273
2001-06-13,9900,14.449999809265137,14.600000381469727,14.649999618530273,14.199999809265137,14.600000381469727
2001-06-12,4000,14.5,14.5,14.75,14.25,14.5
2001-06-11,4200,14.100000381469727,14.649999618530273,14.699999809265137,14.0,14.649999618530273
2001-06-08,1500,14.5,14.300000190734863,14.5,14.199999809265137,14.300000190734863
2001-06-07,9000,14.149999618530273,14.25,14.5,13.75,14.25
2001-06-06,1300,13.75,14.050000190734863,14.050000190734863,13.75,14.050000190734863
2001-06-05,1600,13.5,14.050000190734863,14.050000190734863,13.449999809265137,14.050000190734863
2001-06-04,5000,13.649999618530273,13.699999809265137,13.949999809265137,13.550000190734863,13.699999809265137
2001-06-01,6700,13.5,13.899999618530273,14.0,13.449999809265137,13.899999618530273
2001-05-31,11000,12.300000190734863,13.350000381469727,13.350000381469727,12.199999809265137,13.350000381469727
2001-05-30,1700,12.350000381469727,12.350000381469727,12.350000381469727,12.25,12.350000381469727
2001-05-29,7900,12.0,12.25,12.5,11.850000381469727,12.25
2001-05-25,12100,11.949999809265137,12.0,12.5,11.800000190734863,12.0
2001-05-24,2400,12.199999809265137,11.300000190734863,12.199999809265137,11.300000190734863,11.300000190734863
2001-05-23,1000,12.199999809265137,11.800000190734863,12.199999809265137,11.5,11.800000190734863
2001-05-22,2100,11.899999618530273,12.199999809265137,12.350000381469727,11.0,12.199999809265137
2001-05-21,9600,11.399999618530273,11.850000381469727,12.350000381469727,11.399999618530273,11.850000381469727
2001-05-18,200,11.0,11.0,11.0,11.0,11.0
2001-05-17,600,11.0,11.0,11.0,11.0,11.0
2001-05-16,2700,11.75,10.850000381469727,11.75,10.75,10.850000381469727
2001-05-15,1300,11.800000190734863,11.75,12.0,11.600000381469727,11.75
2001-05-14,3900,12.199999809265137,11.800000190734863,12.449999809265137,11.800000190734863,11.800000190734863
2001-05-11,2500,11.399999618530273,12.199999809265137,12.199999809265137,11.300000190734863,12.199999809265137
2001-05-10,6300,11.149999618530273,11.399999618530273,12.149999618530273,11.149999618530273,11.399999618530273
2001-05-09,18900,9.399999618530273,10.75,10.949999809265137,8.800000190734863,10.75
2001-05-08,6400,9.800000190734863,9.5,10.300000190734863,9.5,9.5
2001-05-07,11000,10.100000381469727,10.350000381469727,10.75,9.800000190734863,10.350000381469727
2001-05-04,2300,11.800000190734863,11.5,11.850000381469727,11.25,11.5
2001-05-03,1800,12.199999809265137,11.850000381469727,12.449999809265137,11.800000190734863,11.850000381469727
2001-05-02,1200,11.800000190734863,12.0,12.399999618530273,11.75,12.0
2001-05-01,500,11.800000190734863,11.75,11.800000190734863,11.75,11.75
2001-04-30,1000,12.350000381469727,11.75,12.350000381469727,11.75,11.75
2001-04-27,100,12.350000381469727,11.75,12.350000381469727,11.75,11.75
2001-04-26,2400,12.0,12.0,12.0,11.75,12.0
2001-04-25,1200,12.0,12.050000190734863,12.449999809265137,12.0,12.050000190734863
2001-04-24,400,11.949999809265137,12.0,12.0,11.899999618530273,12.0
2001-04-23,2000,12.149999618530273,11.899999618530273,12.449999809265137,11.899999618530273,11.899999618530273
2001-04-20,600,12.449999809265137,12.449999809265137,12.449999809265137,12.449999809265137,12.449999809265137
2001-04-19,900,12.899999618530273,12.149999618530273,12.899999618530273,12.149999618530273,12.149999618530273
2001-04-18,1900,12.5,12.25,12.5,11.949999809265137,12.25
2001-04-17,1000,12.350000381469727,12.149999618530273,12.350000381469727,11.5,12.149999618530273
2001-04-16,900,12.0,12.100000381469727,12.300000190734863,11.5,12.100000381469727
2001-04-12,200,12.350000381469727,12.0,12.350000381469727,11.550000190734863,12.0
2001-04-11,3200,11.399999618530273,11.75,12.0,10.600000381469727,11.75
2001-04-10,4600,11.550000190734863,11.399999618530273,12.399999618530273,11.0,11.399999618530273
2001-04-09,4300,11.899999618530273,11.850000381469727,12.300000190734863,11.5,11.850000381469727
2001-04-06,1400,12.65625,12.03125,12.65625,11.875,12.03125
2001-04-05,6100,12.96875,11.875,12.96875,11.875,11.875
2001-04-04,1900,13.4375,13.28125,13.4375,12.96875,13.28125
2001-04-03,2300,13.75,13.125,13.75,13.125,13.125
2001-04-02,3900,14.21875,13.75,14.375,13.125,13.75
2001-03-30,4900,13.28125,14.21875,14.21875,13.28125,14.21875
2001-03-29,3100,13.125,13.4375,14.375,13.125,13.4375
2001-03-28,2000,14.21875,14.21875,14.21875,13.125,14.21875
2001-03-27,3100,13.28125,13.75,14.375,12.8125,13.75
2001-03-26,5400,13.75,13.4375,13.75,12.8125,13.4375
2001-03-23,4500,13.75,13.75,13.75,13.125,13.75
2001-03-22,7200,14.0625,13.75,14.21875,13.28125,13.75
2001-03-21,6200,13.125,13.90625,14.0625,13.125,13.90625
2001-03-20,4100,13.59375,14.0625,14.0625,13.125,14.0625
2001-03-19,1500,13.359379768371582,13.125,13.4375,13.125,13.125
2001-03-16,2600,13.59375,13.125,13.59375,12.8125,13.125
2001-03-15,2500,12.8125,12.8125,13.4375,12.8125,12.8125
2001-03-14,6200,13.75,13.4375,14.375,12.8125,13.4375
2001-03-13,4200,13.59375,13.75,14.375,13.4375,13.75
2001-03-12,7100,14.375,13.4375,14.375,13.4375,13.4375
2001-03-09,2100,14.6875,14.0625,15.0,14.0625,14.0625
2001-03-08,2700,14.375,14.84375,14.84375,13.90625,14.84375
2001-03-07,9300,14.6875,14.21875,14.84375,14.21875,14.21875
2001-03-06,6300,15.0,14.53125,15.0,14.375,14.53125
2001-03-05,48500,14.21875,15.0,15.0,13.28125,15.0
2001-03-02,24000,13.4375,13.90625,14.21875,13.125,13.90625
2001-03-01,15400,12.65625,13.4375,13.4375,11.5625,13.4375
2001-02-28,9800,12.1875,11.25,12.8125,11.09375,11.25
2001-02-27,2900,12.8125,12.1875,13.125,12.1875,12.1875
2001-02-26,2900,11.25,12.8125,12.8125,11.25,12.8125
2001-02-23,15000,11.25,11.875,12.34375,10.625,11.875
2001-02-22,3100,13.4375,12.96875,13.4375,12.5,12.96875
2001-02-21,3500,13.4375,13.4375,13.4375,12.8125,13.4375
2001-02-20,7800,13.59375,13.4375,13.59375,12.8125,13.4375
2001-02-16,9200,13.4375,13.125,13.4375,12.8125,13.125
2001-02-15,4200,12.8125,13.28125,13.28125,12.8125,13.28125
2001-02-14,7200,14.375,12.8125,14.375,12.8125,12.8125
2001-02-13,8800,14.21875,14.375,14.84375,14.21875,14.375
2001-02-12,3400,13.90625,14.6875,14.6875,13.90625,14.6875
2001-02-09,6000,13.75,14.6875,14.84375,13.75,14.6875
2001-02-08,14800,14.6875,13.90625,15.0,13.90625,13.90625
2001-02-07,17100,13.4375,14.53125,15.0,13.4375,14.53125
2001-02-06,13200,12.890620231628418,13.4375,13.59375,12.8125,13.4375
2001-02-05,22200,13.4375,12.5,13.75,12.1875,12.5
2001-02-02,13500,13.046879768371582,12.96875,13.75,10.625,12.96875
2001-02-01,10400,13.28125,13.75,13.75,13.125,13.75
2001-01-31,10200,12.65625,13.4375,13.4375,12.65625,13.4375
2001-01-30,10000,12.8125,13.125,13.59375,12.65625,13.125
2001-01-29,13300,12.5,12.8125,13.59375,12.5,12.8125
2001-01-26,21100,12.03125,12.65625,12.65625,11.875,12.65625
2001-01-25,4700,12.5,11.875,12.5,11.25,11.875
2001-01-24,25900,12.1875,12.34375,12.5,10.9375,12.34375
2001-01-23,20200,12.8125,12.03125,13.125,12.03125,12.03125
2001-01-22,38400,11.25,12.03125,12.8125,11.015620231628418,12.03125
2001-01-19,21900,10.0,11.09375,11.09375,10.0,11.09375
2001-01-18,7200,9.84375,10.0,10.0,9.140620231628418,10.0
2001-01-17,13500,9.84375,9.375,10.0,9.375,9.375
2001-01-16,7900,9.21875,9.84375,9.84375,8.90625,9.84375
2001-01-12,10900,8.28125,8.90625,8.90625,8.28125,8.90625
2001-01-11,7700,8.75,8.28125,8.75,8.28125,8.28125
2001-01-10,1900,8.75,8.4375,8.75,8.4375,8.4375
2001-01-09,2600,9.0625,8.75,9.21875,8.59375,8.75
2001-01-08,5300,9.0625,9.21875,9.375,8.75,9.21875
2001-01-05,6700,8.984379768371582,8.75,9.375,8.59375,8.75
2001-01-04,12100,8.75,9.375,9.375,8.4375,9.375
2001-01-03,16100,7.5,8.125,9.375,7.5,8.125
2001-01-02,18500,7.8125,7.5,8.125,7.34375,7.5
2000-12-29,4000,6.875,6.875,6.953120231628418,6.25,6.875
2000-12-28,12100,6.40625,7.8125,7.8125,6.25,7.8125
2000-12-27,1900,6.796879768371582,6.875,6.875,6.40625,6.875
2000-12-26,400,6.875,6.875,6.875,6.875,6.875
2000-12-22,18000,6.875,7.34375,8.125,6.40625,7.34375
2000-12-21,28100,7.65625,6.25,7.96875,5.3125,6.25
2000-12-20,9900,7.8125,8.125,8.75,7.8125,8.125
2000-12-19,14900,7.5,7.96875,9.6875,7.5,7.96875
2000-12-18,6600,7.03125,7.8125,7.8125,6.875,7.8125
2000-12-15,10400,8.125,8.125,8.125,7.1875,8.125
2000-12-14,6300,7.5,8.125,8.90625,7.1875,8.125
2000-12-13,11900,6.5625,7.8125,8.4375,6.5625,7.8125
2000-12-12,3800,6.71875,6.875,6.875,6.5625,6.875
2000-12-11,3200,6.875,6.5625,7.03125,6.5625,6.5625
2000-12-08,800,7.1875,6.5625,7.1875,6.5625,6.5625
2000-12-07,6600,6.5625,6.25,7.1875,5.9375,6.25
2000-12-06,10100,6.25,5.9375,6.5625,5.625,5.9375
2000-12-05,11100,6.40625,6.25,6.40625,5.3125,6.25
2000-12-04,3800,6.484379768371582,6.40625,6.5625,6.25,6.40625
2000-12-01,9100,6.25,6.5625,6.5625,6.25,6.5625
2000-11-30,3500,6.25,6.25,6.25,6.09375,6.25
2000-11-29,8500,6.25,6.09375,6.5625,5.625,6.09375
2000-11-28,3400,5.9375,6.25,6.25,5.9375,6.25
2000-11-27,10400,6.015620231628418,6.25,6.40625,6.015620231628418,6.25
2000-11-24,2100,5.625,6.25,6.25,5.625,6.25
2000-11-22,7600,5.0,5.625,5.9375,4.84375,5.625
2000-11-21,2900,5.625,5.78125,5.78125,5.0,5.78125
2000-11-20,3100,5.78125,5.78125,5.78125,5.625,5.78125
2000-11-17,5900,5.625,5.78125,5.78125,5.0,5.78125
2000-11-16,7300,5.3125,5.3125,5.46875,5.3125,5.3125
2000-11-15,11900,5.625,5.0,5.625,5.0,5.0
2000-11-14,2300,5.0,5.3125,5.3125,5.0,5.3125
2000-11-13,11800,5.3125,5.3125,5.3125,5.0,5.3125
2000-11-10,1700,5.625,5.46875,5.625,5.3125,5.46875
2000-11-09,1100,5.9375,6.09375,6.09375,5.625,6.09375
2000-11-08,300,5.9375,5.9375,5.9375,5.9375,5.9375
2000-11-07,10200,5.625,6.5625,6.5625,5.625,6.5625
2000-11-06,200,5.625,5.625,5.625,5.625,5.625
2000-11-03,3700,5.78125,5.625,5.78125,5.625,5.625
2000-11-02,2500,5.78125,5.0,5.78125,5.0,5.0
2000-11-01,800,5.78125,5.78125,5.9375,5.3125,5.78125
2000-10-31,3800,5.9375,5.78125,5.9375,5.78125,5.78125
2000-10-30,200,5.9375,5.9375,5.9375,5.9375,5.9375
2000-10-27,600,5.78125,5.78125,5.9375,5.78125,5.78125
2000-10-26,500,6.015620231628418,5.9375,6.09375,5.9375,5.9375
2000-10-25,5400,5.9375,6.25,6.25,5.78125,6.25
2000-10-24,700,5.78125,5.9375,5.9375,5.78125,5.9375
2000-10-23,26300,4.84375,5.625,6.40625,4.84375,5.625
2000-10-20,2600,5.234379768371582,5.0,5.3125,5.0,5.0
2000-10-19,8800,5.15625,5.0,5.3125,5.0,5.0
2000-10-18,1600,4.6875,5.0,5.0,4.6875,5.0
2000-10-17,2000,5.078120231628418,4.6875,5.15625,4.6875,4.6875
2000-10-16,3400,5.078120231628418,5.0,5.078120231628418,5.0,5.0
2000-10-13,28700,5.3125,5.0,5.625,4.84375,5.0
2000-10-12,4800,5.46875,5.3125,5.46875,5.3125,5.3125
2000-10-11,2200,5.15625,5.46875,5.78125,5.15625,5.46875
2000-10-10,2900,5.859379768371582,5.625,5.859379768371582,5.3125,5.625
2000-10-09,7200,5.625,5.78125,5.78125,5.625,5.78125
2000-10-06,5400,5.625,5.9375,6.09375,5.625,5.9375
2000-10-05,7200,5.625,5.46875,5.9375,5.46875,5.46875
2000-10-04,500,5.9375,5.625,5.9375,5.625,5.625
2000-10-03,7600,5.78125,6.25,6.25,5.625,6.25
2000-10-02,2500,6.015620231628418,5.625,6.09375,5.625,5.625
2000-09-29,1800,6.5625,6.25,6.5625,6.09375,6.25
2000-09-28,4400,6.5625,6.5625,6.5625,6.09375,6.5625
2000-09-27,4300,6.5625,6.5625,6.71875,6.5625,6.5625
2000-09-26,3600,6.09375,6.5625,6.5625,6.09375,6.5625
2000-09-25,8100,5.625,6.25,6.5625,5.625,6.25
2000-09-22,2300,5.625,5.78125,6.09375,5.625,5.78125
2000-09-21,2400,6.25,5.9375,6.25,5.9375,5.9375
2000-09-20,1100,6.015620231628418,5.9375,6.09375,5.9375,5.9375
2000-09-19,800,6.015620231628418,5.9375,6.09375,5.9375,5.9375
2000-09-18,1600,5.9375,5.9375,6.09375,5.9375,5.9375
2000-09-15,6400,5.9375,5.9375,6.25,5.9375,5.9375
2000-09-14,3800,6.09375,5.78125,6.25,5.78125,5.78125
2000-09-13,7700,6.09375,6.09375,6.5625,6.09375,6.09375
2000-09-12,1000,6.25,6.40625,6.40625,6.09375,6.40625
2000-09-11,1400,6.25,6.25,6.25,6.25,6.25
2000-09-08,3000,6.5625,6.25,6.71875,6.25,6.25
2000-09-07,1200,6.875,6.5625,6.875,6.5625,6.5625
2000-09-06,8600,7.5,6.71875,7.5,6.71875,6.71875
2000-09-05,12300,7.421879768371582,6.875,8.125,6.875,6.875
2000-09-01,27700,7.03125,7.5,7.65625,6.71875,7.5
2000-08-31,6700,7.1875,6.71875,7.1875,6.71875,6.71875
2000-08-30,4800,6.796879768371582,6.875,7.1875,6.71875,6.875
2000-08-29,9100,6.796879768371582,6.875,7.1875,6.40625,6.875
2000-08-28,2800,6.25,6.5625,6.5625,6.25,6.5625
2000-08-25,3600,6.25,6.25,6.5625,6.25,6.25
2000-08-24,8000,6.875,6.25,7.1875,6.25,6.25
2000-08-23,4700,7.34375,6.875,7.5,6.875,6.875
2000-08-22,5100,7.34375,7.34375,7.34375,6.71875,7.34375
2000-08-21,28000,8.75,7.34375,9.0625,6.875,7.34375
2000-08-18,108100,6.09375,9.375,9.375,5.78125,9.375
2000-08-17,23000,5.3125,6.09375,6.25,5.3125,6.09375
2000-08-16,12900,5.9375,5.3125,5.9375,5.15625,5.3125
2000-08-15,8000,5.15625,5.9375,5.9375,5.0,5.9375
2000-08-14,800,5.3125,5.0,5.3125,5.0,5.0
2000-08-11,1400,5.3125,5.3125,5.3125,5.3125,5.3125
2000-08-10,1600,5.0,5.0,5.0,5.0,5.0
2000-08-09,2000,5.3125,5.3125,5.3125,5.15625,5.3125
2000-08-08,3200,5.0,5.15625,5.3125,5.0,5.15625
2000-08-07,800,5.15625,5.0,5.15625,5.0,5.0
2000-08-04,7600,4.84375,5.0,5.0,4.6875,5.0
2000-08-03,0,4.84375,4.84375,4.84375,4.84375,4.84375
2000-08-02,8600,5.0,4.21875,5.0,4.21875,4.21875
2000-08-01,3200,4.6875,5.0,5.0,4.6875,5.0
2000-07-31,4000,4.84375,5.0,5.0,4.6875,5.0
2000-07-28,2000,4.921879768371582,5.0,5.0,4.84375,5.0
2000-07-27,2100,5.0,4.84375,5.15625,4.84375,4.84375
2000-07-26,4000,4.84375,5.15625,5.3125,4.84375,5.15625
2000-07-25,2800,5.0,5.3125,5.3125,4.84375,5.3125
2000-07-24,2000,5.0,5.0,5.234379768371582,4.6875,5.0
2000-07-21,3100,4.84375,5.0,5.0,4.84375,5.0
2000-07-20,3800,5.15625,5.0,5.15625,5.0,5.0
2000-07-19,9300,6.09375,5.0,6.09375,4.6875,5.0
2000-07-18,46600,4.375,5.9375,5.9375,4.0625,5.9375
2000-07-17,5300,3.90625,3.90625,3.90625,3.90625,3.90625
2000-07-14,2000,3.90625,4.21875,4.21875,3.90625,4.21875
2000-07-13,5400,4.0625,4.21875,4.21875,3.75,4.21875
2000-07-12,1300,4.0625,4.0625,4.21875,4.0625,4.0625
2000-07-11,900,4.0625,4.0625,4.0625,4.0625,4.0625
2000-07-10,2400,4.0625,4.0625,4.21875,3.75,4.0625
2000-07-07,6400,4.0625,3.90625,4.0625,3.90625,3.90625
2000-07-06,0,4.21875,4.21875,4.21875,4.21875,4.21875
2000-07-05,800,3.90625,4.21875,4.21875,3.90625,4.21875
2000-07-03,0,4.0625,4.0625,4.0625,4.0625,4.0625
2000-06-30,300,4.21875,4.0625,4.21875,4.0625,4.0625
2000-06-29,1200,4.21875,4.0625,4.375,4.0625,4.0625
2000-06-28,2200,4.0625,4.21875,4.21875,4.0625,4.21875
2000-06-27,8500,4.21875,4.0625,4.21875,4.0625,4.0625
2000-06-26,200,4.0625,4.0625,4.0625,4.0625,4.0625
2000-06-23,2600,3.90625,4.21875,4.21875,3.90625,4.21875
2000-06-22,1400,3.90625,4.0625,4.375,3.90625,4.0625
2000-06-21,0,3.90625,3.90625,3.90625,3.90625,3.90625
2000-06-20,2000,4.21875,3.90625,4.375,3.75,3.90625
2000-06-19,2700,4.375,4.21875,4.375,3.90625,4.21875
2000-06-16,2800,4.375,4.375,4.375,4.375,4.375
2000-06-15,10300,4.375,4.375,4.53125,4.21875,4.375
2000-06-14,800,4.53125,4.6875,4.6875,4.53125,4.6875
2000-06-13,1100,4.0625,4.6875,4.6875,4.0625,4.6875
2000-06-12,400,4.6875,4.0625,4.6875,4.0625,4.0625
2000-06-09,5300,3.90625,4.6875,4.6875,3.75,4.6875
2000-06-08,200,4.0625,4.0625,4.0625,4.0625,4.0625
2000-06-07,4700,4.0625,4.375,4.375,4.0625,4.375
2000-06-06,2100,4.0625,4.0625,4.21875,3.75,4.0625
2000-06-05,3500,4.21875,4.21875,4.21875,4.0625,4.21875
2000-06-02,100,4.21875,4.21875,4.21875,4.21875,4.21875
2000-06-01,600,4.0625,4.0625,4.0625,4.0625,4.0625
2000-05-31,2600,4.0625,4.375,4.375,4.0625,4.375
2000-05-30,1300,4.21875,4.375,4.375,4.0625,4.375
2000-05-26,4300,3.90625,4.21875,4.21875,3.90625,4.21875
2000-05-25,12300,4.0625,3.59375,4.0625,3.59375,3.59375
2000-05-24,4600,4.0625,3.90625,4.21875,3.90625,3.90625
2000-05-23,1500,3.90625,3.90625,4.0625,3.90625,3.90625
2000-05-22,1400,4.0625,4.0625,4.0625,3.90625,4.0625
2000-05-19,1200,4.0625,4.0625,4.140620231628418,4.0625,4.0625
2000-05-18,2600,4.375,3.90625,4.375,3.90625,3.90625
2000-05-17,700,4.375,4.375,4.375,4.0625,4.375
2000-05-16,200,4.375,4.375,4.375,4.375,4.375
2000-05-15,2600,4.375,4.375,4.6875,4.375,4.375
2000-05-12,6000,3.90625,4.0625,4.0625,3.90625,4.0625
2000-05-11,11000,4.0625,3.59375,4.0625,3.59375,3.59375
2000-05-10,5500,4.375,3.75,4.375,3.75,3.75
2000-05-09,1800,4.375,4.0625,4.375,3.90625,4.0625
2000-05-08,10100,4.6875,4.0625,4.6875,4.0625,4.0625
2000-05-05,900,4.21875,4.21875,4.375,4.21875,4.21875
2000-05-04,2200,4.375,4.21875,4.6875,4.21875,4.21875
2000-05-03,400,4.6875,4.6875,4.6875,4.375,4.6875
2000-05-02,2800,4.375,4.21875,4.6875,4.21875,4.21875
2000-05-01,1800,4.375,4.375,4.84375,4.375,4.375
2000-04-28,0,4.375,4.375,4.375,4.375,4.375
2000-04-27,5900,4.609379768371582,4.375,4.84375,4.375,4.375
2000-04-26,600,4.21875,5.0,5.0,4.21875,5.0
2000-04-25,3100,5.0,5.0,5.0,4.375,5.0
2000-04-24,7900,4.84375,4.84375,4.84375,4.21875,4.84375
2000-04-20,5200,4.6875,4.84375,5.0,4.375,4.84375
2000-04-19,11100,4.375,4.53125,4.6875,4.375,4.53125
2000-04-18,6400,4.375,4.375,4.6875,4.375,4.375
2000-04-17,7100,4.6875,4.84375,4.84375,4.375,4.84375
2000-04-14,9700,5.625,4.53125,5.625,4.53125,4.53125
2000-04-13,15500,4.609379768371582,5.46875,5.46875,4.609379768371582,5.46875
2000-04-12,1500,4.84375,4.375,4.84375,4.375,4.375
2000-04-11,6100,4.53125,4.6875,4.84375,4.375,4.6875
2000-04-10,6100,5.0,4.375,5.0,4.375,4.375
2000-04-07,4500,4.6875,4.6875,5.0,4.6875,4.6875
2000-04-06,3800,5.0,4.6875,5.3125,4.53125,4.6875
2000-04-05,8500,4.375,5.0,5.0,4.375,5.0
2000-04-04,33100,5.15625,4.21875,5.3125,3.90625,4.21875
2000-04-03,11800,5.390620231628418,5.3125,5.390620231628418,4.6875,5.3125
2000-03-31,8100,5.3125,5.3125,5.390620231628418,5.15625,5.3125
2000-03-30,8100,5.625,5.3125,5.78125,5.3125,5.3125
2000-03-29,5600,5.46875,5.625,5.78125,5.3125,5.625
2000-03-28,6200,5.78125,5.46875,6.25,5.46875,5.46875
2000-03-27,2700,5.78125,5.78125,5.9375,5.78125,5.78125
2000-03-24,3300,5.78125,5.9375,5.9375,5.78125,5.9375
2000-03-23,3500,5.9375,5.78125,5.9375,5.625,5.78125
2000-03-22,18700,5.9375,5.9375,6.5625,5.3125,5.9375
2000-03-21,6000,6.09375,5.78125,6.09375,5.78125,5.78125
2000-03-20,1800,6.25,5.9375,6.25,5.78125,5.9375
2000-03-17,13200,6.25,6.5625,6.5625,5.625,6.5625
2000-03-16,2700,5.78125,5.9375,6.09375,5.78125,5.9375
2000-03-15,18000,6.71875,6.40625,6.875,5.625,6.40625
2000-03-14,8900,6.5625,6.40625,7.03125,6.40625,6.40625
2000-03-13,11600,6.71875,6.875,7.5,6.40625,6.875
2000-03-10,8200,7.5,6.875,7.5,6.5625,6.875
2000-03-09,16900,7.1875,6.71875,7.5,6.40625,6.71875
2000-03-08,15400,7.5,7.03125,8.4375,6.875,7.03125
2000-03-07,53700,6.40625,7.5,8.75,6.25,7.5
2000-03-06,17900,5.859379768371582,5.9375,6.5625,5.625,5.9375
2000-03-03,8100,6.015620231628418,5.625,6.09375,5.625,5.625
2000-03-02,14700,6.25,6.09375,6.25,5.625,6.09375
2000-03-01,14800,6.25,5.9375,6.5625,5.78125,5.9375
2000-02-29,8100,6.09375,5.625,6.25,5.625,5.625
2000-02-28,10100,5.625,5.625,6.25,5.625,5.625
2000-02-25,7800,5.859379768371582,5.46875,6.25,5.46875,5.46875
2000-02-24,20400,6.5625,6.25,6.5625,5.46875,6.25
2000-02-23,12700,6.484379768371582,6.09375,6.5625,5.9375,6.09375
2000-02-22,24100,7.5,6.875,7.65625,6.40625,6.875
2000-02-18,53200,8.125,7.1875,8.75,6.875,7.1875
2000-02-17,177500,5.78125,7.65625,8.125,5.78125,7.65625
2000-02-16,19700,5.078120231628418,5.46875,5.46875,5.0,5.46875
2000-02-15,40200,5.703120231628418,5.0,5.703120231628418,4.6875,5.0
2000-02-14,7300,5.9375,5.78125,6.25,5.625,5.78125
2000-02-11,7400,5.3125,5.625,5.625,5.15625,5.625
2000-02-10,8400,5.15625,5.3125,5.625,5.15625,5.3125
2000-02-09,4200,5.3125,5.15625,5.625,5.0,5.15625
2000-02-08,9400,5.234379768371582,5.3125,5.46875,5.15625,5.3125
2000-02-07,2400,5.0,5.3125,5.3125,5.0,5.3125
2000-02-04,17200,5.15625,5.3125,5.3125,5.0,5.3125
2000-02-03,2500,5.390620231628418,5.46875,5.625,5.15625,5.46875
2000-02-02,2300,5.46875,5.46875,5.625,5.15625,5.46875
2000-02-01,6400,5.46875,5.625,5.625,5.0,5.625
2000-01-31,4100,5.46875,5.46875,5.625,5.3125,5.46875
2000-01-28,2900,5.9375,5.46875,5.9375,5.46875,5.46875
2000-01-27,17200,7.1875,6.25,7.1875,5.625,6.25
2000-01-26,21800,6.875,6.875,7.1875,6.25,6.875
2000-01-25,8400,5.9375,6.25,6.25,5.859379768371582,6.25
2000-01-24,30000,5.390620231628418,5.9375,6.40625,5.15625,5.9375
2000-01-21,27100,5.3125,5.3125,5.625,4.6875,5.3125
2000-01-20,12400,5.46875,5.15625,5.46875,4.84375,5.15625
2000-01-19,30600,5.3125,5.15625,5.3125,4.6875,5.15625
2000-01-18,23900,5.0,5.15625,5.3125,4.6875,5.15625
2000-01-14,62200,4.84375,4.53125,5.3125,4.53125,4.53125
2000-01-13,18600,4.21875,3.75,4.21875,3.59375,3.75
2000-01-12,10600,3.75,4.21875,4.375,3.75,4.21875
2000-01-11,3100,3.75,3.75,3.90625,3.4375,3.75
2000-01-10,5600,3.4375,3.90625,3.90625,3.4375,3.90625
2000-01-07,11900,3.75,3.4375,3.75,3.4375,3.4375
2000-01-06,9100,3.90625,3.90625,4.0625,3.75,3.90625
2000-01-05,7300,3.90625,3.75,4.0625,3.75,3.75
2000-01-04,5100,3.75,4.0625,4.0625,3.75,4.0625
2000-01-03,1900,4.0625,3.75,4.0625,3.75,3.75
1999-12-31,20600,3.75,4.0625,4.0625,3.59375,4.0625
1999-12-30,28000,3.90625,3.75,4.0625,3.28125,3.75
1999-12-29,12400,3.59375,3.75,3.90625,3.4375,3.75
1999-12-28,12500,3.75,3.4375,4.0625,3.4375,3.4375
1999-12-27,8700,3.828119993209839,3.90625,3.90625,3.75,3.90625
1999-12-23,10200,3.75,3.75,4.0625,3.75,3.75
1999-12-22,13300,3.984380006790161,3.75,4.0625,3.75,3.75
1999-12-21,4300,3.90625,3.90625,4.0625,3.90625,3.90625
1999-12-20,3500,3.75,3.75,3.90625,3.75,3.75
1999-12-17,17900,3.90625,3.75,4.0625,3.75,3.75
1999-12-16,5500,3.90625,4.0625,4.21875,3.90625,4.0625
1999-12-15,6600,3.90625,3.90625,4.21875,3.75,3.90625
1999-12-14,6600,4.0625,3.90625,4.0625,3.90625,3.90625
1999-12-13,20000,3.75,4.21875,4.21875,3.75,4.21875
1999-12-10,4400,3.90625,3.75,4.0625,3.75,3.75
1999-12-09,8500,4.0625,3.90625,4.21875,3.90625,3.90625
1999-12-08,5700,3.90625,3.90625,4.0625,3.90625,3.90625
1999-12-07,2700,3.90625,4.21875,4.21875,3.90625,4.21875
1999-12-06,10100,3.75,3.90625,4.21875,3.75,3.90625
1999-12-03,5000,4.0625,3.75,4.21875,3.75,3.75
1999-12-02,2100,4.375,4.0625,4.375,3.90625,4.0625
1999-12-01,2400,4.0625,3.90625,4.21875,3.90625,3.90625
1999-11-30,2200,4.375,4.0625,4.375,3.90625,4.0625
1999-11-29,10400,4.0625,3.90625,4.0625,3.59375,3.90625
1999-11-26,35300,3.75,3.75,3.90625,3.75,3.75
1999-11-24,8000,4.21875,4.0625,4.375,3.75,4.0625
1999-11-23,2800,4.609379768371582,4.21875,4.6875,4.21875,4.21875
1999-11-22,14400,5.078120231628418,4.6875,5.15625,4.53125,4.6875
1999-11-19,36100,3.90625,5.0,5.15625,3.90625,5.0
1999-11-18,4100,4.21875,4.21875,4.21875,4.0625,4.21875
1999-11-17,6500,4.21875,3.90625,4.21875,3.90625,3.90625
1999-11-16,9100,3.75,3.90625,4.21875,3.75,3.90625
1999-11-15,6900,3.90625,3.75,3.90625,3.4375,3.75
1999-11-12,14400,3.828119993209839,3.90625,4.0625,3.75,3.90625
1999-11-11,3400,4.0625,3.90625,4.375,3.90625,3.90625
1999-11-10,8500,4.140620231628418,4.0625,4.53125,3.75,4.0625
1999-11-09,15900,4.6875,3.75,4.6875,3.75,3.75
1999-11-08,7300,4.53125,4.0625,4.6875,4.0625,4.0625
1999-11-05,2500,4.375,4.6875,4.6875,4.375,4.6875
1999-11-04,1500,4.609379768371582,4.375,4.609379768371582,4.375,4.375
1999-11-03,400,4.53125,4.53125,4.53125,4.53125,4.53125
1999-11-02,6200,3.90625,4.0625,4.375,3.90625,4.0625
1999-11-01,7200,4.0625,4.0625,4.375,4.0625,4.0625
1999-10-29,6400,4.375,4.375,4.375,4.0625,4.375
1999-10-28,6500,4.53125,4.375,4.53125,4.375,4.375
1999-10-27,1100,4.53125,4.6875,4.6875,4.53125,4.6875
1999-10-26,3700,4.53125,4.53125,4.53125,4.375,4.53125
1999-10-25,5700,4.6875,4.53125,5.0,4.375,4.53125
1999-10-22,6100,4.84375,5.0,5.0,4.53125,5.0
1999-10-21,4600,4.84375,4.84375,5.0,4.6875,4.84375
1999-10-20,2100,4.84375,5.0,5.0,4.6875,5.0
1999-10-19,1100,5.0,4.84375,5.0,4.84375,4.84375
1999-10-18,4400,4.6875,4.6875,5.15625,4.6875,4.6875
1999-10-15,3400,4.84375,4.6875,4.84375,4.6875,4.6875
1999-10-14,11600,5.0,4.84375,5.15625,4.84375,4.84375
1999-10-13,2900,5.15625,5.15625,5.3125,5.0,5.15625
1999-10-12,1600,5.46875,5.15625,5.46875,5.15625,5.15625
1999-10-11,2600,5.3125,5.46875,5.46875,5.15625,5.46875
1999-10-08,7800,5.234379768371582,5.3125,5.3125,5.15625,5.3125
1999-10-07,7400,5.0,5.15625,5.15625,4.6875,5.15625
1999-10-06,13600,4.375,5.0,5.15625,4.375,5.0
1999-10-05,4000,4.6875,4.375,4.6875,4.375,4.375
1999-10-04,8600,5.0,4.6875,5.3125,4.6875,4.6875
1999-10-01,2700,4.84375,5.15625,5.15625,4.6875,5.15625
1999-09-30,20400,5.234379768371582,4.921879768371582,5.234379768371582,4.6875,4.921879768371582
1999-09-29,3300,5.3125,5.0,5.46875,5.0,5.0
1999-09-28,3800,5.3125,5.0,5.46875,5.0,5.0
1999-09-27,5600,5.15625,5.15625,5.3125,5.0,5.15625
1999-09-24,3500,5.15625,5.15625,5.15625,5.0,5.15625
1999-09-23,3300,5.234379768371582,5.46875,5.46875,5.0,5.46875
1999-09-22,4000,5.0,5.0,5.3125,5.0,5.0
1999-09-21,3600,5.15625,5.3125,5.46875,5.0,5.3125
1999-09-20,1300,5.390620231628418,5.15625,5.625,5.15625,5.15625
1999-09-17,9100,5.3125,5.15625,5.625,5.15625,5.15625
1999-09-16,1600,5.46875,5.3125,5.625,5.3125,5.3125
1999-09-15,800,5.46875,5.46875,5.625,5.46875,5.46875
1999-09-14,500,5.703120231628418,5.625,5.703120231628418,5.46875,5.625
1999-09-13,700,5.46875,5.46875,5.625,5.46875,5.46875
1999-09-10,400,5.46875,5.9375,6.09375,5.46875,5.9375
1999-09-09,3000,5.546879768371582,5.9375,5.9375,5.46875,5.9375
1999-09-08,2500,5.625,5.46875,5.625,5.46875,5.46875
1999-09-07,2000,5.3125,5.625,5.9375,5.3125,5.625
1999-09-03,2100,5.625,5.3125,5.625,5.3125,5.3125
1999-09-02,4600,5.390620231628418,5.3125,5.46875,5.3125,5.3125
1999-09-01,5500,5.625,5.46875,5.78125,5.3125,5.46875
1999-08-31,1200,5.625,5.625,5.9375,5.625,5.625
1999-08-30,6100,6.015620231628418,5.9375,6.015620231628418,5.625,5.9375
1999-08-27,10800,6.25,6.09375,6.40625,5.625,6.09375
1999-08-26,9800,6.09375,5.625,6.25,5.625,5.625
1999-08-25,8200,5.859379768371582,5.9375,6.09375,5.3125,5.9375
1999-08-24,2500,5.78125,5.78125,5.9375,5.625,5.78125
1999-08-23,4200,5.15625,5.625,5.625,5.15625,5.625
1999-08-20,8700,5.78125,5.78125,5.78125,5.3125,5.78125
1999-08-19,2500,5.625,5.78125,5.78125,5.46875,5.78125
1999-08-18,3500,5.625,5.46875,5.625,5.46875,5.46875
1999-08-17,5900,5.625,5.625,5.78125,5.46875,5.625
1999-08-16,17400,6.5625,5.625,6.5625,5.625,5.625
1999-08-13,2300,6.5625,5.78125,6.5625,5.78125,5.78125
1999-08-12,1900,5.9375,6.5625,6.5625,5.9375,6.5625
1999-08-11,600,5.9375,5.9375,5.9375,5.9375,5.9375
1999-08-10,900,6.5625,5.9375,6.5625,5.9375,5.9375
1999-08-09,2000,6.5625,6.25,6.5625,6.25,6.25
1999-08-06,2200,6.5625,6.25,6.5625,5.9375,6.25
1999-08-05,14800,6.5625,6.25,6.875,6.25,6.25
1999-08-04,1000,6.5625,6.25,6.5625,6.25,6.25
1999-08-03,3900,7.03125,6.875,7.03125,6.875,6.875
1999-08-02,500,6.953120231628418,6.875,7.03125,6.875,6.875
1999-07-30,2100,6.875,6.875,7.03125,6.875,6.875
1999-07-29,3200,7.578120231628418,7.1875,7.578120231628418,6.875,7.1875
1999-07-28,2200,7.5,7.1875,8.125,7.1875,7.1875
1999-07-27,12400,7.1875,7.5,8.125,7.03125,7.5
1999-07-26,6300,7.03125,7.03125,7.03125,6.71875,7.03125
1999-07-23,2800,7.1875,7.03125,7.1875,6.5625,7.03125
1999-07-22,4000,6.5625,7.34375,7.34375,6.5625,7.34375
1999-07-21,4600,6.25,6.875,6.875,6.25,6.875
1999-07-20,2700,6.640620231628418,6.5625,6.640620231628418,6.25,6.5625
1999-07-19,4600,6.640620231628418,6.5625,6.71875,6.40625,6.5625
1999-07-16,800,6.5625,6.71875,6.71875,6.5625,6.71875
1999-07-15,1700,6.875,6.5625,6.875,6.40625,6.5625
1999-07-14,1200,6.5625,6.875,6.875,6.5625,6.875
1999-07-13,2900,6.875,6.875,6.875,6.875,6.875
1999-07-12,2100,6.875,7.1875,7.5,6.875,7.1875
1999-07-09,2300,7.34375,7.34375,7.5,6.875,7.34375
1999-07-08,3500,7.5,7.03125,8.125,7.03125,7.03125
1999-07-07,3800,7.65625,7.5,8.125,7.5,7.5
1999-07-06,16600,7.96875,7.65625,8.125,7.65625,7.65625
1999-07-02,20500,6.875,8.125,8.125,6.875,8.125
1999-07-01,6400,5.78125,6.5625,6.5625,5.78125,6.5625
1999-06-30,800,5.9375,5.78125,6.09375,5.78125,5.78125
1999-06-29,5300,5.625,5.625,5.9375,5.625,5.625
1999-06-28,8000,5.46875,5.78125,5.78125,5.46875,5.78125
1999-06-25,7300,5.625,5.78125,5.9375,5.625,5.78125
1999-06-24,2300,5.625,5.78125,5.9375,5.625,5.78125
1999-06-23,4300,5.78125,5.78125,5.78125,5.625,5.78125
1999-06-22,3800,5.9375,5.78125,5.9375,5.625,5.78125
1999-06-21,4600,5.625,5.78125,6.09375,5.546879768371582,5.78125
1999-06-18,1000,5.46875,5.78125,5.78125,5.46875,5.78125
1999-06-17,5300,5.703120231628418,5.46875,5.703120231628418,5.46875,5.46875
1999-06-16,2600,5.9375,5.625,5.9375,5.625,5.625
1999-06-15,6600,5.46875,5.625,5.9375,5.46875,5.625
1999-06-14,1600,5.625,5.625,6.25,5.625,5.625
1999-06-11,5100,5.9375,5.78125,6.40625,5.625,5.78125
1999-06-10,2700,5.78125,5.625,5.78125,5.46875,5.625
1999-06-09,8700,5.625,5.78125,5.9375,5.46875,5.78125
1999-06-08,6000,5.46875,5.46875,5.78125,5.46875,5.46875
1999-06-07,6100,5.46875,5.46875,5.9375,5.46875,5.46875
1999-06-04,9300,5.625,5.625,5.625,5.3125,5.625
1999-06-03,8300,5.0,5.625,5.625,5.0,5.625
1999-06-02,16100,6.5625,5.625,6.5625,5.3125,5.625
1999-06-01,7600,6.5625,6.5625,6.5625,6.25,6.5625
1999-05-28,12200,6.875,6.25,7.03125,6.25,6.25
1999-05-27,3600,6.5625,6.40625,6.71875,6.25,6.40625
1999-05-26,13200,6.40625,6.40625,6.71875,6.25,6.40625
1999-05-25,4300,6.484379768371582,6.25,6.5625,6.25,6.25
1999-05-24,2400,6.25,6.5625,6.5625,6.25,6.5625
1999-05-21,16300,6.71875,6.25,6.71875,5.9375,6.25
1999-05-20,10600,6.875,6.40625,6.875,6.40625,6.40625
1999-05-19,10700,6.875,6.71875,6.875,6.09375,6.71875
1999-05-18,5400,7.5,6.875,7.5,6.5625,6.875
1999-05-17,1800,7.1875,7.03125,7.5,6.875,7.03125
1999-05-14,2700,7.03125,7.03125,7.1875,6.875,7.03125
1999-05-13,1500,6.875,6.875,7.1875,6.875,6.875
1999-05-12,3300,7.1875,7.1875,7.34375,6.875,7.1875
1999-05-11,7600,6.71875,7.1875,7.5,6.5625,7.1875
1999-05-10,6200,6.875,6.71875,7.03125,6.5625,6.71875
1999-05-07,7800,6.875,6.71875,7.03125,6.5625,6.71875
1999-05-06,10300,7.03125,6.875,7.03125,6.5625,6.875
1999-05-05,3600,7.1875,7.03125,7.5,6.875,7.03125
1999-05-04,7700,7.5,7.03125,7.5,7.03125,7.03125
1999-05-03,3400,7.65625,7.1875,7.65625,7.1875,7.1875
1999-04-30,6700,7.5,7.5,8.4375,7.03125,7.5
1999-04-29,7800,7.5,7.1875,8.125,7.1875,7.1875
1999-04-28,10400,8.59375,7.1875,8.59375,7.1875,7.1875
1999-04-27,4900,7.5,7.65625,8.125,7.1875,7.65625
1999-04-26,2800,7.34375,7.8125,7.8125,7.1875,7.8125
1999-04-23,800,7.34375,7.1875,7.5,7.1875,7.1875
1999-04-22,3200,8.4375,7.34375,8.4375,7.1875,7.34375
1999-04-21,5300,8.59375,7.5,8.59375,7.5,7.5
1999-04-20,13800,7.5,7.8125,8.4375,7.34375,7.8125
1999-04-19,18000,7.1875,7.5,8.125,7.03125,7.5
1999-04-16,4500,7.5,7.1875,7.5,7.03125,7.1875
1999-04-15,3300,6.875,6.875,7.34375,6.875,6.875
1999-04-14,5700,7.1875,6.875,7.1875,6.40625,6.875
1999-04-13,7700,6.5625,6.5625,7.03125,6.5625,6.5625
1999-04-12,3000,6.40625,6.5625,6.875,6.40625,6.5625
1999-04-09,16900,7.03125,6.875,7.1875,6.25,6.875
1999-04-08,30200,6.875,7.03125,7.1875,5.625,7.03125
1999-04-07,9800,7.03125,6.875,7.5,6.5625,6.875
1999-04-06,8500,7.5,7.1875,7.5,6.875,7.1875
1999-04-05,16100,7.96875,7.5,7.96875,6.875,7.5
1999-04-01,12300,8.125,7.8125,8.125,7.5,7.8125
1999-03-31,20800,8.75,7.96875,8.75,7.8125,7.96875
1999-03-30,18100,9.0625,8.4375,9.21875,8.4375,8.4375
1999-03-29,18900,9.53125,8.75,9.6875,8.75,8.75
1999-03-26,56600,11.09375,9.0625,11.25,8.75,9.0625
1999-03-25,232500,8.4375,11.40625,16.25,7.5,11.40625
1999-03-24,3100,8.125,7.5,8.75,7.5,7.5
1999-03-23,4500,8.28125,8.4375,8.4375,7.96875,8.4375
1999-03-22,6200,8.75,8.28125,8.75,8.125,8.28125
1999-03-19,13100,8.28125,8.4375,8.4375,8.125,8.4375
1999-03-18,4000,8.75,8.28125,8.75,8.125,8.28125
1999-03-17,3300,8.75,8.75,8.90625,8.75,8.75
1999-03-16,1600,8.75,8.59375,8.75,8.59375,8.59375
1999-03-15,4100,9.21875,8.75,9.375,8.75,8.75
1999-03-12,2600,9.21875,9.0625,9.375,8.75,9.0625
1999-03-11,4800,9.6875,8.75,9.6875,8.75,8.75
1999-03-10,1200,9.0625,9.375,9.53125,8.75,9.375
1999-03-09,6000,8.75,9.0625,10.0,8.59375,9.0625
1999-03-08,6600,8.4375,8.75,8.90625,8.125,8.75
1999-03-05,7700,8.4375,8.90625,9.0625,8.125,8.90625
1999-03-04,5300,9.0625,8.75,9.0625,8.59375,8.75
1999-03-03,3900,8.90625,8.75,8.90625,8.75,8.75
1999-03-02,1700,9.375,9.0625,9.6875,8.75,9.0625
1999-03-01,4500,8.75,9.375,9.375,8.75,9.375
1999-02-26,500,9.21875,9.21875,9.21875,8.90625,9.21875
1999-02-25,6600,9.84375,9.21875,9.84375,9.0625,9.21875
1999-02-24,1800,9.375,9.375,9.84375,9.375,9.375
1999-02-23,3000,9.6875,9.375,9.84375,9.375,9.375
1999-02-22,6100,9.84375,9.84375,10.0,9.6875,9.84375
1999-02-19,8900,9.6875,9.84375,9.84375,9.6875,9.84375
1999-02-18,10900,10.0,9.6875,10.0,9.53125,9.6875
1999-02-17,3200,10.15625,9.84375,10.15625,9.84375,9.84375
1999-02-16,10800,9.6875,9.84375,10.15625,9.6875,9.84375
1999-02-12,3300,9.6875,9.6875,10.0,9.6875,9.6875
1999-02-11,4300,9.84375,10.0,10.0,9.53125,10.0
1999-02-10,7300,9.6875,9.84375,10.625,9.6875,9.84375
1999-02-09,8300,10.0,9.6875,10.0,9.6875,9.6875
1999-02-08,18000,10.0,10.0,10.46875,10.0,10.0
1999-02-05,10900,10.0,10.0,10.078120231628418,9.6875,10.0
1999-02-04,4200,10.46875,10.0,10.46875,10.0,10.0
1999-02-03,1200,10.46875,10.3125,10.46875,10.3125,10.3125
1999-02-02,2500,10.15625,10.3125,10.3125,10.15625,10.3125
1999-02-01,3800,10.0,10.3125,10.3125,10.0,10.3125
1999-01-29,4800,10.15625,10.0,10.3125,10.0,10.0
1999-01-28,9400,10.625,10.46875,10.625,10.0,10.46875
1999-01-27,2500,10.625,10.625,10.625,10.625,10.625
1999-01-26,6200,11.5625,10.78125,11.5625,10.3125,10.78125
1999-01-25,4000,11.25,10.9375,11.25,10.3125,10.9375
1999-01-22,6200,11.09375,10.9375,11.25,10.9375,10.9375
1999-01-21,10300,10.78125,11.25,11.25,10.0,11.25
1999-01-20,5600,10.78125,10.0,10.78125,10.0,10.0
1999-01-19,11700,10.9375,10.0,10.9375,10.0,10.0
1999-01-15,3600,11.5625,10.9375,11.5625,10.625,10.9375
1999-01-14,3700,10.9375,10.625,11.25,10.625,10.625
1999-01-13,4500,11.5625,11.09375,11.5625,10.625,11.09375
1999-01-12,4100,11.5625,11.25,12.5,11.25,11.25
1999-01-11,4600,13.125,11.875,13.125,11.71875,11.875
1999-01-08,4800,11.875,12.8125,12.8125,11.875,12.8125
1999-01-07,4400,12.1875,11.875,13.4375,11.875,11.875
1999-01-06,5600,12.8125,12.5,12.8125,12.5,12.5
1999-01-05,2200,12.96875,12.8125,12.96875,12.5,12.8125
1999-01-04,6000,13.125,12.8125,13.28125,12.5,12.8125
1998-12-31,5500,13.125,12.8125,13.125,12.5,12.8125
1998-12-30,10700,12.34375,12.34375,12.65625,11.875,12.34375
1998-12-29,8700,11.25,11.875,11.875,10.9375,11.875
1998-12-28,3000,10.0,10.9375,11.25,10.0,10.9375
1998-12-24,1900,10.0,10.625,10.625,9.6875,10.625
1998-12-23,6900,10.3125,10.15625,10.3125,9.6875,10.15625
1998-12-22,6700,10.0,10.3125,10.3125,9.375,10.3125
1998-12-21,15300,10.3125,9.6875,10.3125,9.6875,9.6875
1998-12-18,4200,10.625,10.3125,10.78125,10.3125,10.3125
1998-12-17,4500,10.625,10.46875,10.78125,10.3125,10.46875
1998-12-16,2900,10.9375,10.625,11.5625,10.625,10.625
1998-12-15,6400,10.9375,11.25,11.25,10.625,11.25
1998-12-14,2700,10.9375,10.9375,11.25,10.625,10.9375
1998-12-11,2600,10.9375,11.25,11.875,10.9375,11.25
1998-12-10,9500,11.5625,11.25,11.71875,11.25,11.25
1998-12-09,3000,11.5625,11.71875,12.1875,11.25,11.71875
1998-12-08,3600,12.65625,11.5625,12.65625,11.5625,11.5625
1998-12-07,4200,12.65625,12.65625,12.8125,12.5,12.65625
1998-12-04,6000,12.96875,12.96875,12.96875,12.5,12.96875
1998-12-03,2500,12.65625,12.5,12.96875,12.5,12.5
1998-12-02,3400,12.8125,12.8125,12.8125,12.5,12.8125
1998-12-01,3300,12.65625,12.8125,12.8125,12.5,12.8125
1998-11-30,6400,12.5,12.65625,13.125,12.5,12.65625
1998-11-27,900,12.8125,12.65625,12.96875,12.65625,12.65625
1998-11-25,4700,12.5,12.65625,13.125,12.5,12.65625
1998-11-24,5300,12.65625,12.65625,13.4375,12.5,12.65625
1998-11-23,7600,13.59375,13.4375,13.90625,12.8125,13.4375
1998-11-20,8100,14.53125,13.59375,14.53125,13.59375,13.59375
1998-11-19,13700,14.84375,14.0625,14.84375,13.75,14.0625
1998-11-18,11700,14.6875,14.84375,15.0,14.375,14.84375
1998-11-17,8300,15.0,14.375,15.15625,14.375,14.375
1998-11-16,50700,15.15625,15.0,15.9375,14.375,15.0
1998-11-13,32600,12.5,14.0625,15.0,12.5,14.0625
1998-11-12,10900,11.40625,12.03125,12.1875,11.25,12.03125
1998-11-11,8300,11.25,11.25,11.5625,11.09375,11.25
1998-11-10,6900,11.875,11.25,12.34375,11.25,11.25
1998-11-09,4500,12.03125,11.875,12.5,11.875,11.875
1998-11-06,13100,11.875,11.25,12.1875,11.25,11.25
1998-11-05,21600,13.4375,11.5625,13.4375,11.25,11.5625
1998-11-04,16200,14.0625,12.8125,14.375,12.8125,12.8125
1998-11-03,57200,15.625,13.75,16.25,13.125,13.75
1998-11-02,17500,13.75,15.625,15.9375,13.75,15.625
1998-10-30,3000,13.75,13.125,13.75,13.125,13.125
1998-10-29,5900,14.84375,13.75,14.84375,13.125,13.75
1998-10-28,2600,14.6875,14.6875,14.6875,14.6875,14.6875
1998-10-27,5300,14.375,15.0,15.0,13.90625,15.0
1998-10-26,4800,13.75,14.375,14.6875,13.75,14.375
1998-10-23,6800,15.0,13.75,15.0,13.4375,13.75
1998-10-22,2200,15.0,15.625,15.625,14.375,15.625
1998-10-21,1300,14.6875,14.0625,15.0,14.0625,14.0625
1998-10-20,2200,15.625,15.0,15.625,15.0,15.0
1998-10-19,7800,14.6875,15.0,16.40625,14.0625,15.0
1998-10-16,15900,14.375,14.6875,14.6875,13.125,14.6875
1998-10-15,3000,15.0,14.6875,15.0,14.375,14.6875
1998-10-14,3800,15.9375,15.0,16.25,15.0,15.0
1998-10-13,800,15.0,15.15625,15.625,15.0,15.15625
1998-10-12,4200,15.0,15.3125,15.625,14.6875,15.3125
1998-10-09,8200,14.6875,14.375,15.0,13.75,14.375
1998-10-08,8300,15.0,14.6875,15.0,13.125,14.6875
1998-10-07,1400,15.9375,15.0,15.9375,15.0,15.0
1998-10-06,5800,16.875,15.46875,16.875,15.0,15.46875
1998-10-05,3700,17.5,16.09375,17.5,15.9375,16.09375
1998-10-02,2300,17.1875,17.1875,17.5,16.25,17.1875
1998-10-01,40200,19.375,17.1875,19.375,16.5625,17.1875
1998-09-30,15200,19.84375,18.75,19.84375,18.75,18.75
1998-09-29,20600,19.6875,19.6875,20.3125,19.0625,19.6875
1998-09-28,7400,17.8125,19.375,19.6875,17.8125,19.375
1998-09-25,15900,17.8125,18.75,19.6875,16.5625,18.75
1998-09-24,7500,16.25,16.71875,17.8125,16.25,16.71875
1998-09-23,11000,15.0,16.09375,17.1875,15.0,16.09375
1998-09-22,5800,15.0,15.0,15.0,14.53125,15.0
1998-09-21,1200,14.53125,15.0,15.46875,14.53125,15.0
1998-09-18,3000,15.0,15.625,15.625,15.0,15.625
1998-09-17,12600,15.46875,15.0,15.625,14.53125,15.0
1998-09-16,4500,15.3125,15.9375,16.09375,15.3125,15.9375
1998-09-15,3700,15.46875,15.46875,15.9375,15.0,15.46875
1998-09-14,9900,15.3125,15.0,15.625,15.0,15.0
1998-09-11,9700,15.9375,15.9375,15.9375,15.0,15.9375
1998-09-10,4000,16.875,15.3125,16.875,15.0,15.3125
1998-09-09,5800,16.875,16.875,17.1875,16.25,16.875
1998-09-08,10200,16.875,16.5625,17.5,16.5625,16.5625
1998-09-04,5900,15.78125,15.78125,16.5625,15.3125,15.78125
1998-09-03,2100,15.0,15.625,15.625,14.375,15.625
1998-09-02,19100,15.0,14.375,15.9375,14.375,14.375
1998-09-01,13600,14.6875,15.0,15.15625,13.4375,15.0
1998-08-31,30900,16.25,13.28125,16.25,11.5625,13.28125
1998-08-28,34600,15.9375,15.9375,16.71875,15.625,15.9375
1998-08-27,12000,16.71875,16.25,17.1875,15.625,16.25
1998-08-26,12800,17.8125,17.1875,17.8125,16.5625,17.1875
1998-08-25,21400,17.5,17.03125,18.125,16.5625,17.03125
1998-08-24,7800,19.6875,17.8125,19.6875,17.5,17.8125
1998-08-21,2500,19.84375,19.375,19.84375,18.59375,19.375
1998-08-20,10900,20.0,19.84375,20.3125,18.90625,19.84375
1998-08-19,10400,20.0,19.84375,20.625,18.75,19.84375
1998-08-18,5600,20.0,20.0,20.0,19.375,20.0
1998-08-17,3600,19.6875,18.75,20.0,18.4375,18.75
1998-08-14,2200,19.6875,18.4375,20.0,18.4375,18.4375
1998-08-13,9000,17.8125,19.375,19.6875,17.5,19.375
1998-08-12,10700,17.5,17.8125,19.6875,17.5,17.8125
1998-08-11,37700,17.5,17.8125,18.125,14.375,17.8125
1998-08-10,30100,21.25,18.125,21.25,17.5,18.125
1998-08-07,9200,20.3125,21.09375,21.875,19.53125,21.09375
1998-08-06,17000,19.21875,20.0,20.625,19.0625,20.0
1998-08-05,8500,20.625,20.3125,21.25,20.3125,20.3125
1998-08-04,27100,22.5,20.9375,23.75,20.3125,20.9375
1998-08-03,11300,22.5,20.9375,22.5,20.9375,20.9375
1998-07-31,23700,25.3125,21.25,25.3125,20.9375,21.25
1998-07-30,37600,25.9375,24.84375,26.5625,24.84375,24.84375
1998-07-29,37900,24.0625,25.46875,25.625,23.59375,25.46875
1998-07-28,45000,26.25,21.875,26.25,20.9375,21.875
1998-07-27,44400,28.75,25.625,29.375,22.8125,25.625
1998-07-24,32600,26.25,27.96875,28.75,26.25,27.96875
1998-07-23,29800,26.25,27.1875,28.125,25.0,27.1875
1998-07-22,47900,24.84375,25.625,26.71875,24.0625,25.625
1998-07-21,32600,23.125,24.21875,25.0,22.8125,24.21875
1998-07-20,25100,23.125,22.65625,24.375,22.65625,22.65625
1998-07-17,50300,20.0,24.375,25.3125,19.21875,24.375
1998-07-16,11800,20.0,19.375,20.15625,19.375,19.375
1998-07-15,45000,20.9375,20.0,20.9375,17.5,20.0
1998-07-14,11300,20.9375,20.9375,21.25,20.3125,20.9375
1998-07-13,23400,19.84375,21.25,21.25,19.84375,21.25
1998-07-10,37900,18.75,19.84375,20.46875,18.75,19.84375
1998-07-09,28500,17.96875,19.6875,19.6875,16.875,19.6875
1998-07-08,4400,18.4375,17.5,18.4375,17.1875,17.5
1998-07-07,10100,16.875,18.125,18.4375,16.25,18.125
1998-07-06,9500,17.1875,16.875,17.5,16.5625,16.875
1998-07-02,11600,16.25,18.125,18.75,16.25,18.125
1998-07-01,7200,16.875,16.5625,17.5,16.25,16.5625
1998-06-30,21100,19.375,17.03125,19.375,15.9375,17.03125
1998-06-29,80100,16.5625,18.4375,19.375,16.5625,18.4375
1998-06-26,13600,15.9375,15.15625,16.40625,14.6875,15.15625
1998-06-25,15800,14.21875,16.09375,16.40625,14.21875,16.09375
1998-06-24,18600,13.90625,14.6875,14.6875,13.4375,14.6875
1998-06-23,25100,15.625,14.375,15.625,13.59375,14.375
1998-06-22,28800,16.5625,15.625,16.71875,15.0,15.625
1998-06-19,21100,17.03125,16.5625,17.5,16.09375,16.5625
1998-06-18,53500,16.71875,17.34375,17.5,16.09375,17.34375
1998-06-17,68800,15.0,16.5625,16.5625,14.6875,16.5625
1998-06-16,54800,15.9375,15.625,16.71875,14.6875,15.625
1998-06-15,149800,13.4375,15.9375,16.40625,13.4375,15.9375
1998-06-12,16200,12.1875,12.1875,12.1875,11.71875,12.1875
1998-06-11,21500,12.1875,11.875,12.5,11.71875,11.875
1998-06-10,43300,11.71875,12.34375,12.34375,11.25,12.34375
1998-06-09,18300,10.0,11.25,11.71875,10.0,11.25
1998-06-08,12000,10.0,10.15625,10.46875,9.84375,10.15625
1998-06-05,7000,10.0,10.0,10.625,10.0,10.0
1998-06-04,9300,10.0,10.0,10.0,9.6875,10.0
1998-06-03,600,9.84375,9.6875,10.0,9.6875,9.6875
1998-06-02,4600,9.375,9.84375,9.84375,9.21875,9.84375
1998-06-01,7600,9.375,9.21875,9.375,9.0625,9.21875
1998-05-29,8100,9.53125,8.90625,9.53125,8.90625,8.90625
1998-05-28,4600,9.21875,9.53125,9.53125,8.90625,9.53125
1998-05-27,4700,9.84375,9.21875,9.84375,9.21875,9.21875
1998-05-26,8600,9.53125,9.6875,10.0,9.53125,9.6875
1998-05-22,13800,9.53125,9.6875,10.0,9.21875,9.6875
1998-05-21,2200,9.53125,9.21875,9.53125,9.21875,9.21875
1998-05-20,7500,9.21875,9.375,9.53125,8.90625,9.375
1998-05-19,4600,8.4375,8.75,9.21875,8.4375,8.75
1998-05-18,9000,8.59375,8.90625,8.90625,8.4375,8.90625
1998-05-15,7400,8.4375,8.75,9.0625,8.4375,8.75
1998-05-14,31000,8.28125,7.96875,8.4375,7.65625,7.96875
1998-05-13,27700,8.75,8.4375,9.0625,8.125,8.4375
1998-05-12,28700,9.6875,9.0625,9.6875,8.59375,9.0625
1998-05-11,22200,10.78125,9.84375,11.25,9.84375,9.84375
1998-05-08,7700,10.9375,11.25,11.25,10.78125,11.25
1998-05-07,18200,10.9375,10.9375,11.25,10.78125,10.9375
1998-05-06,18400,10.9375,10.78125,11.5625,10.78125,10.78125
1998-05-05,8100,11.40625,10.9375,11.40625,10.78125,10.9375
1998-05-04,43800,10.3125,11.5625,11.5625,10.15625,11.5625
1998-05-01,22800,11.09375,10.625,11.25,10.15625,10.625
1998-04-30,30600,11.875,11.09375,12.34375,10.78125,11.09375
1998-04-29,33300,10.625,11.25,11.5625,10.15625,11.25
1998-04-28,43200,11.09375,10.0,11.5625,9.375,10.0
1998-04-27,26800,11.09375,11.09375,11.25,10.3125,11.09375
1998-04-24,32200,10.15625,11.5625,11.875,10.0,11.5625
1998-04-23,40100,9.6875,10.15625,10.15625,9.375,10.15625
1998-04-22,39400,10.0,9.84375,10.0,9.0625,9.84375
1998-04-21,39500,9.0625,10.0,10.0,9.0625,10.0
1998-04-20,21200,8.75,8.59375,9.21875,8.4375,8.59375
1998-04-17,25900,8.28125,8.28125,8.75,8.28125,8.28125
1998-04-16,15900,8.4375,8.4375,8.4375,7.96875,8.4375
1998-04-15,24400,7.8125,7.96875,8.75,7.8125,7.96875
1998-04-14,48100,7.5,7.5,7.8125,7.5,7.5
1998-04-13,12700,7.34375,7.5,7.5,7.1875,7.5
1998-04-09,9400,7.34375,7.34375,7.34375,7.03125,7.34375
1998-04-08,12400,7.34375,7.34375,7.34375,7.03125,7.34375
1998-04-07,8900,7.34375,7.03125,7.34375,7.03125,7.03125
1998-04-06,4500,7.1875,7.03125,7.34375,7.03125,7.03125
1998-04-03,16600,7.34375,7.03125,7.34375,7.03125,7.03125
1998-04-02,10300,7.1875,7.34375,7.34375,6.875,7.34375
1998-04-01,7600,6.71875,7.03125,7.1875,6.71875,7.03125
1998-03-31,17700,7.03125,7.03125,7.03125,6.71875,7.03125
1998-03-30,18500,7.1875,6.875,7.1875,6.5625,6.875
1998-03-27,13900,7.1875,7.1875,7.1875,6.875,7.1875
1998-03-26,24700,6.5625,6.71875,7.34375,6.5625,6.71875
1998-03-25,25500,6.5625,6.875,6.875,6.5625,6.875
1998-03-24,54800,6.09375,6.71875,7.1875,5.9375,6.71875
1998-03-23,21300,5.78125,6.09375,6.09375,5.78125,6.09375
1998-03-20,24900,5.78125,5.9375,6.09375,5.625,5.9375
1998-03-19,22000,6.25,5.78125,6.25,5.625,5.78125
1998-03-18,51500,6.25,6.25,6.40625,5.9375,6.25
1998-03-17,41100,6.25,6.25,6.5625,5.9375,6.25
1998-03-16,76200,5.625,5.9375,6.71875,5.625,5.9375
1998-03-13,4500,4.6875,5.0,5.0,4.6875,5.0
1998-03-12,2600,4.6875,4.6875,4.84375,4.6875,4.6875
1998-03-11,5100,4.84375,4.84375,4.84375,4.84375,4.84375
1998-03-10,400,4.6875,4.6875,4.6875,4.6875,4.6875
1998-03-09,1400,4.6875,4.6875,4.6875,4.6875,4.6875
1998-03-06,0,4.84375,4.84375,4.84375,4.84375,4.84375
1998-03-05,2900,4.84375,4.84375,4.84375,4.6875,4.84375
1998-03-04,300,4.6875,4.6875,4.6875,4.6875,4.6875
1998-03-03,2100,5.0,4.6875,5.0,4.6875,4.6875
1998-03-02,1000,5.0,5.0,5.0,4.6875,5.0
1998-02-27,4800,4.6875,5.0,5.0,4.6875,5.0
1998-02-26,8200,4.84375,5.0,5.0,4.6875,5.0
1998-02-25,2600,4.84375,4.84375,4.84375,4.84375,4.84375
1998-02-24,7000,5.0,4.921879768371582,5.0,4.84375,4.921879768371582
1998-02-23,3800,5.15625,5.0,5.15625,5.0,5.0
1998-02-20,3900,5.0,5.15625,5.15625,4.84375,5.15625
1998-02-19,2900,5.15625,4.84375,5.15625,4.84375,4.84375
1998-02-18,6500,4.84375,5.15625,5.15625,4.84375,5.15625
1998-02-17,1200,5.0,4.84375,5.0,4.84375,4.84375
1998-02-13,1100,5.0,4.84375,5.0,4.84375,4.84375
1998-02-12,600,5.0,5.0,5.0,4.84375,5.0
1998-02-11,1100,4.84375,4.84375,5.0,4.84375,4.84375
1998-02-10,4100,4.84375,5.0,5.0,4.84375,5.0
1998-02-09,400,5.0,4.84375,5.0,4.84375,4.84375
1998-02-06,3500,5.0,4.84375,5.0,4.84375,4.84375
1998-02-05,3000,4.6875,5.0,5.0,4.6875,5.0
1998-02-04,0,4.6875,4.6875,4.6875,4.6875,4.6875
1998-02-03,7700,4.84375,4.84375,4.84375,4.6875,4.84375
1998-02-02,4000,5.0,4.84375,5.0,4.53125,4.84375
1998-01-30,12700,5.3125,5.0,5.46875,4.375,5.0
1998-01-29,4400,5.625,5.3125,5.625,5.0,5.3125
1998-01-28,10000,5.0,5.0,5.3125,5.0,5.0
1998-01-27,4000,4.84375,5.0,5.0,4.6875,5.0
1998-01-26,200,4.6875,4.6875,4.6875,4.6875,4.6875
1998-01-23,1000,4.53125,4.6875,4.6875,4.53125,4.6875
1998-01-22,3100,4.84375,4.53125,4.84375,4.53125,4.53125
1998-01-21,300,4.53125,4.53125,4.53125,4.53125,4.53125
1998-01-20,2400,4.6875,4.6875,4.6875,4.53125,4.6875
1998-01-16,3100,5.15625,4.53125,5.15625,4.53125,4.53125
1998-01-15,2600,5.15625,4.6875,5.15625,4.6875,4.6875
1998-01-14,2300,5.0,5.0,5.0,5.0,5.0
1998-01-13,2200,5.0,5.0,5.15625,5.0,5.0
1998-01-12,4100,5.0,5.15625,5.15625,5.0,5.15625
1998-01-09,5600,5.15625,5.0,5.15625,5.0,5.0
1998-01-08,4300,4.84375,5.15625,5.15625,4.84375,5.15625
1998-01-07,1700,5.0,5.0,5.0,5.0,5.0
1998-01-06,500,5.15625,5.15625,5.15625,5.0,5.15625
1998-01-05,700,5.15625,5.15625,5.15625,5.0,5.15625
1998-01-02,900,5.0,5.15625,5.15625,5.0,5.15625
1997-12-31,2000,4.84375,5.0,5.15625,4.84375,5.0
1997-12-30,5600,5.15625,5.15625,5.15625,4.6875,5.15625
1997-12-29,6700,5.0,4.6875,5.0,4.6875,4.6875
1997-12-26,2100,5.0,4.84375,5.0,4.84375,4.84375
1997-12-24,6200,5.0,4.6875,5.0,4.6875,4.6875
1997-12-23,4700,5.0,5.0,5.15625,5.0,5.0
1997-12-22,2600,4.375,4.6875,5.0,4.375,4.6875
1997-12-19,1400,4.6875,4.6875,4.6875,4.375,4.6875
1997-12-18,2300,4.84375,4.375,4.84375,4.375,4.375
1997-12-17,1200,4.6875,4.53125,4.6875,4.53125,4.53125
1997-12-16,5800,4.53125,4.375,4.84375,4.375,4.375
1997-12-15,6400,4.84375,4.84375,5.0,4.84375,4.84375
1997-12-12,4400,5.0,4.84375,5.0,4.53125,4.84375
1997-12-11,0,5.0,5.0,5.0,5.0,5.0
1997-12-10,2700,5.0,5.0,5.0,5.0,5.0
1997-12-09,1300,5.15625,5.3125,5.3125,5.0,5.3125
1997-12-08,700,5.15625,5.15625,5.3125,5.15625,5.15625
1997-12-05,1100,5.3125,5.3125,5.46875,5.15625,5.3125
1997-12-04,5600,5.15625,5.46875,5.46875,5.15625,5.46875
1997-12-03,1500,5.46875,5.15625,5.46875,5.15625,5.15625
1997-12-02,8100,5.46875,5.3125,5.46875,5.0,5.3125
1997-12-01,11900,5.3125,5.46875,5.46875,5.3125,5.46875
1997-11-28,900,5.3125,5.3125,5.3125,5.3125,5.3125
1997-11-26,5700,5.15625,5.15625,5.46875,5.0,5.15625
1997-11-25,5300,5.3125,5.3125,5.3125,5.3125,5.3125
1997-11-24,12900,5.3125,5.15625,5.3125,5.15625,5.15625
1997-11-21,2700,4.84375,5.0,5.15625,4.84375,5.0
1997-11-20,6300,5.0,5.0,5.15625,5.0,5.0
1997-11-19,4000,5.15625,5.15625,5.3125,5.0,5.15625
1997-11-18,3200,5.15625,5.15625,5.15625,5.15625,5.15625
1997-11-17,9100,5.15625,5.3125,5.3125,5.15625,5.3125
1997-11-14,1000,5.46875,5.3125,5.46875,5.3125,5.3125
1997-11-13,8700,5.3125,5.3125,5.46875,5.0,5.3125
1997-11-12,2600,5.78125,5.3125,5.78125,5.3125,5.3125
1997-11-11,18400,5.625,5.78125,5.78125,5.15625,5.78125
1997-11-10,2700,5.46875,5.625,5.625,5.3125,5.625
1997-11-07,9600,5.625,5.46875,5.625,5.46875,5.46875
1997-11-06,3900,5.9375,5.625,5.9375,5.625,5.625
1997-11-05,200,5.9375,5.625,5.9375,5.625,5.625
1997-11-04,4300,5.625,5.9375,5.9375,5.625,5.9375
1997-11-03,8100,6.09375,5.78125,6.09375,5.625,5.78125
1997-10-31,3000,5.78125,6.25,6.25,5.78125,6.25
1997-10-30,10400,6.25,6.09375,6.25,5.9375,6.09375
1997-10-29,10300,5.9375,6.25,6.25,5.9375,6.25
1997-10-28,13500,5.46875,5.625,6.09375,5.0,5.625
1997-10-27,2800,5.625,5.625,5.9375,5.625,5.625
1997-10-24,4800,5.625,5.625,6.25,5.625,5.625
1997-10-23,5800,5.625,5.46875,5.703120231628418,5.46875,5.46875
1997-10-22,5500,5.9375,5.9375,6.015620231628418,5.78125,5.9375
1997-10-21,1900,5.78125,5.78125,6.09375,5.78125,5.78125
1997-10-20,4000,5.625,5.625,5.625,5.625,5.625
1997-10-17,5300,5.625,5.625,5.625,5.3125,5.625
1997-10-16,1400,5.9375,5.625,5.9375,5.625,5.625
1997-10-15,7900,5.78125,5.9375,5.9375,5.625,5.9375
1997-10-14,5300,6.09375,6.09375,6.25,5.9375,6.09375
1997-10-13,15300,6.25,6.25,6.40625,6.09375,6.25
1997-10-10,15800,6.5625,6.5625,6.5625,6.25,6.5625
1997-10-09,7300,6.875,6.40625,6.875,6.25,6.40625
1997-10-08,3600,6.875,6.875,6.875,6.71875,6.875
1997-10-07,12800,7.1875,6.875,7.34375,6.875,6.875
1997-10-06,14600,6.40625,7.1875,7.1875,6.40625,7.1875
1997-10-03,7300,7.1875,6.40625,7.1875,6.40625,6.40625
1997-10-02,9500,6.5625,6.875,7.1875,6.5625,6.875
1997-10-01,6700,6.5625,6.71875,7.03125,6.5625,6.71875
1997-09-30,10800,7.03125,6.875,7.03125,6.40625,6.875
1997-09-29,21400,6.25,6.875,6.875,6.25,6.875
1997-09-26,12400,6.5625,6.25,6.5625,6.25,6.25
1997-09-25,40500,6.09375,6.5625,6.875,6.09375,6.5625
1997-09-24,40400,5.9375,6.25,6.40625,5.625,6.25
1997-09-23,33900,5.3125,5.9375,5.9375,5.0,5.9375
1997-09-22,71900,4.84375,5.46875,5.46875,4.84375,5.46875
1997-09-19,26800,5.15625,5.0,5.15625,5.0,5.0
1997-09-18,7600,5.3125,5.0,5.3125,5.0,5.0
1997-09-17,13900,5.0,5.0,5.15625,4.84375,5.0
1997-09-16,4700,5.0,5.0,5.0,4.84375,5.0
1997-09-15,7700,5.15625,5.0,5.3125,4.84375,5.0
1997-09-12,16200,5.0,5.0,5.15625,4.84375,5.0
1997-09-11,4900,5.15625,5.0,5.3125,4.84375,5.0
1997-09-10,6000,5.3125,5.15625,5.3125,5.15625,5.15625
1997-09-09,15000,5.0,5.3125,5.78125,5.0,5.3125
1997-09-08,7800,5.0,5.15625,5.15625,4.6875,5.15625
1997-09-05,25400,4.84375,4.6875,5.0,4.53125,4.6875
1997-09-04,400,4.6875,4.6875,4.6875,4.6875,4.6875
1997-09-03,1300,5.0,5.0,5.0,5.0,5.0
1997-09-02,10500,4.6875,4.6875,5.0,4.6875,4.6875
1997-08-29,3800,5.0,4.84375,5.0,4.6875,4.84375
1997-08-28,1500,4.84375,5.0,5.0,4.84375,5.0
1997-08-27,18800,5.15625,5.0,5.15625,4.84375,5.0
1997-08-26,16000,5.0,5.15625,5.3125,5.0,5.15625
1997-08-25,24400,5.3125,5.0,5.46875,5.0,5.0
1997-08-22,72600,4.375,5.15625,5.15625,4.0625,5.15625
1997-08-21,6700,4.21875,4.0625,4.21875,4.0625,4.0625
1997-08-20,800,4.53125,4.21875,4.53125,4.21875,4.21875
1997-08-19,200,4.21875,4.21875,4.21875,4.21875,4.21875
1997-08-18,600,4.21875,4.21875,4.53125,4.21875,4.21875
1997-08-15,1200,4.21875,4.21875,4.21875,4.21875,4.21875
1997-08-14,0,4.21875,4.21875,4.21875,4.21875,4.21875
1997-08-13,200,4.21875,4.21875,4.21875,4.21875,4.21875
1997-08-12,1900,4.375,4.375,4.375,4.21875,4.375
1997-08-11,1400,4.21875,4.53125,4.53125,4.21875,4.53125
1997-08-08,100,4.21875,4.21875,4.21875,4.21875,4.21875
1997-08-07,800,4.21875,4.21875,4.53125,4.21875,4.21875
1997-08-06,2200,4.375,4.375,4.375,4.21875,4.375
1997-08-05,2300,4.21875,4.375,4.375,4.21875,4.375
1997-08-04,1100,4.21875,4.375,4.375,4.21875,4.375
1997-08-01,1500,4.21875,4.21875,4.21875,4.21875,4.21875
1997-07-31,2400,4.21875,4.21875,4.21875,4.21875,4.21875
1997-07-30,3400,4.375,4.6875,4.6875,4.21875,4.6875
1997-07-29,0,4.375,4.375,4.375,4.375,4.375
1997-07-28,300,4.375,4.375,4.375,4.375,4.375
1997-07-25,2300,4.375,4.6875,4.6875,4.375,4.6875
1997-07-24,200,4.375,4.375,4.375,4.375,4.375
1997-07-23,0,4.6875,4.6875,4.6875,4.6875,4.6875
1997-07-22,0,4.6875,4.6875,4.6875,4.6875,4.6875
1997-07-21,400,4.375,4.375,4.375,4.375,4.375
1997-07-18,4200,4.6875,4.375,4.84375,4.375,4.375
1997-07-17,16700,4.84375,4.84375,5.0,4.6875,4.84375
1997-07-16,6400,4.84375,4.84375,5.0,4.84375,4.84375
1997-07-15,16000,4.84375,4.921879768371582,5.15625,4.84375,4.921879768371582
1997-07-14,15400,4.6875,5.0,5.0,4.6875,5.0
1997-07-11,13700,4.6875,4.6875,4.84375,4.6875,4.6875
1997-07-10,7600,4.375,4.53125,4.6875,4.0625,4.53125
1997-07-09,1900,4.375,3.90625,4.375,3.90625,3.90625
1997-07-08,400,3.90625,4.375,4.375,3.90625,4.375
1997-07-07,1300,4.0625,4.0625,4.375,4.0625,4.0625
1997-07-03,0,4.0625,4.0625,4.0625,4.0625,4.0625
1997-07-02,700,4.0625,4.0625,4.6875,4.0625,4.0625
1997-07-01,600,4.375,4.375,4.375,4.375,4.375
1997-06-30,500,4.53125,4.0625,4.53125,4.0625,4.0625
1997-06-27,0,4.0625,4.0625,4.0625,4.0625,4.0625
1997-06-26,5100,4.375,4.0625,4.375,4.0625,4.0625
1997-06-25,900,4.53125,3.90625,4.53125,3.90625,3.90625
1997-06-24,1600,4.6875,4.0625,4.6875,4.0625,4.0625
1997-06-23,2600,4.21875,4.6875,4.6875,4.0625,4.6875
1997-06-20,7400,4.375,3.90625,4.375,3.90625,3.90625
1997-06-19,12500,4.84375,4.375,4.84375,4.375,4.375
1997-06-18,2900,4.84375,4.375,4.84375,4.375,4.375
1997-06-17,400,4.84375,4.84375,4.84375,4.84375,4.84375
1997-06-16,0,5.0,4.84375,5.0,4.84375,4.84375
1997-06-13,6800,5.0,4.6875,5.0,4.6875,4.6875
1997-06-12,3500,5.0,4.84375,5.0,4.84375,4.84375
1997-06-11,400,4.84375,4.84375,4.84375,4.84375,4.84375
1997-06-10,0,4.84375,4.84375,4.84375,4.84375,4.84375
1997-06-09,200,4.84375,4.84375,4.84375,4.84375,4.84375
1997-06-06,0,4.84375,4.84375,4.84375,4.84375,4.84375
1997-06-05,700,4.84375,4.84375,4.84375,4.84375,4.84375
1997-06-04,3000,5.0,5.0,5.0,5.0,5.0
1997-06-03,3400,5.0,5.0,5.0,5.0,5.0
1997-06-02,10200,5.0,5.15625,5.15625,4.6875,5.15625
1997-05-30,200,5.0,5.0,5.0,5.0,5.0
1997-05-29,2300,4.6875,4.6875,4.6875,4.6875,4.6875
1997-05-28,4400,4.6875,4.84375,5.0,4.6875,4.84375
1997-05-27,4600,4.6875,4.53125,4.84375,4.375,4.53125
1997-05-23,4300,4.6875,4.84375,4.84375,4.375,4.84375
1997-05-22,600,5.15625,4.6875,5.15625,4.6875,4.6875
1997-05-21,4600,5.0,5.0,5.15625,4.6875,5.0
1997-05-20,0,5.0,5.0,5.0,5.0,5.0
1997-05-19,5100,5.0,5.0,5.625,4.375,5.0
1997-05-16,4100,5.15625,5.15625,5.15625,4.6875,5.15625
1997-05-15,20000,5.15625,5.15625,5.15625,4.84375,5.15625
1997-05-14,25000,4.0625,5.0,5.15625,4.0625,5.0
1997-05-13,200,4.6875,4.6875,4.6875,4.6875,4.6875
1997-05-12,200,4.6875,4.6875,4.6875,4.6875,4.6875
1997-05-09,0,4.6875,4.6875,4.6875,4.6875,4.6875
1997-05-08,400,4.0625,4.6875,4.6875,4.0625,4.6875
1997-05-07,2000,4.375,4.0625,4.375,4.0625,4.0625
1997-05-06,5500,4.53125,4.0625,4.84375,4.0625,4.0625
1997-05-05,600,4.53125,4.53125,4.53125,4.53125,4.53125
1997-05-02,4000,4.53125,4.53125,4.6875,4.53125,4.53125
1997-05-01,400,4.6875,4.6875,4.6875,4.6875,4.6875
1997-04-30,6300,4.375,4.6875,4.6875,4.21875,4.6875
1997-04-29,2000,4.6875,4.375,4.6875,4.375,4.375
1997-04-28,400,4.6875,4.84375,4.84375,4.6875,4.84375
1997-04-25,100,4.84375,4.84375,4.84375,4.84375,4.84375
1997-04-24,8100,4.21875,4.375,4.84375,4.21875,4.375
1997-04-23,100,4.6875,4.6875,4.6875,4.6875,4.6875
1997-04-22,4500,4.6875,4.6875,4.6875,4.21875,4.6875
1997-04-21,1400,4.375,4.21875,4.375,4.21875,4.21875
1997-04-18,6100,3.828119993209839,4.53125,4.6875,3.828119993209839,4.53125
1997-04-17,11100,3.75,4.0625,4.0625,3.59375,4.0625
1997-04-16,5000,3.59375,3.4375,3.59375,3.4375,3.4375
1997-04-15,2900,3.75,3.75,3.75,3.28125,3.75
1997-04-14,15000,3.59375,3.28125,3.75,3.28125,3.28125
1997-04-11,2800,3.75,3.59375,3.90625,3.4375,3.59375
1997-04-10,4300,3.4375,3.90625,3.90625,3.4375,3.90625
1997-04-09,800,3.59375,3.90625,3.90625,3.59375,3.90625
1997-04-08,2300,4.0625,3.90625,4.0625,3.59375,3.90625
1997-04-07,600,4.0625,4.0625,4.0625,4.0625,4.0625
1997-04-04,6000,4.375,4.375,4.375,3.90625,4.375
1997-04-03,1200,3.90625,3.90625,3.90625,3.90625,3.90625
1997-04-02,5700,3.90625,3.90625,4.21875,3.90625,3.90625
1997-04-01,2300,3.984380006790161,4.0625,4.0625,3.984380006790161,4.0625
1997-03-31,400,4.21875,4.21875,4.21875,4.21875,4.21875
1997-03-27,5100,4.0625,4.21875,4.21875,3.90625,4.21875
1997-03-26,0,4.6875,4.6875,4.6875,4.6875,4.6875
1997-03-25,1000,4.6875,4.6875,4.6875,4.375,4.6875
1997-03-24,7700,4.375,4.21875,4.53125,4.21875,4.21875
1997-03-21,900,4.453120231628418,4.453120231628418,4.453120231628418,4.453120231628418,4.453120231628418
1997-03-20,1300,4.84375,4.375,4.84375,4.375,4.375
1997-03-19,6100,4.6875,4.6875,4.6875,4.53125,4.6875
1997-03-18,1700,4.53125,4.6875,5.0,4.53125,4.6875
1997-03-17,1400,5.0,4.53125,5.0,4.53125,4.53125
1997-03-14,9100,5.078120231628418,4.6875,5.078120231628418,4.6875,4.6875
1997-03-13,1500,5.0,5.0,5.0,5.0,5.0
1997-03-12,1000,4.84375,4.84375,4.84375,4.84375,4.84375
1997-03-11,1300,5.0,4.6875,5.0,4.6875,4.6875
1997-03-10,7900,4.84375,4.84375,5.0,4.375,4.84375
1997-03-07,3000,4.84375,4.6875,4.84375,4.375,4.6875
1997-03-06,1200,4.84375,4.84375,4.84375,4.84375,4.84375
1997-03-05,1700,4.53125,4.84375,4.84375,4.53125,4.84375
1997-03-04,3900,4.375,4.6875,4.84375,4.375,4.6875
1997-03-03,3300,4.375,4.84375,5.0,4.375,4.84375
1997-02-28,900,4.21875,4.21875,4.21875,4.21875,4.21875
1997-02-27,0,4.375,4.375,4.375,4.375,4.375
1997-02-26,1600,4.6875,4.375,4.6875,4.0625,4.375
1997-02-25,200,4.6875,4.6875,4.6875,4.6875,4.6875
1997-02-24,4700,4.0625,4.375,4.375,4.0625,4.375
1997-02-21,12600,4.6875,4.375,5.0,4.0625,4.375
1997-02-20,4900,4.84375,4.6875,5.0,4.6875,4.6875
1997-02-19,3300,5.0,5.0,5.0,5.0,5.0
1997-02-18,8000,5.0,4.84375,5.15625,4.84375,4.84375
1997-02-14,900,5.0,4.84375,5.0,4.84375,4.84375
1997-02-13,2300,5.0,4.84375,5.0,4.84375,4.84375
1997-02-12,3600,5.0,5.0,5.0,5.0,5.0
1997-02-11,3200,5.0,4.6875,5.0,4.6875,4.6875
1997-02-10,13600,5.15625,4.84375,5.15625,4.84375,4.84375
1997-02-07,7100,5.625,5.46875,5.9375,5.46875,5.46875
1997-02-06,100,6.09375,6.09375,6.09375,6.09375,6.09375
1997-02-05,700,5.46875,5.46875,5.46875,5.46875,5.46875
1997-02-04,1600,5.46875,5.625,6.09375,5.46875,5.625
1997-02-03,12000,5.625,5.46875,6.09375,5.46875,5.46875
1997-01-31,700,5.15625,5.625,5.625,5.15625,5.625
1997-01-30,1400,5.3125,5.3125,5.3125,5.3125,5.3125
1997-01-29,4100,5.15625,5.3125,5.46875,5.15625,5.3125
1997-01-28,800,5.0,5.15625,5.15625,5.0,5.15625
1997-01-27,3700,5.3125,5.0,5.3125,5.0,5.0
1997-01-24,3900,5.15625,5.15625,5.15625,5.0,5.15625
1997-01-23,1500,5.15625,5.15625,5.15625,4.84375,5.15625
1997-01-22,7400,5.0,5.0,5.15625,4.84375,5.0
1997-01-21,2100,5.0,5.0,5.15625,5.0,5.0
1997-01-20,19000,5.0,4.921879768371582,5.0,4.84375,4.921879768371582
1997-01-17,100,4.84375,4.84375,4.84375,4.84375,4.84375
1997-01-16,9200,5.3125,5.0,5.3125,5.0,5.0
1997-01-15,11300,5.15625,5.3125,5.3125,4.84375,5.3125
1997-01-14,3600,5.15625,4.84375,5.15625,4.84375,4.84375
1997-01-13,0,4.84375,4.84375,4.84375,4.84375,4.84375
1997-01-10,1100,5.3125,4.84375,5.3125,4.84375,4.84375
1997-01-09,8600,5.3125,5.0,5.3125,4.84375,5.0
1997-01-08,400,5.625,5.3125,5.625,5.3125,5.3125
1997-01-07,13600,4.84375,5.3125,5.46875,4.84375,5.3125
1997-01-06,900,5.0,4.84375,5.0,4.84375,4.84375
1997-01-03,2000,4.84375,5.0,5.0,4.6875,5.0
1997-01-02,3700,4.6875,4.6875,4.84375,4.6875,4.6875
1996-12-31,4700,4.53125,4.84375,4.84375,4.53125,4.84375
1996-12-30,1200,4.53125,4.6875,4.84375,4.53125,4.6875
1996-12-27,1500,4.53125,4.84375,4.84375,4.53125,4.84375
1996-12-26,2300,4.84375,4.84375,4.84375,4.53125,4.84375
1996-12-24,1200,4.53125,4.84375,4.84375,4.53125,4.84375
1996-12-23,4300,4.6875,4.53125,5.0,4.53125,4.53125
1996-12-20,900,5.0,5.0,5.0,4.53125,5.0
1996-12-19,0,4.53125,4.53125,4.53125,4.53125,4.53125
1996-12-18,2500,5.0,4.53125,5.0,4.53125,4.53125
1996-12-17,5000,4.6875,5.0,5.15625,4.53125,5.0
1996-12-16,11900,5.3125,5.15625,5.3125,4.84375,5.15625
1996-12-13,30200,5.0,5.3125,5.46875,4.6875,5.3125
1996-12-12,1700,4.53125,4.53125,4.53125,4.21875,4.53125
1996-12-11,1200,4.53125,4.53125,4.53125,4.21875,4.53125
1996-12-10,8800,4.53125,4.21875,4.53125,4.21875,4.21875
1996-12-09,100,4.375,4.6875,4.6875,4.375,4.6875
1996-12-06,9600,4.6875,4.375,4.6875,4.375,4.375
1996-12-05,5400,5.0,4.375,5.0,4.375,4.375
1996-12-04,4000,5.0,5.0,5.0,4.6875,5.0
1996-12-03,0,5.0,5.0,5.0,5.0,5.0
1996-12-02,3500,5.0,5.0,5.0,4.84375,5.0
1996-11-29,2400,5.0,5.0,5.0,5.0,5.0
1996-11-27,2300,5.0,4.6875,5.0,4.6875,4.6875
1996-11-26,5300,5.0,4.84375,5.0,4.84375,4.84375
1996-11-25,6300,5.0,5.0,5.0,4.84375,5.0
1996-11-22,11100,4.6875,4.6875,5.0,4.6875,4.6875
1996-11-21,4000,5.0,4.375,5.0,4.375,4.375
1996-11-20,2600,4.6875,5.0,5.0,4.6875,5.0
1996-11-19,5400,4.84375,5.0,5.0,4.84375,5.0
1996-11-18,1900,4.84375,4.375,4.84375,4.21875,4.375
1996-11-15,100,4.21875,4.21875,4.21875,4.21875,4.21875
1996-11-14,3700,4.21875,4.6875,5.0,4.21875,4.6875
1996-11-13,1000,5.0,4.21875,5.0,4.21875,4.21875
1996-11-12,1000,5.0,5.0,5.0,5.0,5.0
1996-11-11,20400,4.375,5.0,5.0,4.21875,5.0
1996-11-08,15900,5.0,4.21875,5.0,4.21875,4.21875
1996-11-07,3500,4.6875,4.6875,5.0,4.6875,4.6875
1996-11-06,2600,4.6875,5.0,5.0,4.6875,5.0
1996-11-05,8100,5.0,4.84375,5.15625,4.6875,4.84375
1996-11-04,1600,4.84375,5.0,5.0,4.84375,5.0
1996-11-01,700,4.84375,5.0,5.0,4.84375,5.0
1996-10-31,1400,4.84375,5.0,5.3125,4.84375,5.0
1996-10-30,3000,5.3125,5.15625,5.3125,5.15625,5.15625
1996-10-29,4000,4.6875,5.3125,5.3125,4.6875,5.3125
1996-10-28,100,4.6875,4.6875,4.6875,4.6875,4.6875
1996-10-25,2700,5.3125,4.6875,5.3125,4.6875,4.6875
1996-10-24,4100,5.0,4.6875,5.0,4.6875,4.6875
1996-10-23,6000,5.0,5.0,5.0,5.0,5.0
1996-10-22,11100,5.0,5.3125,5.46875,5.0,5.3125
1996-10-21,0,5.0,5.0,5.0,5.0,5.0
1996-10-18,1300,5.15625,5.0,5.15625,5.0,5.0
1996-10-17,9200,5.15625,5.0,5.15625,5.0,5.0
1996-10-16,4600,5.0,5.0,5.3125,5.0,5.0
1996-10-15,100,5.46875,5.0,5.46875,5.0,5.0
1996-10-14,600,5.0,5.0,5.0,5.0,5.0
1996-10-11,2200,5.15625,5.0,5.46875,5.0,5.0
1996-10-10,800,5.3125,5.15625,5.3125,5.15625,5.15625
1996-10-09,300,5.0,5.0,5.0,5.0,5.0
1996-10-08,2300,5.0,5.3125,5.3125,5.0,5.3125
1996-10-07,4200,5.15625,5.3125,5.3125,5.0,5.3125
1996-10-04,9400,5.0,5.3125,5.625,5.0,5.3125
1996-10-03,18300,5.46875,5.0,5.625,5.0,5.0
1996-10-02,2300,5.3125,4.84375,5.3125,4.84375,4.84375
1996-10-01,900,5.46875,5.15625,5.46875,5.15625,5.15625
1996-09-30,4400,5.3125,5.46875,5.625,5.0,5.46875
1996-09-27,6600,5.78125,5.0,5.78125,5.0,5.0
1996-09-26,7100,5.625,5.46875,5.9375,5.3125,5.46875
1996-09-25,11000,5.78125,5.9375,6.09375,5.625,5.9375
1996-09-24,19700,5.625,5.78125,5.78125,5.46875,5.78125
1996-09-23,2600,5.46875,5.46875,5.625,5.3125,5.46875
1996-09-20,6300,5.15625,5.3125,5.3125,5.15625,5.3125
1996-09-19,4200,5.3125,5.15625,5.3125,5.15625,5.15625
1996-09-18,5800,5.15625,5.3125,5.3125,5.15625,5.3125
1996-09-17,4200,5.3125,5.15625,5.3125,5.0,5.15625
1996-09-16,9000,5.3125,5.15625,5.625,5.0,5.15625
1996-09-13,40200,5.0,5.3125,6.25,5.0,5.3125
1996-09-12,6600,4.53125,5.0,5.0,4.53125,5.0
1996-09-11,4100,4.84375,4.84375,4.84375,4.53125,4.84375
1996-09-10,23900,3.75,4.6875,4.84375,3.75,4.6875
1996-09-09,1300,4.21875,4.0625,4.53125,4.0625,4.0625
1996-09-06,1400,4.0625,4.21875,4.375,4.0625,4.21875
1996-09-05,11000,4.375,3.90625,4.375,3.90625,3.90625
1996-09-04,24700,3.75,4.53125,4.84375,3.75,4.53125
1996-09-03,4400,3.59375,3.59375,3.75,3.59375,3.59375
1996-08-30,600,3.59375,3.59375,3.59375,3.59375,3.59375
1996-08-29,2600,3.75,3.75,3.75,3.59375,3.75
1996-08-28,4600,3.59375,3.59375,3.75,3.59375,3.59375
1996-08-27,0,3.59375,3.59375,3.59375,3.59375,3.59375
1996-08-26,2900,3.59375,3.59375,3.75,3.59375,3.59375
1996-08-23,7200,3.59375,3.59375,3.75,3.4375,3.59375
1996-08-22,6300,3.75,3.4375,3.75,3.4375,3.4375
1996-08-21,2400,3.59375,3.59375,3.75,3.4375,3.59375
1996-08-20,14400,3.59375,3.75,3.75,3.4375,3.75
1996-08-19,2900,3.75,3.59375,3.75,3.59375,3.59375
1996-08-16,1700,3.75,3.75,3.75,3.4375,3.75
1996-08-15,2600,3.4375,3.4375,3.4375,3.4375,3.4375
1996-08-14,0,3.28125,3.28125,3.28125,3.28125,3.28125
1996-08-13,0,3.28125,3.28125,3.28125,3.28125,3.28125
1996-08-12,6900,3.59375,3.28125,3.59375,3.28125,3.28125
1996-08-09,600,3.28125,3.28125,3.28125,3.28125,3.28125
1996-08-08,2000,3.28125,3.28125,3.4375,3.28125,3.28125
1996-08-07,1400,3.59375,3.4375,3.59375,3.4375,3.4375
1996-08-06,1100,3.59375,3.59375,3.59375,3.4375,3.59375
1996-08-05,1700,3.28125,3.4375,3.4375,3.28125,3.4375
1996-08-02,2100,3.59375,3.59375,3.59375,3.59375,3.59375
1996-08-01,1800,3.59375,3.28125,3.59375,3.28125,3.28125
1996-07-31,5100,3.59375,3.59375,3.59375,3.4375,3.59375
1996-07-30,0,3.125,3.125,3.125,3.125,3.125
1996-07-29,400,3.125,3.125,3.125,3.125,3.125
1996-07-26,0,3.59375,3.59375,3.59375,3.59375,3.59375
1996-07-25,1100,3.125,3.59375,3.59375,3.125,3.59375
1996-07-24,6000,3.75,3.125,3.75,3.125,3.125
1996-07-23,5900,3.4375,3.515619993209839,3.75,3.4375,3.515619993209839
1996-07-22,3300,3.75,3.4375,3.75,3.4375,3.4375
1996-07-19,1500,3.75,3.75,3.75,3.4375,3.75
1996-07-18,12900,3.59375,3.75,3.75,3.4375,3.75
1996-07-17,2300,3.75,4.0625,4.0625,3.75,4.0625
1996-07-16,11500,4.0625,4.21875,4.375,3.90625,4.21875
1996-07-15,2700,4.375,4.375,4.375,4.0625,4.375
1996-07-12,1500,4.375,4.375,4.375,4.375,4.375
1996-07-11,8400,4.375,3.90625,4.375,3.90625,3.90625
1996-07-10,500,4.375,4.375,4.375,3.90625,4.375
1996-07-09,11000,3.90625,3.90625,4.375,3.90625,3.90625
1996-07-08,10700,4.375,4.375,4.375,4.0625,4.375
1996-07-05,1800,4.53125,4.375,4.53125,4.0625,4.375
1996-07-03,400,4.53125,4.53125,4.53125,4.53125,4.53125
1996-07-02,8200,4.21875,4.375,4.53125,4.0625,4.375
1996-07-01,500,4.6875,4.53125,4.6875,4.53125,4.53125
1996-06-28,2000,4.21875,4.6875,4.6875,4.21875,4.6875
1996-06-27,400,4.21875,4.6875,4.6875,4.21875,4.6875
1996-06-26,100,4.6875,4.6875,4.6875,4.6875,4.6875
1996-06-25,2400,4.6875,4.6875,4.6875,4.21875,4.6875
1996-06-24,13900,4.6875,4.6875,4.6875,4.0625,4.6875
1996-06-21,1900,4.0625,4.375,4.6875,4.0625,4.375
1996-06-20,8800,4.375,4.21875,4.84375,4.0625,4.21875
1996-06-19,3300,4.6875,4.53125,4.6875,4.53125,4.53125
1996-06-18,500,5.0,5.0,5.0,5.0,5.0
1996-06-17,500,5.0,4.6875,5.0,4.6875,4.6875
1996-06-14,5800,4.53125,4.84375,4.84375,4.53125,4.84375
1996-06-13,2700,5.0,4.84375,5.0,4.53125,4.84375
1996-06-12,3600,4.53125,5.0,5.0,4.53125,5.0
1996-06-11,4600,5.0,5.0,5.0,4.53125,5.0
1996-06-10,10500,4.84375,4.84375,5.0,4.6875,4.84375
1996-06-07,1400,4.6875,4.84375,4.84375,4.6875,4.84375
1996-06-06,9900,4.6875,4.375,4.6875,4.21875,4.375
1996-06-05,1700,4.6875,4.6875,4.6875,4.6875,4.6875
1996-06-04,3200,4.6875,4.53125,4.84375,4.53125,4.53125
1996-06-03,11600,4.375,4.84375,4.921879768371582,4.21875,4.84375
1996-05-31,7700,4.21875,4.21875,4.375,4.21875,4.21875
1996-05-30,25900,4.53125,4.0625,4.53125,4.0625,4.0625
1996-05-29,2700,4.6875,4.375,4.6875,4.21875,4.375
1996-05-28,20100,4.53125,4.375,4.6875,4.21875,4.375
1996-05-24,6700,4.84375,4.6875,4.84375,4.375,4.6875
1996-05-23,6700,5.0,4.6875,5.0,4.53125,4.6875
1996-05-22,9800,4.84375,4.6875,5.0,4.53125,4.6875
1996-05-21,8300,4.84375,4.84375,4.84375,4.375,4.84375
1996-05-20,1000,5.0,4.84375,5.0,4.84375,4.84375
1996-05-17,31100,5.3125,4.84375,5.3125,4.375,4.84375
1996-05-16,2000,4.6875,4.6875,5.0,4.6875,4.6875
1996-05-15,4600,5.0,5.0,5.0,4.84375,5.0
1996-05-14,4800,4.84375,5.15625,5.15625,4.53125,5.15625
1996-05-13,6200,4.84375,4.84375,4.84375,4.375,4.84375
1996-05-10,6000,4.53125,4.375,4.84375,4.375,4.375
1996-05-09,9500,4.53125,5.0,5.0,4.53125,5.0
1996-05-08,6400,4.6875,4.84375,5.0,4.53125,4.84375
1996-05-07,3800,4.53125,5.0,5.0,4.53125,5.0
1996-05-06,17000,5.3125,4.84375,5.3125,4.375,4.84375
1996-05-03,2100,5.3125,4.84375,5.3125,4.84375,4.84375
1996-05-02,11300,5.3125,5.0,5.3125,4.84375,5.0
1996-05-01,5300,5.15625,5.3125,5.3125,5.0,5.3125
1996-04-30,4400,5.0,5.15625,5.625,5.0,5.15625
1996-04-29,500,5.3125,5.0,5.3125,5.0,5.0
1996-04-26,5000,5.625,5.625,5.625,5.3125,5.625
1996-04-25,5400,5.625,5.9375,5.9375,5.625,5.9375
1996-04-24,3000,5.625,5.9375,5.9375,5.625,5.9375
1996-04-23,8700,5.625,5.625,5.78125,5.625,5.625
1996-04-22,11600,5.78125,6.09375,6.25,5.78125,6.09375
1996-04-19,8500,5.625,5.78125,5.78125,5.625,5.78125
1996-04-18,5900,5.3125,5.625,5.625,5.0,5.625
1996-04-17,13800,5.9375,4.84375,5.9375,4.375,4.84375
1996-04-16,7400,5.625,5.9375,6.09375,5.3125,5.9375
1996-04-15,8400,6.40625,6.25,6.875,5.625,6.25
1996-04-12,27100,7.1875,6.796879768371582,7.8125,6.5625,6.796879768371582
1996-04-11,1900,7.34375,7.8125,7.8125,6.875,7.8125
1996-04-10,800,7.5,7.1875,7.5,7.1875,7.1875
1996-04-09,15500,7.5,7.5,7.8125,6.875,7.5
1996-04-08,21500,7.34375,7.8125,7.8125,7.1875,7.8125
1996-04-04,10900,7.5,7.5,7.8125,6.875,7.5
1996-04-03,6900,7.1875,7.5,7.5,6.5625,7.5
1996-04-02,13600,7.8125,7.5,7.8125,6.875,7.5
1996-04-01,24700,6.5625,7.1875,7.8125,6.5625,7.1875
1996-03-29,48800,5.9375,6.875,8.125,5.9375,6.875
1996-03-28,11700,5.3125,5.78125,5.78125,5.15625,5.78125
1996-03-27,200,5.15625,5.15625,5.15625,5.15625,5.15625
1996-03-26,11100,5.3125,5.3125,5.3125,5.0,5.3125
1996-03-25,8700,5.3125,5.0,5.3125,5.0,5.0
1996-03-22,3200,5.3125,5.0,5.3125,5.0,5.0
1996-03-21,5400,5.0,5.3125,5.3125,5.0,5.3125
1996-03-20,9100,5.15625,5.3125,5.3125,5.0,5.3125
1996-03-19,2200,5.0,4.84375,5.0,4.84375,4.84375
1996-03-18,1300,5.0,5.0,5.0,5.0,5.0
1996-03-15,2400,5.0,5.15625,5.3125,5.0,5.15625
1996-03-14,1700,5.15625,4.84375,5.15625,4.84375,4.84375
1996-03-13,200,5.15625,5.15625,5.15625,5.15625,5.15625
1996-03-12,6600,5.15625,5.15625,5.3125,5.15625,5.15625
1996-03-11,800,5.15625,5.15625,5.46875,5.15625,5.15625
1996-03-08,2100,5.3125,5.15625,5.46875,5.15625,5.15625
1996-03-07,9600,5.15625,5.15625,5.3125,5.15625,5.15625
1996-03-06,5600,5.15625,5.46875,5.46875,5.15625,5.46875
1996-03-05,1200,5.46875,5.46875,5.46875,5.46875,5.46875
1996-03-04,500,5.15625,5.15625,5.15625,5.15625,5.15625
1996-03-01,800,5.15625,5.15625,5.15625,5.15625,5.15625
1996-02-29,6000,5.15625,5.15625,5.3125,5.15625,5.15625
1996-02-28,3000,5.15625,5.15625,5.15625,5.15625,5.15625
1996-02-27,1200,5.15625,5.15625,5.15625,5.15625,5.15625
1996-02-26,2600,5.15625,5.15625,5.46875,5.15625,5.15625
1996-02-23,0,5.15625,5.15625,5.15625,5.15625,5.15625
1996-02-22,8400,5.3125,5.15625,5.3125,5.15625,5.15625
1996-02-21,3600,5.3125,5.3125,5.3125,5.15625,5.3125
1996-02-20,5800,5.15625,5.3125,5.3125,5.15625,5.3125
1996-02-16,7300,5.15625,5.15625,5.3125,5.15625,5.15625
1996-02-15,5600,5.15625,5.15625,5.3125,5.15625,5.15625
1996-02-14,1600,5.3125,5.3125,5.3125,5.3125,5.3125
1996-02-13,14400,5.15625,5.46875,5.46875,5.15625,5.46875
1996-02-12,2300,5.15625,5.15625,5.15625,5.15625,5.15625
1996-02-09,4500,5.15625,5.46875,5.46875,5.15625,5.46875
1996-02-08,3800,5.3125,5.15625,5.3125,5.15625,5.15625
1996-02-07,7100,5.15625,5.3125,5.46875,5.0,5.3125
1996-02-06,900,5.15625,5.15625,5.46875,5.15625,5.15625
1996-02-05,2100,5.15625,5.15625,5.46875,5.15625,5.15625
1996-02-02,2200,5.625,5.625,5.625,5.625,5.625
1996-02-01,24000,5.3125,5.625,5.625,4.84375,5.625
1996-01-31,5300,4.6875,4.84375,5.3125,4.6875,4.84375
1996-01-30,20500,5.625,4.6875,5.625,4.6875,4.6875
1996-01-29,16100,5.625,5.625,5.625,5.0,5.625
1996-01-26,37300,5.0,5.0,5.0,4.375,5.0
1996-01-25,22100,6.25,4.84375,6.5625,4.84375,4.84375
1996-01-24,7600,6.25,6.25,6.71875,6.25,6.25
1996-01-23,2000,6.25,6.25,6.5625,6.25,6.25
1996-01-22,1200,6.25,6.5625,6.5625,6.25,6.5625
1996-01-19,22400,6.875,6.5625,6.875,6.25,6.5625
1996-01-18,5600,6.875,6.5625,6.875,6.5625,6.5625
1996-01-17,18300,6.5625,6.875,6.875,6.25,6.875
1996-01-16,4600,6.25,6.25,6.25,6.25,6.25
1996-01-15,4900,6.25,6.25,6.25,6.25,6.25
1996-01-12,3800,6.5625,6.40625,6.5625,6.25,6.40625
1996-01-11,8800,6.40625,6.25,6.40625,6.25,6.25
1996-01-10,6400,6.40625,6.40625,6.40625,6.25,6.40625
1996-01-09,3700,6.40625,6.25,6.40625,6.25,6.25
1996-01-08,4300,6.40625,6.40625,6.40625,6.25,6.40625
1996-01-05,24700,6.40625,6.25,6.40625,6.25,6.25
1996-01-04,21000,6.40625,6.40625,6.40625,6.25,6.40625
1996-01-03,26900,6.25,6.25,6.40625,6.25,6.25
1996-01-02,0,6.25,6.25,6.25,6.25,6.25
1995-12-29,5700,6.25,6.25,6.40625,6.25,6.25
1995-12-28,4600,6.25,6.25,6.25,6.25,6.25
1995-12-27,4100,6.25,6.25,6.25,6.25,6.25
1995-12-26,2000,6.25,6.25,6.25,6.25,6.25
1995-12-22,10900,6.40625,6.25,6.40625,6.25,6.25
1995-12-21,8900,6.25,6.25,6.25,6.25,6.25
1995-12-20,13400,6.40625,6.40625,6.40625,6.25,6.40625
1995-12-19,10500,6.25,6.25,6.40625,6.25,6.25
1995-12-18,3800,6.25,6.25,6.40625,6.25,6.25
1995-12-15,37000,6.25,6.25,6.40625,6.25,6.25
1995-12-14,5700,6.25,6.25,6.25,6.25,6.25
1995-12-13,6700,6.25,6.25,6.40625,6.25,6.25
1995-12-12,7000,6.40625,6.25,6.40625,6.25,6.25
1995-12-11,5400,6.25,6.25,6.25,6.25,6.25
1995-12-08,500,6.25,6.25,6.25,6.25,6.25
1995-12-07,2400,6.25,6.25,6.25,6.25,6.25
1995-12-06,2000,6.25,6.25,6.25,6.25,6.25
1995-12-05,6000,6.25,6.25,6.40625,6.25,6.25
1995-12-04,400,6.25,6.25,6.25,6.25,6.25
1995-12-01,0,6.25,6.25,6.25,6.25,6.25
1995-11-30,700,6.25,6.25,6.25,6.25,6.25
1995-11-29,1300,6.25,6.25,6.25,6.25,6.25
1995-11-28,3300,6.25,6.25,6.40625,6.25,6.25
1995-11-27,9600,6.40625,6.25,6.5625,6.25,6.25
1995-11-24,1600,6.5625,6.25,6.5625,6.25,6.25
1995-11-22,600,6.25,6.25,6.25,6.25,6.25
1995-11-21,4100,6.40625,6.40625,6.5625,6.25,6.40625
1995-11-20,37900,6.5625,6.40625,6.5625,6.25,6.40625
1995-11-17,12700,6.25,6.25,6.5625,6.25,6.25
1995-11-16,13300,6.5625,6.25,6.5625,6.25,6.25
1995-11-15,1100,6.5625,6.5625,6.5625,6.25,6.5625
1995-11-14,2700,6.25,6.5625,6.5625,6.25,6.5625
1995-11-13,2000,6.5625,6.5625,6.5625,6.5625,6.5625
1995-11-10,3800,6.5625,6.25,6.5625,6.25,6.25
1995-11-09,4700,6.25,6.25,6.25,6.25,6.25
1995-11-08,2800,6.5625,6.25,6.5625,6.25,6.25
1995-11-07,8500,6.5625,6.25,6.5625,6.25,6.25
1995-11-06,8500,6.5625,6.25,6.5625,6.25,6.25
1995-11-03,800,6.25,6.25,6.25,6.25,6.25
1995-11-02,6100,6.25,6.25,6.40625,6.25,6.25
1995-11-01,57100,6.25,6.5625,6.5625,6.25,6.5625
1995-10-31,2900,6.25,6.40625,6.5625,6.25,6.40625
1995-10-30,17500,6.25,6.25,6.25,6.25,6.25
1995-10-27,5600,6.875,6.25,6.875,6.25,6.25
1995-10-26,3600,6.875,6.5625,6.875,6.5625,6.5625
1995-10-25,1200,6.5625,6.5625,6.5625,6.5625,6.5625
1995-10-24,9800,6.875,6.5625,6.875,6.5625,6.5625
1995-10-23,11700,6.5625,6.5625,6.875,6.5625,6.5625
1995-10-20,200,6.875,6.875,6.875,6.875,6.875
1995-10-19,19700,6.875,6.875,6.875,6.5625,6.875
1995-10-18,5600,6.5625,6.5625,6.5625,6.5625,6.5625
1995-10-17,7100,6.5625,6.5625,6.875,6.5625,6.5625
1995-10-16,5300,6.5625,6.5625,6.5625,6.5625,6.5625
1995-10-13,4300,6.875,6.5625,6.875,6.5625,6.5625
1995-10-12,2000,6.5625,6.5625,6.5625,6.5625,6.5625
1995-10-11,7700,6.5625,6.5625,6.875,6.5625,6.5625
1995-10-10,13900,6.875,6.875,6.875,6.5625,6.875
1995-10-09,7400,6.5625,6.5625,6.5625,6.5625,6.5625
1995-10-06,600,6.875,6.875,6.875,6.875,6.875
1995-10-05,7400,6.5625,6.5625,6.5625,6.5625,6.5625
1995-10-04,2000,6.5625,6.5625,6.5625,6.5625,6.5625
1995-10-03,100,6.5625,6.5625,6.5625,6.5625,6.5625
1995-10-02,700,6.5625,6.5625,6.5625,6.5625,6.5625
1995-09-29,400,6.5625,6.5625,6.5625,6.5625,6.5625
1995-09-28,2800,6.5625,6.5625,6.5625,6.5625,6.5625
1995-09-27,6400,7.1875,6.5625,7.1875,6.5625,6.5625
1995-09-26,10500,6.5625,6.875,7.1875,6.5625,6.875
1995-09-25,19200,6.875,6.5625,6.875,6.5625,6.5625
1995-09-22,5500,6.5625,6.5625,6.875,6.5625,6.5625
1995-09-21,10100,6.875,6.5625,6.875,6.5625,6.5625
1995-09-20,6400,6.5625,6.5625,6.5625,6.5625,6.5625
1995-09-19,400,6.5625,6.5625,6.5625,6.5625,6.5625
1995-09-18,1700,6.5625,6.5625,7.1875,6.5625,6.5625
1995-09-15,600,6.5625,6.5625,6.5625,6.5625,6.5625
1995-09-14,7800,6.5625,6.5625,7.1875,6.5625,6.5625
1995-09-13,400,7.1875,6.5625,7.1875,6.5625,6.5625
1995-09-12,400,6.5625,6.5625,6.5625,6.5625,6.5625
1995-09-11,10700,6.5625,6.875,7.1875,6.5625,6.875
1995-09-08,11400,6.25,6.25,6.71875,6.25,6.25
1995-09-07,3700,6.5625,6.5625,6.5625,6.5625,6.5625
1995-09-06,200,6.5625,6.5625,6.5625,6.5625,6.5625
1995-09-05,8500,6.5625,6.25,6.5625,6.25,6.25
1995-09-01,3500,5.9375,6.25,6.5625,5.9375,6.25
1995-08-31,200,6.40625,6.25,6.40625,5.9375,6.25
1995-08-30,8900,6.40625,6.25,6.40625,5.9375,6.25
1995-08-29,6300,5.9375,6.40625,6.40625,5.9375,6.40625
1995-08-28,300,5.9375,5.9375,5.9375,5.9375,5.9375
1995-08-25,7000,5.9375,5.9375,6.40625,5.9375,5.9375
1995-08-24,2100,5.9375,6.171879768371582,6.171879768371582,5.9375,6.171879768371582
1995-08-23,2300,6.25,6.40625,6.40625,5.9375,6.40625
1995-08-22,27800,6.171879768371582,6.09375,6.5625,5.9375,6.09375
1995-08-21,10300,5.9375,6.171879768371582,6.171879768371582,5.9375,6.171879768371582
1995-08-18,1000,6.5625,5.9375,6.5625,5.9375,5.9375
1995-08-17,600,6.5625,5.9375,6.5625,5.9375,5.9375
1995-08-16,13600,5.9375,6.5625,6.5625,5.9375,6.5625
1995-08-15,1800,5.9375,5.9375,5.9375,5.9375,5.9375
1995-08-14,5200,6.5625,5.9375,6.5625,5.9375,5.9375
1995-08-11,1800,5.9375,6.5625,6.5625,5.9375,6.5625
1995-08-10,3600,5.9375,5.9375,6.5625,5.9375,5.9375
1995-08-09,2800,6.5625,6.328120231628418,6.5625,5.9375,6.328120231628418
1995-08-08,24100,5.9375,6.5625,6.5625,5.9375,6.5625
1995-08-07,6200,5.9375,5.9375,6.40625,5.9375,5.9375
1995-08-04,1500,5.9375,6.25,6.25,5.9375,6.25
1995-08-03,3400,6.25,5.9375,6.25,5.9375,5.9375
1995-08-02,2800,5.625,5.859379768371582,5.9375,5.625,5.859379768371582
1995-08-01,0,5.625,5.625,5.625,5.625,5.625
1995-07-31,400,5.625,5.625,5.625,5.625,5.625
1995-07-28,4900,6.25,5.625,6.25,5.625,5.625
1995-07-27,800,5.9375,5.9375,5.9375,5.9375,5.9375
1995-07-26,12200,5.625,6.25,6.5625,5.625,6.25
1995-07-25,26200,5.859379768371582,5.9375,5.9375,5.625,5.9375
1995-07-24,14200,5.625,5.625,6.09375,5.3125,5.625
1995-07-21,1400,5.3125,5.3125,5.3125,5.3125,5.3125
1995-07-20,8700,5.3125,5.3125,5.3125,5.3125,5.3125
1995-07-19,9200,5.625,5.3125,5.625,5.3125,5.3125
1995-07-18,600,5.3125,5.3125,5.3125,5.3125,5.3125
1995-07-17,8700,5.0,5.3125,6.25,5.0,5.3125
1995-07-14,5000,5.625,5.625,5.625,5.3125,5.625
1995-07-13,24900,4.6875,5.3125,5.3125,3.75,5.3125
1995-07-12,500,4.6875,4.6875,4.6875,4.6875,4.6875
1995-07-11,400,4.6875,4.6875,4.6875,4.6875,4.6875
1995-07-10,1600,5.0,4.6875,5.3125,4.6875,4.6875
1995-07-07,5100,5.3125,4.6875,5.3125,4.6875,4.6875
1995-07-06,1000,5.0,5.0,5.0,5.0,5.0
1995-07-05,300,4.6875,4.6875,4.6875,4.6875,4.6875
1995-07-03,0,4.6875,4.6875,4.6875,4.6875,4.6875
1995-06-30,300,4.6875,4.6875,4.6875,4.6875,4.6875
1995-06-29,1200,4.6875,4.6875,4.6875,4.6875,4.6875
1995-06-28,2600,4.6875,4.6875,4.6875,4.6875,4.6875
1995-06-27,500,4.765620231628418,5.0,5.0,4.765620231628418,5.0
1995-06-26,500,5.3125,4.6875,5.3125,4.6875,4.6875
1995-06-23,5800,4.6875,4.6875,4.6875,3.75,4.6875
1995-06-22,1800,5.3125,4.6875,5.3125,4.6875,4.6875
1995-06-21,800,5.3125,5.0,5.3125,5.0,5.0
1995-06-20,1000,5.0,5.0,5.0,5.0,5.0
1995-06-19,2400,4.6875,5.0,5.0,4.6875,5.0
1995-06-16,6000,5.3125,5.0,5.546879768371582,5.0,5.0
1995-06-15,10100,5.3125,5.3125,5.625,5.0,5.3125
1995-06-14,4800,5.3125,5.0,5.3125,5.0,5.0
1995-06-13,1700,4.6875,5.625,5.625,4.6875,5.625
1995-06-12,2900,5.0,4.6875,5.0,4.6875,4.6875
1995-06-09,1200,5.0,5.3125,5.625,5.0,5.3125
1995-06-08,300,5.9375,5.0,5.9375,5.0,5.0
1995-06-07,8600,5.0,5.0,5.234379768371582,5.0,5.0
1995-06-06,1100,5.0,5.0,5.0,5.0,5.0
1995-06-05,1600,5.625,5.625,5.625,5.0,5.625
1995-06-02,10900,5.0,4.84375,5.3125,4.84375,4.84375
1995-06-01,4600,5.625,5.0,5.625,4.6875,5.0
1995-05-31,3400,5.625,5.625,5.625,5.3125,5.625
1995-05-30,3700,5.625,6.25,6.25,5.625,6.25
1995-05-26,0,5.625,5.625,5.625,5.625,5.625
1995-05-25,2200,5.625,5.625,5.625,5.625,5.625
1995-05-24,1700,5.9375,5.859379768371582,5.9375,5.625,5.859379768371582
1995-05-23,900,5.625,5.625,5.625,5.625,5.625
1995-05-22,200,6.25,6.25,6.25,6.25,6.25
1995-05-19,18000,5.625,6.171879768371582,6.171879768371582,5.625,6.171879768371582
1995-05-18,29600,5.0,5.234379768371582,5.3125,5.0,5.234379768371582
1995-05-17,5100,5.3125,5.0,5.3125,4.84375,5.0
1995-05-16,32500,5.9375,5.0,6.25,5.0,5.0
1995-05-15,9100,5.625,5.3125,5.625,5.3125,5.3125
1995-05-12,3000,5.0,5.625,5.625,5.0,5.625
1995-05-11,1200,5.0,5.0,5.0,5.0,5.0
1995-05-10,1900,5.0,5.0,5.15625,5.0,5.0
1995-05-09,10000,6.25,5.0,6.25,5.0,5.0
1995-05-08,48500,6.5625,5.0,6.875,5.0,5.0
1995-05-05,13300,6.5625,6.5625,6.875,6.5625,6.5625
1995-05-04,9200,6.5625,6.5625,6.875,6.5625,6.5625
1995-05-03,15600,6.5625,6.875,6.875,6.5625,6.875
1995-05-02,6000,6.5625,6.5625,6.5625,6.5625,6.5625
1995-05-01,2700,6.5625,6.5625,6.5625,6.5625,6.5625
1995-04-28,500,6.5625,6.5625,6.5625,6.5625,6.5625
1995-04-27,700,6.25,6.5625,6.5625,6.25,6.5625
1995-04-26,4000,6.25,6.875,6.875,6.25,6.875
1995-04-25,700,6.25,6.25,6.25,6.25,6.25
1995-04-24,600,6.25,6.5625,6.5625,6.25,6.5625
1995-04-21,13400,6.25,6.5625,6.5625,5.625,6.5625
1995-04-20,6500,5.3125,5.625,5.9375,5.3125,5.625
1995-04-19,4300,5.9375,5.46875,5.9375,5.3125,5.46875
1995-04-18,6600,5.3125,5.3125,6.25,5.3125,5.3125
1995-04-17,2600,6.25,6.25,6.25,6.25,6.25
1995-04-13,12000,5.3125,5.3125,5.9375,5.3125,5.3125
1995-04-12,400,5.3125,5.3125,5.3125,5.3125,5.3125
1995-04-11,400,5.3125,5.3125,5.3125,5.3125,5.3125
1995-04-10,400,5.3125,5.3125,5.3125,5.3125,5.3125
1995-04-07,0,5.3125,5.3125,5.3125,5.3125,5.3125
1995-04-06,0,5.3125,5.3125,5.3125,5.3125,5.3125
1995-04-05,4200,5.625,5.3125,5.9375,5.3125,5.3125
1995-04-04,8000,5.9375,5.625,5.9375,5.625,5.625
1995-04-03,2600,5.9375,5.9375,6.25,5.9375,5.9375
1995-03-31,800,6.5625,5.9375,6.5625,5.9375,5.9375
1995-03-30,0,5.9375,5.9375,5.9375,5.9375,5.9375
1995-03-29,4200,6.25,5.9375,6.25,5.9375,5.9375
1995-03-28,3400,6.25,6.25,6.25,6.25,6.25
1995-03-27,0,6.5625,6.5625,6.5625,6.5625,6.5625
1995-03-24,11100,6.25,6.5625,6.875,6.25,6.5625
1995-03-23,10800,6.875,6.25,6.875,6.25,6.25
1995-03-22,2200,6.25,6.25,6.25,6.25,6.25
1995-03-21,3800,6.25,6.5625,6.5625,6.25,6.5625
1995-03-20,1200,6.25,6.25,6.25,6.25,6.25
1995-03-17,1800,6.25,6.25,6.25,6.25,6.25
1995-03-16,3500,6.25,6.875,6.875,6.25,6.875
1995-03-15,2200,6.875,6.25,6.875,6.25,6.25
1995-03-14,4900,6.25,6.25,6.25,6.25,6.25
1995-03-13,0,5.625,5.625,5.625,5.625,5.625
1995-03-10,2200,6.25,5.625,6.25,5.625,5.625
1995-03-09,3000,5.625,5.625,5.625,5.625,5.625
1995-03-08,7500,5.625,5.859379768371582,5.859379768371582,5.625,5.859379768371582
1995-03-07,0,5.9375,5.9375,5.9375,5.9375,5.9375
1995-03-06,0,5.9375,5.9375,5.9375,5.9375,5.9375
1995-03-03,200,5.9375,5.9375,5.9375,5.9375,5.9375
1995-03-02,800,5.0,5.0,5.0,5.0,5.0
1995-03-01,1400,5.9375,5.625,5.9375,5.625,5.625
1995-02-28,2300,5.625,5.3125,5.625,5.3125,5.3125
1995-02-27,3100,6.25,5.625,6.25,5.625,5.625
1995-02-24,2400,6.5625,6.25,6.5625,6.25,6.25
1995-02-23,2400,6.25,6.25,6.25,6.25,6.25
1995-02-22,0,6.25,6.25,6.25,6.25,6.25
1995-02-21,2100,6.25,6.25,6.25,6.25,6.25
1995-02-17,1700,6.25,6.25,6.25,6.25,6.25
1995-02-16,7700,6.5625,6.5625,6.875,6.5625,6.5625
1995-02-15,7600,6.875,6.5625,6.875,6.5625,6.5625
1995-02-14,800,6.875,6.5625,6.875,6.5625,6.5625
1995-02-13,400,6.5625,6.5625,6.5625,6.5625,6.5625
1995-02-10,1100,5.9375,6.875,6.875,5.9375,6.875
1995-02-09,700,6.25,6.5625,6.5625,5.9375,6.5625
1995-02-08,6400,6.5625,6.5625,6.5625,6.25,6.5625
1995-02-07,1100,5.9375,6.5625,6.5625,5.9375,6.5625
1995-02-06,6200,5.625,6.25,6.25,5.625,6.25
1995-02-03,2000,5.3125,5.625,5.625,5.3125,5.625
1995-02-02,500,5.0,5.625,5.625,5.0,5.625
1995-02-01,0,5.3125,5.3125,5.3125,5.3125,5.3125
1995-01-31,0,5.3125,5.3125,5.3125,5.3125,5.3125
1995-01-30,3400,5.0,5.3125,5.3125,5.0,5.3125
1995-01-27,300,5.0,5.0,5.0,5.0,5.0
1995-01-26,0,5.0,5.0,5.0,5.0,5.0
1995-01-25,500,5.625,5.0,5.625,5.0,5.0
1995-01-24,1000,5.625,5.625,5.625,5.625,5.625
1995-01-23,700,5.625,5.625,5.625,5.625,5.625
1995-01-20,3500,5.625,5.0,5.625,5.0,5.0
1995-01-19,3200,5.625,5.9375,6.25,5.625,5.9375
1995-01-18,8700,6.25,5.625,6.25,5.625,5.625
1995-01-17,1700,6.875,6.875,6.875,6.875,6.875
1995-01-16,1700,6.25,6.5625,6.5625,6.25,6.5625
1995-01-13,200,5.625,5.625,5.625,5.625,5.625
1995-01-12,200,5.625,5.625,5.625,5.625,5.625
1995-01-11,700,5.625,5.625,5.625,5.625,5.625
1995-01-10,700,5.625,5.625,5.625,5.625,5.625
1995-01-09,4000,6.875,5.625,6.875,5.625,5.625
1995-01-06,100,5.625,5.625,5.625,5.625,5.625
1995-01-05,100,5.625,5.625,5.625,5.625,5.625
1995-01-04,300,5.625,5.625,5.625,5.625,5.625
1995-01-03,5800,5.0,6.25,6.25,5.0,6.25
1994-12-30,20200,5.0,5.3125,5.625,4.6875,5.3125
1994-12-29,10400,5.0,5.3125,5.3125,5.0,5.3125
1994-12-28,3100,5.3125,5.625,5.625,5.15625,5.625
1994-12-27,5600,5.625,5.0,5.625,5.0,5.0
1994-12-23,2600,5.3125,5.3125,5.625,5.3125,5.3125
1994-12-22,4700,5.0,5.625,5.9375,5.0,5.625
1994-12-21,5500,5.625,5.3125,5.625,5.0,5.3125
1994-12-20,700,5.625,5.0,5.625,5.0,5.0
1994-12-19,4400,5.0,5.625,5.625,5.0,5.625
1994-12-16,5000,6.25,5.9375,6.5625,5.46875,5.9375
1994-12-15,200,6.875,6.875,6.875,6.875,6.875
1994-12-14,1400,6.875,7.5,7.5,6.875,7.5
1994-12-13,2700,6.25,5.9375,6.875,5.9375,5.9375
1994-12-12,200,6.25,6.25,6.25,6.25,6.25
1994-12-09,1800,6.25,5.9375,6.25,4.6875,5.9375
1994-12-08,11300,5.625,5.0,6.25,4.375,5.0
1994-12-07,4300,6.875,6.25,6.875,5.9375,6.25
1994-12-06,1400,7.1875,7.5,7.5,7.1875,7.5
1994-12-05,1800,7.1875,7.5,8.125,7.1875,7.5
1994-12-02,0,7.5,7.5,7.5,7.5,7.5
1994-12-01,2200,7.8125,7.5,7.8125,7.5,7.5
1994-11-30,2000,7.8125,7.8125,7.8125,7.8125,7.8125
1994-11-29,200,7.96875,7.96875,7.96875,7.96875,7.96875
1994-11-28,700,8.125,8.125,8.125,8.125,8.125
1994-11-25,0,8.125,8.125,8.125,8.125,8.125
1994-11-23,400,7.8125,7.8125,7.8125,7.8125,7.8125
1994-11-22,2100,8.4375,8.4375,8.4375,7.8125,8.4375
1994-11-21,2600,8.4375,7.8125,8.4375,7.8125,7.8125
1994-11-18,16400,8.125,8.4375,8.4375,7.5,8.4375
1994-11-17,3400,7.8125,7.5,8.125,7.5,7.5
1994-11-16,12500,9.0625,8.125,9.0625,7.8125,8.125
1994-11-15,19900,8.75,8.125,9.0625,7.8125,8.125
1994-11-14,15900,7.5,7.96875,9.0625,7.5,7.96875
1994-11-11,1700,6.25,7.5,8.125,6.25,7.5
1994-11-10,13600,7.5,6.875,7.8125,6.25,6.875
1994-11-09,400,7.8125,7.8125,7.8125,7.8125,7.8125
1994-11-08,1900,7.8125,8.4375,8.4375,7.8125,8.4375
1994-11-07,300,7.8125,8.4375,8.4375,7.8125,8.4375
1994-11-04,1200,7.8125,8.75,9.0625,7.8125,8.75
1994-11-03,1200,7.65625,8.4375,8.4375,7.65625,8.4375
1994-11-02,2200,7.5,7.8125,7.8125,7.5,7.8125
1994-11-01,1300,8.125,7.8125,8.4375,7.5,7.8125
1994-10-31,700,7.5,7.5,7.5,7.5,7.5
1994-10-28,0,8.125,8.125,8.125,8.125,8.125
1994-10-27,1500,7.5,8.125,8.125,7.5,8.125
1994-10-26,2200,7.8125,8.4375,8.4375,7.8125,8.4375
1994-10-25,1100,7.5,8.75,8.75,7.5,8.75
1994-10-24,4100,7.5,8.4375,8.4375,7.5,8.4375
1994-10-21,1800,7.5,7.5,8.125,7.5,7.5
1994-10-20,2000,8.4375,7.5,8.4375,7.5,7.5
1994-10-19,3100,7.5,8.4375,8.4375,7.5,8.4375
1994-10-18,3700,7.5,8.4375,8.4375,7.5,8.4375
1994-10-17,1000,7.5,7.5,7.5,7.5,7.5
1994-10-14,1200,8.75,7.5,8.75,7.5,7.5
1994-10-13,0,8.75,8.75,8.75,8.75,8.75
1994-10-12,400,8.75,8.75,8.75,8.75,8.75
1994-10-11,600,8.75,8.75,8.75,8.75,8.75
1994-10-10,6600,9.0625,8.125,9.375,7.8125,8.125
1994-10-07,23500,9.375,9.0625,10.9375,8.125,9.0625
1994-10-06,700,8.75,7.8125,8.75,7.8125,7.8125
1994-10-05,1700,8.125,7.8125,9.375,7.8125,7.8125
1994-10-04,800,8.4375,8.125,8.4375,8.125,8.125
1994-10-03,1800,9.0625,9.6875,9.6875,8.125,9.6875
1994-09-30,1500,9.6875,9.0625,9.6875,8.125,9.0625
1994-09-29,800,8.4375,8.4375,8.4375,8.4375,8.4375
1994-09-28,2500,9.375,8.4375,9.6875,8.4375,8.4375
1994-09-27,800,9.6875,9.6875,10.0,9.6875,9.6875
1994-09-26,0,10.0,10.0,10.0,10.0,10.0
1994-09-23,800,9.375,10.0,10.0,9.375,10.0
1994-09-22,200,8.75,8.75,8.75,8.75,8.75
1994-09-21,0,10.0,10.0,10.0,10.0,10.0
1994-09-20,0,9.375,9.375,9.375,9.375,9.375
1994-09-19,2600,10.0,10.0,10.0,9.375,10.0
1994-09-16,4900,10.625,9.6875,10.625,9.6875,9.6875
1994-09-15,3400,10.0,10.625,11.25,10.0,10.625
1994-09-14,0,10.625,10.625,10.625,10.625,10.625
1994-09-13,1200,10.0,10.625,10.625,10.0,10.625
1994-09-12,0,10.0,10.0,10.0,10.0,10.0
1994-09-09,2400,10.0,10.0,10.625,10.0,10.0
1994-09-08,3600,9.6875,10.625,10.625,9.6875,10.625
1994-09-07,1600,9.6875,9.6875,9.6875,9.6875,9.6875
1994-09-06,1600,10.0,10.625,10.625,10.0,10.625
1994-09-02,1200,10.0,10.0,10.3125,10.0,10.0
1994-09-01,600,10.0,10.3125,10.3125,10.0,10.3125
1994-08-31,100,10.625,10.0,10.625,10.0,10.0
1994-08-30,1800,10.3125,10.625,10.625,10.3125,10.625
1994-08-29,200,10.0,10.0,10.0,10.0,10.0
1994-08-26,200,10.0,10.0,10.0,10.0,10.0
1994-08-25,1600,10.625,10.0,10.625,9.375,10.0
1994-08-24,400,9.375,10.0,10.0,9.375,10.0
1994-08-23,0,9.375,9.375,9.375,9.375,9.375
1994-08-22,200,10.0,10.0,10.0,10.0,10.0
1994-08-19,5500,10.0,10.625,10.625,9.375,10.625
1994-08-18,6500,10.3125,10.0,10.3125,8.75,10.0
1994-08-17,400,10.3125,11.25,11.25,10.3125,11.25
1994-08-16,2500,10.9375,10.3125,11.25,10.3125,10.3125
1994-08-15,1000,11.5625,11.40625,11.5625,11.40625,11.40625
1994-08-12,1000,10.9375,10.9375,10.9375,10.9375,10.9375
1994-08-11,100,11.5625,11.5625,11.5625,11.5625,11.5625
1994-08-10,3500,11.5625,11.25,11.875,11.25,11.25
1994-08-09,500,10.9375,10.9375,10.9375,10.9375,10.9375
1994-08-08,1800,11.875,11.25,11.875,10.9375,11.25
1994-08-05,0,11.5625,11.5625,11.5625,11.5625,11.5625
1994-08-04,1400,11.875,11.5625,11.875,11.5625,11.5625
1994-08-03,200,12.8125,11.25,12.8125,11.25,11.25
1994-08-02,4000,12.1875,11.5625,12.1875,11.5625,11.5625
1994-08-01,5700,12.1875,12.34375,12.8125,12.1875,12.34375
1994-07-29,8300,11.875,12.1875,13.125,11.875,12.1875
1994-07-28,1700,13.125,12.8125,13.125,11.875,12.8125
1994-07-27,12600,11.25,12.5,12.8125,11.25,12.5
1994-07-26,3600,10.3125,10.625,10.9375,10.0,10.625
1994-07-25,1400,10.9375,10.0,10.9375,10.0,10.0
1994-07-22,15300,10.3125,10.3125,10.625,8.75,10.3125
1994-07-21,700,10.3125,11.25,11.25,10.0,11.25
1994-07-20,800,10.0,10.3125,11.25,10.0,10.3125
1994-07-19,2700,10.9375,10.3125,10.9375,10.3125,10.3125
1994-07-18,1500,9.6875,10.625,10.625,9.6875,10.625
1994-07-15,7100,10.9375,10.9375,11.25,10.0,10.9375
1994-07-14,300,10.9375,10.9375,10.9375,10.9375,10.9375
1994-07-13,0,11.25,11.25,11.25,11.25,11.25
1994-07-12,1800,11.25,11.25,11.25,10.9375,11.25
1994-07-11,2500,11.5625,11.25,11.875,11.25,11.25
1994-07-08,0,11.25,11.25,11.25,11.25,11.25
1994-07-07,200,11.25,11.25,11.25,11.25,11.25
1994-07-06,200,11.25,11.875,11.875,11.25,11.875
1994-07-05,700,11.875,11.875,13.125,11.875,11.875
1994-07-01,400,11.875,13.125,13.125,11.875,13.125
1994-06-30,6500,11.875,12.5,13.125,11.875,12.5
1994-06-29,7600,11.09375,12.1875,12.1875,11.09375,12.1875
1994-06-28,400,10.625,11.25,11.25,10.625,11.25
1994-06-27,3400,11.25,11.25,11.25,10.625,11.25
1994-06-24,6400,10.625,11.25,11.25,10.625,11.25
1994-06-23,4000,10.625,11.25,11.25,9.6875,11.25
1994-06-22,600,10.9375,10.625,10.9375,10.0,10.625
1994-06-21,3200,10.3125,10.0,10.3125,10.0,10.0
1994-06-20,800,10.9375,10.625,10.9375,10.625,10.625
1994-06-17,2600,11.25,10.625,11.25,10.625,10.625
1994-06-16,2200,10.9375,10.3125,10.9375,10.3125,10.3125
1994-06-15,1300,11.5625,10.9375,11.5625,10.9375,10.9375
1994-06-14,2200,11.25,10.9375,11.875,10.9375,10.9375
1994-06-13,2200,12.5,11.875,12.5,10.9375,11.875
1994-06-10,900,11.25,11.25,11.5625,11.25,11.25
1994-06-09,800,11.25,12.5,12.5,11.25,12.5
1994-06-08,400,12.5,12.5,12.5,12.5,12.5
1994-06-07,600,10.9375,11.25,11.25,10.9375,11.25
1994-06-06,6500,11.25,11.25,12.5,11.25,11.25
1994-06-03,1400,11.875,11.875,12.1875,11.875,11.875
1994-06-02,900,10.9375,11.25,11.25,10.9375,11.25
1994-06-01,100,10.9375,10.9375,10.9375,10.9375,10.9375
1994-05-31,300,10.9375,10.9375,10.9375,10.9375,10.9375
1994-05-27,1000,10.9375,11.875,12.1875,10.9375,11.875
1994-05-26,1100,10.9375,12.1875,12.1875,10.9375,12.1875
1994-05-25,500,10.9375,11.5625,11.875,10.9375,11.5625
1994-05-24,100,10.9375,10.9375,10.9375,10.9375,10.9375
1994-05-23,1200,12.1875,11.25,12.1875,11.25,11.25
1994-05-20,5400,12.5,11.5625,12.5,11.25,11.5625
1994-05-19,0,12.5,12.5,12.5,12.5,12.5
1994-05-18,1000,11.875,11.875,11.875,11.875,11.875
1994-05-17,2300,12.1875,11.875,12.5,11.875,11.875
1994-05-16,5700,12.1875,12.1875,13.125,12.1875,12.1875
1994-05-13,4500,12.1875,12.1875,12.1875,11.5625,12.1875
1994-05-12,2300,11.25,12.1875,12.1875,10.625,12.1875
1994-05-11,100,10.3125,10.3125,10.3125,10.3125,10.3125
1994-05-10,300,10.3125,10.625,10.625,10.3125,10.625
1994-05-09,1200,10.625,10.625,10.625,10.625,10.625
1994-05-06,800,10.625,10.625,11.875,10.625,10.625
1994-05-05,0,12.1875,12.1875,12.1875,12.1875,12.1875
1994-05-04,1000,10.625,12.1875,12.1875,10.625,12.1875
1994-05-03,1600,11.25,12.1875,12.1875,10.625,12.1875
1994-05-02,1000,10.9375,11.25,11.875,10.9375,11.25
1994-04-29,300,11.875,11.5625,11.875,11.5625,11.5625
1994-04-28,700,11.875,11.875,11.875,11.875,11.875
1994-04-26,3100,10.625,10.9375,11.875,10.625,10.9375
1994-04-25,4800,11.5625,11.5625,11.875,10.625,11.5625
