date,volume,open,close,high,low,adjclose
2018-11-02,24400,13.4399995803833,13.119999885559082,13.5,12.770000457763672,13.119999885559082
2018-11-01,25200,13.569999694824219,13.399999618530273,13.75,13.390000343322754,13.399999618530273
2018-10-31,19900,13.569999694824219,13.5,13.569999694824219,13.34000015258789,13.5
2018-10-30,18100,13.630000114440918,13.5,14.020000457763672,13.449999809265137,13.5
2018-10-29,15400,13.920000076293945,13.600000381469727,14.15999984741211,13.539999961853027,13.600000381469727
2018-10-26,49400,14.300000190734863,13.84000015258789,14.390000343322754,13.0,13.84000015258789
2018-10-25,23000,15.220000267028809,14.510000228881836,15.220000267028809,14.510000228881836,14.510000228881836
2018-10-24,22200,15.680000305175781,15.149999618530273,15.989999771118164,15.130000114440918,15.149999618530273
2018-10-23,24800,15.880000114440918,15.550000190734863,15.880000114440918,15.329999923706055,15.550000190734863
2018-10-22,40000,16.440000534057617,15.970000267028809,16.440000534057617,15.90999984741211,15.970000267028809
2018-10-19,24800,16.510000228881836,16.6200008392334,16.8799991607666,16.459999084472656,16.6200008392334
2018-10-18,20800,16.450000762939453,16.520000457763672,16.600000381469727,16.440000534057617,16.520000457763672
2018-10-17,22300,16.329999923706055,16.56999969482422,16.709999084472656,16.209999084472656,16.56999969482422
2018-10-16,27200,16.25,16.43000030517578,16.530000686645508,16.149999618530273,16.43000030517578
2018-10-15,71400,15.670000076293945,16.270000457763672,16.530000686645508,15.670000076293945,16.270000457763672
2018-10-12,56400,15.239999771118164,15.670000076293945,15.739999771118164,15.239999771118164,15.670000076293945
2018-10-11,27000,15.25,15.029999732971191,15.380000114440918,14.930000305175781,15.029999732971191
2018-10-10,32100,15.770000457763672,15.229999542236328,15.970000267028809,15.220000267028809,15.229999542236328
2018-10-09,28000,15.569999694824219,15.949999809265137,15.949999809265137,15.5600004196167,15.949999809265137
2018-10-08,31100,16.149999618530273,15.75,16.149999618530273,15.350000381469727,15.75
2018-10-05,38200,16.579999923706055,16.15999984741211,16.93000030517578,16.149999618530273,16.15999984741211
2018-10-04,19300,16.649999618530273,16.579999923706055,16.75,16.420000076293945,16.579999923706055
2018-10-03,43700,17.139999389648438,16.610000610351562,17.309999465942383,16.43000030517578,16.610000610351562
2018-10-02,126800,17.5,16.700000762939453,17.540000915527344,16.389999389648438,16.700000762939453
2018-10-01,50800,16.950000762939453,17.5,17.739999771118164,16.850000381469727,17.5
2018-09-28,74600,16.979999542236328,16.940000534057617,17.0,16.299999237060547,16.940000534057617
2018-09-27,33800,16.75,16.56999969482422,16.959999084472656,16.56999969482422,16.56999969482422
2018-09-26,43800,16.170000076293945,16.739999771118164,16.899999618530273,16.170000076293945,16.739999771118164
2018-09-25,9600,16.299999237060547,16.229999542236328,16.299999237060547,16.110000610351562,16.229999542236328
2018-09-24,23000,16.399999618530273,16.200000762939453,16.510000228881836,16.079999923706055,16.200000762939453
2018-09-21,23100,16.489999771118164,16.290000915527344,16.549999237060547,16.25,16.290000915527344
2018-09-20,98000,15.739999771118164,16.34000015258789,16.469999313354492,15.699999809265137,16.34000015258789
2018-09-19,29600,15.649999618530273,15.5600004196167,15.899999618530273,15.510000228881836,15.5600004196167
2018-09-18,24800,15.399999618530273,15.489999771118164,15.739999771118164,15.359999656677246,15.489999771118164
2018-09-17,18900,15.319999694824219,15.5,15.5,15.09000015258789,15.5
2018-09-14,33100,14.970000267028809,15.319999694824219,15.5,14.970000267028809,15.319999694824219
2018-09-13,43400,15.1899995803833,15.100000381469727,15.1899995803833,14.899999618530273,15.100000381469727
2018-09-12,14200,15.199999809265137,15.109999656677246,15.25,15.010000228881836,15.109999656677246
2018-09-11,7000,15.140000343322754,15.100000381469727,15.25,15.010000228881836,15.100000381469727
2018-09-10,12000,15.0,15.0600004196167,15.1899995803833,15.0,15.0600004196167
2018-09-07,3900,14.710000038146973,14.979999542236328,15.0,14.670000076293945,14.979999542236328
2018-09-06,8300,14.960000038146973,14.670000076293945,15.149999618530273,14.670000076293945,14.670000076293945
2018-09-05,35600,15.229999542236328,15.130000114440918,15.25,14.59000015258789,15.130000114440918
2018-09-04,13500,15.1899995803833,15.350000381469727,15.350000381469727,15.149999618530273,15.350000381469727
2018-08-31,73900,14.350000381469727,15.270000457763672,15.380000114440918,14.260000228881836,15.270000457763672
2018-08-30,13000,14.149999618530273,14.130000114440918,14.149999618530273,13.899999618530273,14.130000114440918
2018-08-29,25000,14.079999923706055,14.079999923706055,14.119999885559082,13.979999542236328,14.079999923706055
2018-08-28,20000,13.8100004196167,13.949999809265137,13.989999771118164,13.8100004196167,13.949999809265137
2018-08-27,10400,13.699999809265137,13.729999542236328,13.829999923706055,13.579999923706055,13.729999542236328
2018-08-24,9100,13.800000190734863,13.789999961853027,13.800000190734863,13.699999809265137,13.789999961853027
2018-08-23,10800,13.970000267028809,13.729999542236328,14.0600004196167,13.699999809265137,13.729999542236328
2018-08-22,9700,14.0600004196167,14.069999694824219,14.100000381469727,13.899999618530273,14.069999694824219
2018-08-21,24000,14.109999656677246,14.140000343322754,14.25,13.9399995803833,14.140000343322754
2018-08-20,5400,14.199999809265137,14.149999618530273,14.239999771118164,14.050000190734863,14.149999618530273
2018-08-17,23700,13.989999771118164,14.1899995803833,14.199999809265137,13.880000114440918,14.1899995803833
2018-08-16,12900,13.949999809265137,13.90999984741211,13.949999809265137,13.859999656677246,13.90999984741211
2018-08-15,16300,13.9399995803833,13.84000015258789,14.0,13.670000076293945,13.84000015258789
2018-08-14,15900,13.75,14.0,14.079999923706055,13.729999542236328,14.0
2018-08-13,12800,13.289999961853027,13.720000267028809,13.760000228881836,13.289999961853027,13.720000267028809
2018-08-10,4300,13.430000305175781,13.449999809265137,13.59000015258789,13.34000015258789,13.449999809265137
2018-08-09,35500,13.260000228881836,13.579999923706055,13.59000015258789,13.130000114440918,13.579999923706055
2018-08-08,4900,13.239999771118164,13.300000190734863,13.3100004196167,13.0600004196167,13.300000190734863
2018-08-07,7800,13.149999618530273,13.119999885559082,13.390000343322754,13.119999885559082,13.119999885559082
2018-08-06,19600,12.869999885559082,13.180000305175781,13.399999618530273,12.869999885559082,13.180000305175781
2018-08-03,9800,13.470000267028809,13.369999885559082,13.479999542236328,12.699999809265137,13.369999885559082
2018-08-02,17000,13.15999984741211,13.479999542236328,13.510000228881836,13.15999984741211,13.479999542236328
2018-08-01,18100,12.960000038146973,13.3100004196167,13.329999923706055,12.869999885559082,13.3100004196167
2018-07-31,12000,12.75,12.880000114440918,12.9399995803833,12.75,12.880000114440918
2018-07-30,16000,13.029999732971191,12.75,13.140000343322754,12.75,12.75
2018-07-27,72400,13.760000228881836,13.140000343322754,13.989999771118164,12.789999961853027,13.140000343322754
2018-07-26,31100,14.289999961853027,13.800000190734863,14.300000190734863,13.729999542236328,13.800000190734863
2018-07-25,31300,14.630000114440918,14.270000457763672,14.779999732971191,14.25,14.270000457763672
2018-07-24,79200,14.779999732971191,14.5,14.789999961853027,14.5,14.5
2018-07-23,35700,14.630000114440918,14.520000457763672,14.979999542236328,14.510000228881836,14.520000457763672
2018-07-20,43400,14.479999542236328,14.510000228881836,14.729999542236328,14.40999984741211,14.510000228881836
2018-07-19,24500,14.600000381469727,14.579999923706055,14.640000343322754,14.25,14.579999923706055
2018-07-18,14200,14.630000114440918,14.529999732971191,14.680000305175781,14.529999732971191,14.529999732971191
2018-07-17,19400,14.510000228881836,14.579999923706055,14.699999809265137,14.5,14.579999923706055
2018-07-16,24200,14.680000305175781,14.699999809265137,14.789999961853027,14.649999618530273,14.699999809265137
2018-07-13,31400,14.739999771118164,14.729999542236328,14.850000381469727,14.579999923706055,14.729999542236328
2018-07-12,98400,14.770000457763672,14.569999694824219,15.0,14.5600004196167,14.569999694824219
2018-07-11,11700,14.739999771118164,14.739999771118164,14.930000305175781,14.739999771118164,14.739999771118164
2018-07-10,16800,14.84000015258789,14.739999771118164,14.850000381469727,14.569999694824219,14.739999771118164
2018-07-09,11000,14.920000076293945,14.779999732971191,15.050000190734863,14.65999984741211,14.779999732971191
2018-07-06,33300,15.069999694824219,14.90999984741211,15.210000038146973,14.859999656677246,14.90999984741211
2018-07-05,94000,15.25,15.170000076293945,15.359999656677246,15.119999885559082,15.170000076293945
2018-07-03,31500,15.180000305175781,15.15999984741211,15.399999618530273,14.970000267028809,15.15999984741211
2018-07-02,82600,14.380000114440918,15.100000381469727,15.300000190734863,14.380000114440918,15.100000381469727
2018-06-29,16100,13.770000457763672,14.170000076293945,14.199999809265137,13.619999885559082,14.170000076293945
2018-06-28,48200,13.75,13.640000343322754,13.970000267028809,13.430000305175781,13.640000343322754
2018-06-27,37600,14.350000381469727,13.859999656677246,14.350000381469727,13.75,13.859999656677246
2018-06-26,20000,14.779999732971191,14.350000381469727,14.890000343322754,14.34000015258789,14.350000381469727
2018-06-25,34500,15.1899995803833,14.800000190734863,15.229999542236328,14.420000076293945,14.800000190734863
2018-06-22,21600,15.350000381469727,15.180000305175781,15.399999618530273,14.84000015258789,15.180000305175781
2018-06-21,51300,15.100000381469727,15.359999656677246,15.59000015258789,14.90999984741211,15.359999656677246
2018-06-20,65200,14.729999542236328,15.199999809265137,15.25,14.729999542236328,15.199999809265137
2018-06-19,36300,14.449999809265137,14.649999618530273,14.680000305175781,14.210000038146973,14.649999618530273
2018-06-18,37900,14.920000076293945,14.460000038146973,14.920000076293945,14.430000305175781,14.460000038146973
2018-06-15,48100,15.109999656677246,14.949999809265137,15.220000267028809,14.699999809265137,14.949999809265137
2018-06-14,188400,14.680000305175781,15.100000381469727,15.170000076293945,14.550000190734863,15.100000381469727
2018-06-13,84000,14.550000190734863,14.670000076293945,14.670000076293945,14.470000267028809,14.670000076293945
2018-06-12,155300,14.050000190734863,14.4399995803833,14.59000015258789,13.970000267028809,14.4399995803833
2018-06-11,122600,13.800000190734863,14.010000228881836,14.050000190734863,13.75,14.010000228881836
2018-06-08,68400,13.489999771118164,13.699999809265137,13.75,13.1899995803833,13.699999809265137
2018-06-07,136500,13.130000114440918,13.479999542236328,13.649999618530273,13.130000114440918,13.479999542236328
2018-06-06,78300,12.770000457763672,13.149999618530273,13.149999618530273,12.710000038146973,13.149999618530273
2018-06-05,90000,12.460000038146973,12.760000228881836,12.789999961853027,12.449999809265137,12.760000228881836
2018-06-04,46700,12.220000267028809,12.430000305175781,12.449999809265137,12.140000343322754,12.430000305175781
2018-06-01,53300,12.050000190734863,12.199999809265137,12.210000038146973,11.989999771118164,12.199999809265137
2018-05-31,41000,11.899999618530273,12.079999923706055,12.079999923706055,11.800000190734863,12.079999923706055
2018-05-30,8700,11.819999694824219,11.890000343322754,11.899999618530273,11.800000190734863,11.890000343322754
2018-05-29,7100,11.800000190734863,11.770000457763672,11.869999885559082,11.6899995803833,11.770000457763672
2018-05-25,26200,11.699999809265137,11.779999732971191,11.890000343322754,11.600000381469727,11.779999732971191
2018-05-24,19900,11.5600004196167,11.699999809265137,11.75,11.5600004196167,11.699999809265137
2018-05-23,9800,11.630000114440918,11.550000190734863,11.630000114440918,11.5,11.550000190734863
2018-05-22,9700,11.619999885559082,11.5600004196167,11.699999809265137,11.489999771118164,11.5600004196167
2018-05-21,15600,11.600000381469727,11.670000076293945,11.710000038146973,11.569999694824219,11.670000076293945
2018-05-18,15400,11.569999694824219,11.520000457763672,11.59000015258789,11.420000076293945,11.520000457763672
2018-05-17,13300,11.529999732971191,11.569999694824219,11.569999694824219,11.369999885559082,11.569999694824219
2018-05-16,21700,11.460000038146973,11.520000457763672,11.600000381469727,11.430000305175781,11.520000457763672
2018-05-15,11900,11.449999809265137,11.529999732971191,11.529999732971191,11.300000190734863,11.529999732971191
2018-05-14,12800,11.470000267028809,11.449999809265137,11.520000457763672,11.399999618530273,11.449999809265137
2018-05-11,12600,11.300000190734863,11.359999656677246,11.539999961853027,11.300000190734863,11.359999656677246
2018-05-10,22500,11.399999618530273,11.430000305175781,11.529999732971191,11.350000381469727,11.430000305175781
2018-05-09,17600,11.399999618530273,11.390000343322754,11.520000457763672,11.380000114440918,11.390000343322754
2018-05-08,17300,11.390000343322754,11.399999618530273,11.399999618530273,11.210000038146973,11.399999618530273
2018-05-07,47100,11.149999618530273,11.380000114440918,11.380000114440918,11.109999656677246,11.380000114440918
2018-05-04,31400,11.510000228881836,11.149999618530273,11.510000228881836,10.90999984741211,11.149999618530273
2018-05-03,21100,11.109999656677246,10.760000228881836,11.149999618530273,10.670000076293945,10.760000228881836
2018-05-02,16200,11.039999961853027,11.1899995803833,11.1899995803833,11.039999961853027,11.1899995803833
2018-05-01,17900,10.960000038146973,11.100000381469727,11.25,10.960000038146973,11.100000381469727
2018-04-30,35900,10.869999885559082,10.960000038146973,10.970000267028809,10.819999694824219,10.960000038146973
2018-04-27,21800,10.65999984741211,10.850000381469727,10.899999618530273,10.65999984741211,10.850000381469727
2018-04-26,7200,10.5600004196167,10.649999618530273,10.6899995803833,10.5600004196167,10.649999618530273
2018-04-25,2600,10.600000381469727,10.619999885559082,10.619999885559082,10.479999542236328,10.619999885559082
2018-04-24,7600,10.75,10.609999656677246,10.850000381469727,10.350000381469727,10.609999656677246
2018-04-23,11100,10.779999732971191,10.710000038146973,10.779999732971191,10.59000015258789,10.710000038146973
2018-04-20,18600,10.680000305175781,10.779999732971191,10.779999732971191,10.65999984741211,10.779999732971191
2018-04-19,14800,10.880000114440918,10.649999618530273,10.880000114440918,10.569999694824219,10.649999618530273
2018-04-18,63100,10.8100004196167,10.880000114440918,10.899999618530273,10.609999656677246,10.880000114440918
2018-04-17,21000,10.760000228881836,10.84000015258789,10.869999885559082,10.75,10.84000015258789
2018-04-16,11800,10.510000228881836,10.729999542236328,10.859999656677246,10.510000228881836,10.729999542236328
2018-04-13,12400,10.729999542236328,10.460000038146973,10.729999542236328,10.369999885559082,10.460000038146973
2018-04-12,39200,10.710000038146973,10.720000267028809,10.779999732971191,10.640000343322754,10.720000267028809
2018-04-11,24100,10.779999732971191,10.829999923706055,10.970000267028809,10.630000114440918,10.829999923706055
2018-04-10,18900,10.670000076293945,10.84000015258789,11.0,10.670000076293945,10.84000015258789
2018-04-09,12100,10.8100004196167,10.600000381469727,10.8100004196167,10.550000190734863,10.600000381469727
2018-04-06,19400,10.760000228881836,10.779999732971191,10.819999694824219,10.529999732971191,10.779999732971191
2018-04-05,8700,10.779999732971191,10.819999694824219,11.0,10.779999732971191,10.819999694824219
2018-04-04,21100,10.479999542236328,10.770000457763672,10.770000457763672,10.449999809265137,10.770000457763672
2018-04-03,25700,10.699999809265137,10.59000015258789,10.9399995803833,10.59000015258789,10.59000015258789
2018-04-02,26400,11.149999618530273,10.649999618530273,11.279999732971191,10.649999618530273,10.649999618530273
2018-03-29,26400,11.079999923706055,11.289999961853027,11.4399995803833,11.079999923706055,11.289999961853027
2018-03-28,47500,11.760000228881836,11.050000190734863,11.850000381469727,11.020000457763672,11.050000190734863
2018-03-27,17300,11.869999885559082,11.770000457763672,11.979999542236328,11.699999809265137,11.770000457763672
2018-03-26,16100,11.8100004196167,11.859999656677246,11.890000343322754,11.65999984741211,11.859999656677246
2018-03-23,31100,11.84000015258789,11.600000381469727,11.960000038146973,11.460000038146973,11.600000381469727
2018-03-22,23000,12.039999961853027,11.8100004196167,12.199999809265137,11.779999732971191,11.8100004196167
2018-03-21,17900,12.149999618530273,12.100000381469727,12.180000305175781,12.09000015258789,12.100000381469727
2018-03-20,22500,12.199999809265137,12.109999656677246,12.359999656677246,12.109999656677246,12.109999656677246
2018-03-19,44400,12.5,12.229999542236328,12.529999732971191,12.149999618530273,12.229999542236328
2018-03-16,116700,12.399999618530273,12.529999732971191,12.739999771118164,12.25,12.529999732971191
2018-03-15,63700,12.399999618530273,12.34000015258789,12.640000343322754,12.15999984741211,12.34000015258789
2018-03-14,117300,11.819999694824219,12.34000015258789,12.5600004196167,11.609999656677246,12.34000015258789
2018-03-13,85700,11.420000076293945,11.729999542236328,12.430000305175781,11.420000076293945,11.729999542236328
2018-03-12,103800,11.420000076293945,12.229999542236328,12.430000305175781,11.329999923706055,12.229999542236328
2018-03-09,39400,11.510000228881836,11.489999771118164,11.520000457763672,11.100000381469727,11.489999771118164
2018-03-08,63000,10.949999809265137,11.460000038146973,11.550000190734863,10.949999809265137,11.460000038146973
2018-03-07,21400,10.619999885559082,10.84000015258789,11.0,10.619999885559082,10.84000015258789
2018-03-06,16300,10.979999542236328,10.720000267028809,10.979999542236328,10.680000305175781,10.720000267028809
2018-03-05,61200,10.890000343322754,10.979999542236328,11.0,10.800000190734863,10.979999542236328
2018-03-02,73100,9.920000076293945,10.869999885559082,10.9399995803833,9.920000076293945,10.869999885559082
2018-03-01,36000,9.699999809265137,10.0600004196167,10.079999923706055,9.699999809265137,10.0600004196167
2018-02-28,24000,9.640000343322754,9.729999542236328,9.869999885559082,9.640000343322754,9.729999542236328
2018-02-27,19200,9.739999771118164,9.760000228881836,9.930000305175781,9.739999771118164,9.760000228881836
2018-02-26,26900,9.5600004196167,9.880000114440918,9.9399995803833,9.5600004196167,9.880000114440918
2018-02-23,14800,9.890000343322754,9.970000267028809,10.0,9.739999771118164,9.970000267028809
2018-02-22,8200,9.970000267028809,9.859999656677246,9.970000267028809,9.779999732971191,9.859999656677246
2018-02-21,40800,9.720000267028809,9.899999618530273,10.109999656677246,9.630000114440918,9.899999618530273
2018-02-20,25100,9.65999984741211,9.699999809265137,9.75,9.609999656677246,9.699999809265137
2018-02-16,8300,9.539999961853027,9.720000267028809,9.720000267028809,9.449999809265137,9.720000267028809
2018-02-15,9200,9.6899995803833,9.640000343322754,9.6899995803833,9.350000381469727,9.640000343322754
2018-02-14,39900,9.300000190734863,9.65999984741211,9.65999984741211,9.300000190734863,9.65999984741211
2018-02-13,20000,9.130000114440918,9.380000114440918,9.380000114440918,9.100000381469727,9.380000114440918
2018-02-12,36400,9.319999694824219,9.25,9.34000015258789,9.069999694824219,9.25
2018-02-09,19800,9.1899995803833,9.329999923706055,9.34000015258789,8.970000267028809,9.329999923706055
2018-02-08,67600,9.630000114440918,9.119999885559082,9.75,8.859999656677246,9.119999885559082
2018-02-07,21100,9.489999771118164,9.569999694824219,9.600000381469727,9.260000228881836,9.569999694824219
2018-02-06,40600,9.220000267028809,9.470000267028809,9.59000015258789,9.050000190734863,9.470000267028809
2018-02-05,52500,9.739999771118164,9.350000381469727,9.899999618530273,9.350000381469727,9.350000381469727
2018-02-02,52000,10.170000076293945,9.800000190734863,10.220000267028809,9.75,9.800000190734863
2018-02-01,42400,10.050000190734863,10.239999771118164,10.279999732971191,10.050000190734863,10.239999771118164
2018-01-31,25300,10.1899995803833,10.109999656677246,10.279999732971191,10.069999694824219,10.109999656677246
2018-01-30,26700,10.09000015258789,10.170000076293945,10.1899995803833,10.0,10.170000076293945
2018-01-29,23300,10.470000267028809,10.119999885559082,10.470000267028809,10.050000190734863,10.119999885559082
2018-01-26,55500,10.550000190734863,10.380000114440918,10.569999694824219,10.300000190734863,10.380000114440918
2018-01-25,48900,10.399999618530273,10.550000190734863,10.770000457763672,10.390000343322754,10.550000190734863
2018-01-24,64600,10.829999923706055,10.390000343322754,11.079999923706055,10.390000343322754,10.390000343322754
2018-01-23,166900,9.989999771118164,10.75,10.75,9.989999771118164,10.75
2018-01-22,29600,9.8100004196167,10.079999923706055,10.170000076293945,9.8100004196167,10.079999923706055
2018-01-19,63200,10.079999923706055,9.890000343322754,10.359999656677246,9.539999961853027,9.890000343322754
2018-01-18,157900,10.270000457763672,10.09000015258789,11.15999984741211,10.0600004196167,10.09000015258789
2018-01-17,44000,10.069999694824219,10.270000457763672,10.289999961853027,9.979999542236328,10.270000457763672
2018-01-16,75600,10.15999984741211,10.050000190734863,10.399999618530273,10.020000457763672,10.050000190734863
2018-01-12,66200,9.920000076293945,10.09000015258789,10.140000343322754,9.729999542236328,10.09000015258789
2018-01-11,121700,9.4399995803833,9.829999923706055,10.069999694824219,9.199999809265137,9.829999923706055
2018-01-10,32800,9.229999542236328,9.399999618530273,9.449999809265137,9.229999542236328,9.399999618530273
2018-01-09,17600,9.350000381469727,9.329999923706055,9.369999885559082,9.199999809265137,9.329999923706055
2018-01-08,20000,9.34000015258789,9.380000114440918,9.399999618530273,9.199999809265137,9.380000114440918
2018-01-05,21600,9.25,9.34000015258789,9.34000015258789,9.020000457763672,9.34000015258789
2018-01-04,37400,9.130000114440918,9.390000343322754,9.4399995803833,9.130000114440918,9.390000343322754
2018-01-03,50500,9.0600004196167,9.239999771118164,9.300000190734863,8.960000038146973,9.239999771118164
2018-01-02,60100,8.979999542236328,9.09000015258789,9.15999984741211,8.930000305175781,9.09000015258789
2017-12-29,22200,8.970000267028809,8.960000038146973,8.979999542236328,8.880000114440918,8.960000038146973
2017-12-28,37800,8.789999961853027,8.930000305175781,8.970000267028809,8.789999961853027,8.930000305175781
2017-12-27,42800,8.949999809265137,8.829999923706055,8.949999809265137,8.75,8.829999923706055
2017-12-26,18800,8.930000305175781,8.899999618530273,9.0,8.890000343322754,8.899999618530273
2017-12-22,14800,8.880000114440918,8.960000038146973,8.960000038146973,8.880000114440918,8.960000038146973
2017-12-21,35400,8.899999618530273,8.920000076293945,8.949999809265137,8.899999618530273,8.920000076293945
2017-12-20,13500,8.880000114440918,8.949999809265137,9.0,8.850000381469727,8.949999809265137
2017-12-19,12400,8.979999542236328,8.90999984741211,8.979999542236328,8.90999984741211,8.90999984741211
2017-12-18,49500,8.989999771118164,8.9399995803833,9.0,8.90999984741211,8.9399995803833
2017-12-15,179800,8.600000381469727,8.899999618530273,9.0,8.59000015258789,8.899999618530273
2017-12-14,59000,8.529999732971191,8.600000381469727,8.609999656677246,8.5,8.600000381469727
2017-12-13,27800,8.510000228881836,8.529999732971191,8.569999694824219,8.510000228881836,8.529999732971191
2017-12-12,25000,8.510000228881836,8.569999694824219,8.579999923706055,8.5,8.569999694824219
2017-12-11,37500,8.520000457763672,8.539999961853027,8.600000381469727,8.470000267028809,8.539999961853027
2017-12-08,47300,8.399999618530273,8.569999694824219,8.600000381469727,8.399999618530273,8.569999694824219
2017-12-07,22900,8.430000305175781,8.4399995803833,8.449999809265137,8.40999984741211,8.4399995803833
2017-12-06,39300,8.380000114440918,8.4399995803833,8.5,8.369999885559082,8.4399995803833
2017-12-05,17300,8.5,8.390000343322754,8.529999732971191,8.390000343322754,8.390000343322754
2017-12-04,24600,8.539999961853027,8.489999771118164,8.579999923706055,8.449999809265137,8.489999771118164
2017-12-01,32400,8.479999542236328,8.5,8.59000015258789,8.449999809265137,8.5
2017-11-30,18300,8.470000267028809,8.470000267028809,8.569999694824219,8.430000305175781,8.470000267028809
2017-11-29,24000,8.529999732971191,8.479999542236328,8.59000015258789,8.4399995803833,8.479999542236328
2017-11-28,86800,8.399999618530273,8.550000190734863,8.600000381469727,8.399999618530273,8.550000190734863
2017-11-27,29300,8.460000038146973,8.40999984741211,8.5,8.380000114440918,8.40999984741211
2017-11-24,17500,8.420000076293945,8.460000038146973,8.489999771118164,8.380000114440918,8.460000038146973
2017-11-22,35400,8.300000190734863,8.40999984741211,8.479999542236328,8.300000190734863,8.40999984741211
2017-11-21,15700,8.220000267028809,8.300000190734863,8.300000190734863,8.220000267028809,8.300000190734863
2017-11-20,11600,8.15999984741211,8.239999771118164,8.300000190734863,8.15999984741211,8.239999771118164
2017-11-17,20900,8.350000381469727,8.180000305175781,8.350000381469727,8.119999885559082,8.180000305175781
2017-11-16,17300,8.399999618530273,8.399999618530273,8.399999618530273,8.300000190734863,8.399999618530273
2017-11-15,15300,8.25,8.329999923706055,8.350000381469727,8.229999542236328,8.329999923706055
2017-11-14,47600,8.350000381469727,8.300000190734863,8.420000076293945,8.220000267028809,8.300000190734863
2017-11-13,125400,8.140000343322754,8.319999694824219,8.420000076293945,8.119999885559082,8.319999694824219
2017-11-10,21300,8.069999694824219,8.050000190734863,8.109999656677246,8.039999961853027,8.050000190734863
2017-11-09,27100,7.900000095367432,8.069999694824219,8.130000114440918,7.900000095367432,8.069999694824219
2017-11-08,11700,7.869999885559082,7.940000057220459,7.960000038146973,7.869999885559082,7.940000057220459
2017-11-07,17500,7.909999847412109,7.889999866485596,7.989999771118164,7.869999885559082,7.889999866485596
2017-11-06,18400,7.880000114440918,7.960000038146973,7.96999979019165,7.880000114440918,7.960000038146973
2017-11-03,17600,7.900000095367432,7.900000095367432,7.949999809265137,7.880000114440918,7.900000095367432
2017-11-02,11200,7.820000171661377,7.900000095367432,7.940000057220459,7.820000171661377,7.900000095367432
2017-11-01,10900,7.900000095367432,7.889999866485596,7.900000095367432,7.860000133514404,7.889999866485596
2017-10-31,9200,7.860000133514404,7.889999866485596,7.949999809265137,7.860000133514404,7.889999866485596
2017-10-30,17300,7.960000038146973,7.940000057220459,7.960000038146973,7.900000095367432,7.940000057220459
2017-10-27,7200,7.940000057220459,7.949999809265137,7.960000038146973,7.929999828338623,7.949999809265137
2017-10-26,10200,7.929999828338623,7.900000095367432,7.929999828338623,7.880000114440918,7.900000095367432
2017-10-25,18100,7.989999771118164,7.909999847412109,8.029999732971191,7.869999885559082,7.909999847412109
2017-10-24,7100,7.989999771118164,7.989999771118164,8.010000228881836,7.960000038146973,7.989999771118164
2017-10-23,19700,7.96999979019165,8.0,8.039999961853027,7.920000076293945,8.0
2017-10-20,11500,8.0,7.980000019073486,8.020000457763672,7.96999979019165,7.980000019073486
2017-10-19,16900,7.989999771118164,8.010000228881836,8.039999961853027,7.900000095367432,8.010000228881836
2017-10-18,11900,8.039999961853027,8.029999732971191,8.050000190734863,8.010000228881836,8.029999732971191
2017-10-17,17100,8.029999732971191,8.039999961853027,8.100000381469727,8.029999732971191,8.039999961853027
2017-10-16,40400,8.100000381469727,8.029999732971191,8.100000381469727,7.96999979019165,8.029999732971191
2017-10-13,16900,8.15999984741211,8.140000343322754,8.1899995803833,8.079999923706055,8.140000343322754
2017-10-12,9500,8.050000190734863,8.109999656677246,8.149999618530273,8.050000190734863,8.109999656677246
2017-10-11,13500,8.050000190734863,8.09000015258789,8.149999618530273,8.050000190734863,8.09000015258789
2017-10-10,44200,8.079999923706055,8.050000190734863,8.130000114440918,8.039999961853027,8.050000190734863
2017-10-09,11300,8.039999961853027,8.039999961853027,8.069999694824219,8.0,8.039999961853027
2017-10-06,8500,8.079999923706055,8.020000457763672,8.09000015258789,8.020000457763672,8.020000457763672
2017-10-05,15500,8.020000457763672,8.039999961853027,8.050000190734863,8.010000228881836,8.039999961853027
2017-10-04,7000,7.96999979019165,7.989999771118164,8.020000457763672,7.96999979019165,7.989999771118164
2017-10-03,5500,7.980000019073486,7.980000019073486,8.029999732971191,7.940000057220459,7.980000019073486
2017-10-02,19500,8.069999694824219,7.96999979019165,8.069999694824219,7.949999809265137,7.96999979019165
2017-09-29,114900,8.1899995803833,8.0,8.1899995803833,7.949999809265137,8.0
2017-09-28,133400,7.960000038146973,8.130000114440918,8.180000305175781,7.829999923706055,8.130000114440918
2017-09-27,13500,8.0600004196167,7.820000171661377,8.100000381469727,7.800000190734863,7.820000171661377
2017-09-26,45300,7.75,7.900000095367432,8.149999618530273,7.579999923706055,7.900000095367432
2017-09-25,19300,7.869999885559082,7.880000114440918,7.909999847412109,7.800000190734863,7.880000114440918
2017-09-22,14400,8.0,7.929999828338623,8.020000457763672,7.800000190734863,7.929999828338623
2017-09-21,58600,7.760000228881836,8.0,8.25,7.760000228881836,8.0
2017-09-20,17600,7.650000095367432,7.739999771118164,7.739999771118164,7.630000114440918,7.739999771118164
2017-09-19,26200,7.710000038146973,7.639999866485596,7.789999961853027,7.570000171661377,7.639999866485596
2017-09-18,3900,7.78000020980835,7.760000228881836,7.800000190734863,7.75,7.760000228881836
2017-09-15,37100,7.739999771118164,7.829999923706055,7.840000152587891,7.739999771118164,7.829999923706055
2017-09-14,21400,7.679999828338623,7.699999809265137,7.75,7.679999828338623,7.699999809265137
2017-09-13,18300,7.71999979019165,7.679999828338623,7.730000019073486,7.679999828338623,7.679999828338623
2017-09-12,29700,7.380000114440918,7.659999847412109,7.800000190734863,7.380000114440918,7.659999847412109
2017-09-11,11800,7.289999961853027,7.449999809265137,7.449999809265137,7.289999961853027,7.449999809265137
2017-09-08,7700,7.369999885559082,7.329999923706055,7.420000076293945,7.329999923706055,7.329999923706055
2017-09-07,5200,7.349999904632568,7.420000076293945,7.429999828338623,7.349999904632568,7.420000076293945
2017-09-06,14600,7.489999771118164,7.340000152587891,7.550000190734863,7.309999942779541,7.340000152587891
2017-09-05,1700,7.519999980926514,7.420000076293945,7.519999980926514,7.420000076293945,7.420000076293945
2017-09-01,7800,7.46999979019165,7.5,7.550000190734863,7.46999979019165,7.5
2017-08-31,22100,7.460000038146973,7.519999980926514,7.590000152587891,7.449999809265137,7.519999980926514
2017-08-30,17200,7.570000171661377,7.5,7.630000114440918,7.449999809265137,7.5
2017-08-29,17100,7.349999904632568,7.449999809265137,7.539999961853027,7.349999904632568,7.449999809265137
2017-08-28,13300,7.440000057220459,7.400000095367432,7.53000020980835,7.400000095367432,7.400000095367432
2017-08-25,8400,7.460000038146973,7.449999809265137,7.480000019073486,7.449999809265137,7.449999809265137
2017-08-24,10600,7.409999847412109,7.46999979019165,7.46999979019165,7.380000114440918,7.46999979019165
2017-08-23,6800,7.340000152587891,7.349999904632568,7.489999771118164,7.340000152587891,7.349999904632568
2017-08-22,6700,7.340000152587891,7.389999866485596,7.449999809265137,7.340000152587891,7.389999866485596
2017-08-21,2300,7.320000171661377,7.329999923706055,7.369999885559082,7.320000171661377,7.329999923706055
2017-08-18,4700,7.389999866485596,7.349999904632568,7.550000190734863,7.320000171661377,7.349999904632568
2017-08-17,21500,7.889999866485596,7.360000133514404,7.889999866485596,7.329999923706055,7.360000133514404
2017-08-16,19300,7.710000038146973,7.53000020980835,7.710000038146973,7.510000228881836,7.53000020980835
2017-08-15,4800,7.550000190734863,7.829999923706055,7.869999885559082,7.550000190734863,7.829999923706055
2017-08-14,10100,7.53000020980835,7.599999904632568,7.889999866485596,7.53000020980835,7.599999904632568
2017-08-11,32900,7.690000057220459,7.570000171661377,7.690000057220459,7.360000133514404,7.570000171661377
2017-08-10,21000,7.860000133514404,7.739999771118164,7.860000133514404,7.71999979019165,7.739999771118164
2017-08-09,31800,7.789999961853027,7.869999885559082,7.880000114440918,7.789999961853027,7.869999885559082
2017-08-08,17600,7.710000038146973,7.809999942779541,7.840000152587891,7.710000038146973,7.809999942779541
2017-08-07,18200,7.769999980926514,7.769999980926514,7.809999942779541,7.730000019073486,7.769999980926514
2017-08-04,25000,7.840000152587891,7.820000171661377,7.960000038146973,7.730000019073486,7.820000171661377
2017-08-03,16700,7.96999979019165,7.900000095367432,8.079999923706055,7.900000095367432,7.900000095367432
2017-08-02,2400,8.010000228881836,8.0,8.039999961853027,8.0,8.0
2017-08-01,4700,8.020000457763672,8.0,8.079999923706055,7.989999771118164,8.0
2017-07-31,1900,8.029999732971191,8.029999732971191,8.0600004196167,8.029999732971191,8.029999732971191
2017-07-28,2500,8.029999732971191,8.0600004196167,8.1899995803833,8.029999732971191,8.0600004196167
2017-07-27,4000,8.180000305175781,8.050000190734863,8.180000305175781,8.050000190734863,8.050000190734863
2017-07-26,6700,8.010000228881836,8.199999809265137,8.25,8.0,8.199999809265137
2017-07-25,26400,8.09000015258789,8.020000457763672,8.149999618530273,8.010000228881836,8.020000457763672
2017-07-24,10700,8.149999618530273,8.109999656677246,8.210000038146973,8.079999923706055,8.109999656677246
2017-07-21,19900,8.210000038146973,8.229999542236328,8.239999771118164,8.0600004196167,8.229999542236328
2017-07-20,29300,8.1899995803833,8.170000076293945,8.25,8.15999984741211,8.170000076293945
2017-07-19,15000,8.229999542236328,8.25,8.25,8.199999809265137,8.25
2017-07-18,6600,8.300000190734863,8.289999961853027,8.300000190734863,8.1899995803833,8.289999961853027
2017-07-17,5800,8.270000457763672,8.279999732971191,8.289999961853027,8.220000267028809,8.279999732971191
2017-07-14,12100,8.1899995803833,8.1899995803833,8.239999771118164,8.1899995803833,8.1899995803833
2017-07-13,7700,8.149999618530273,8.170000076293945,8.220000267028809,8.149999618530273,8.170000076293945
2017-07-12,2600,8.279999732971191,8.220000267028809,8.289999961853027,8.220000267028809,8.220000267028809
2017-07-11,7100,8.239999771118164,8.25,8.289999961853027,8.199999809265137,8.25
2017-07-10,24600,8.319999694824219,8.25,8.319999694824219,8.1899995803833,8.25
2017-07-07,5600,8.279999732971191,8.279999732971191,8.300000190734863,8.25,8.279999732971191
2017-07-06,10700,8.300000190734863,8.350000381469727,8.460000038146973,8.300000190734863,8.350000381469727
2017-07-05,3100,8.350000381469727,8.319999694824219,8.350000381469727,8.289999961853027,8.319999694824219
2017-07-03,8500,8.350000381469727,8.369999885559082,8.399999618530273,8.319999694824219,8.369999885559082
2017-06-30,5200,8.319999694824219,8.390000343322754,8.4399995803833,8.319999694824219,8.390000343322754
2017-06-29,5400,8.3100004196167,8.369999885559082,8.5,8.300000190734863,8.369999885559082
2017-06-28,35500,8.359999656677246,8.380000114440918,8.390000343322754,8.239999771118164,8.380000114440918
2017-06-27,12000,8.350000381469727,8.399999618530273,8.449999809265137,8.350000381469727,8.399999618530273
2017-06-26,5800,8.359999656677246,8.390000343322754,8.449999809265137,8.359999656677246,8.390000343322754
2017-06-23,18100,8.399999618530273,8.40999984741211,8.510000228881836,8.359999656677246,8.40999984741211
2017-06-22,11400,8.479999542236328,8.420000076293945,8.479999542236328,8.369999885559082,8.420000076293945
2017-06-21,1100,8.449999809265137,8.479999542236328,8.479999542236328,8.40999984741211,8.479999542236328
2017-06-20,5400,8.539999961853027,8.479999542236328,8.539999961853027,8.350000381469727,8.479999542236328
2017-06-19,21900,8.5,8.380000114440918,8.5600004196167,8.359999656677246,8.380000114440918
2017-06-16,3600,8.399999618530273,8.539999961853027,8.539999961853027,8.399999618530273,8.539999961853027
2017-06-15,3800,8.449999809265137,8.449999809265137,8.449999809265137,8.449999809265137,8.449999809265137
2017-06-14,5800,8.369999885559082,8.470000267028809,8.5,8.359999656677246,8.470000267028809
2017-06-13,23400,8.550000190734863,8.430000305175781,8.550000190734863,8.399999618530273,8.430000305175781
2017-06-12,50100,8.350000381469727,8.489999771118164,8.550000190734863,8.350000381469727,8.489999771118164
2017-06-09,16200,8.350000381469727,8.380000114440918,8.479999542236328,8.350000381469727,8.380000114440918
2017-06-08,12600,8.369999885559082,8.390000343322754,8.4399995803833,8.369999885559082,8.390000343322754
2017-06-07,9600,8.4399995803833,8.390000343322754,8.539999961853027,8.390000343322754,8.390000343322754
2017-06-06,5000,8.470000267028809,8.470000267028809,8.479999542236328,8.460000038146973,8.470000267028809
2017-06-05,5200,8.479999542236328,8.489999771118164,8.5,8.479999542236328,8.489999771118164
2017-06-02,9200,8.510000228881836,8.5,8.510000228881836,8.470000267028809,8.5
2017-06-01,5500,8.479999542236328,8.510000228881836,8.550000190734863,8.430000305175781,8.510000228881836
2017-05-31,25700,8.510000228881836,8.5600004196167,8.5600004196167,8.420000076293945,8.5600004196167
2017-05-30,15900,8.420000076293945,8.510000228881836,8.579999923706055,8.420000076293945,8.510000228881836
2017-05-26,11900,8.5,8.5,8.5,8.4399995803833,8.5
2017-05-25,10500,8.5,8.5,8.520000457763672,8.430000305175781,8.5
2017-05-24,12800,8.539999961853027,8.550000190734863,8.579999923706055,8.5,8.550000190734863
2017-05-23,42500,8.380000114440918,8.539999961853027,8.539999961853027,8.279999732971191,8.539999961853027
2017-05-22,13200,8.279999732971191,8.390000343322754,8.4399995803833,8.25,8.390000343322754
2017-05-19,17100,8.270000457763672,8.3100004196167,8.350000381469727,8.270000457763672,8.3100004196167
2017-05-18,5200,8.3100004196167,8.270000457763672,8.3100004196167,8.270000457763672,8.270000457763672
2017-05-17,10500,8.300000190734863,8.3100004196167,8.329999923706055,8.279999732971191,8.3100004196167
2017-05-16,4900,8.3100004196167,8.3100004196167,8.470000267028809,8.3100004196167,8.3100004196167
2017-05-15,7100,8.369999885559082,8.319999694824219,8.390000343322754,8.300000190734863,8.319999694824219
2017-05-12,31400,8.399999618530273,8.399999618530273,8.420000076293945,8.350000381469727,8.399999618530273
2017-05-11,31100,8.300000190734863,8.4399995803833,8.449999809265137,8.300000190734863,8.4399995803833
2017-05-10,15000,8.260000228881836,8.350000381469727,8.359999656677246,8.260000228881836,8.350000381469727
2017-05-09,4200,8.359999656677246,8.350000381469727,8.380000114440918,8.350000381469727,8.350000381469727
2017-05-08,36700,8.3100004196167,8.369999885559082,8.489999771118164,8.3100004196167,8.369999885559082
2017-05-05,10000,8.319999694824219,8.319999694824219,8.5,8.220000267028809,8.319999694824219
2017-05-04,15500,8.359999656677246,8.300000190734863,8.390000343322754,8.300000190734863,8.300000190734863
2017-05-03,15900,8.399999618530273,8.329999923706055,8.399999618530273,8.329999923706055,8.329999923706055
2017-05-02,11500,8.449999809265137,8.40999984741211,8.529999732971191,8.40999984741211,8.40999984741211
2017-05-01,24600,8.470000267028809,8.489999771118164,8.550000190734863,8.40999984741211,8.489999771118164
2017-04-28,20800,8.470000267028809,8.430000305175781,8.470000267028809,8.40999984741211,8.430000305175781
2017-04-27,44100,8.279999732971191,8.529999732971191,8.529999732971191,8.279999732971191,8.529999732971191
2017-04-26,17600,8.199999809265137,8.300000190734863,8.300000190734863,8.180000305175781,8.300000190734863
2017-04-25,20400,8.119999885559082,8.25,8.380000114440918,8.119999885559082,8.25
2017-04-24,28800,8.239999771118164,8.130000114440918,8.319999694824219,8.109999656677246,8.130000114440918
2017-04-21,15400,8.220000267028809,8.239999771118164,8.300000190734863,8.220000267028809,8.239999771118164
2017-04-20,7800,8.109999656677246,8.289999961853027,8.289999961853027,8.109999656677246,8.289999961853027
2017-04-19,11900,8.180000305175781,8.170000076293945,8.239999771118164,8.140000343322754,8.170000076293945
2017-04-18,11700,8.109999656677246,8.149999618530273,8.149999618530273,8.109999656677246,8.149999618530273
2017-04-17,22900,8.0600004196167,8.140000343322754,8.1899995803833,8.0600004196167,8.140000343322754
2017-04-13,17300,8.069999694824219,8.100000381469727,8.15999984741211,8.069999694824219,8.100000381469727
2017-04-12,25700,8.109999656677246,8.170000076293945,8.229999542236328,8.09000015258789,8.170000076293945
2017-04-11,15900,8.0,8.020000457763672,8.079999923706055,7.96999979019165,8.020000457763672
2017-04-10,33900,8.020000457763672,8.069999694824219,8.149999618530273,7.980000019073486,8.069999694824219
2017-04-07,10000,8.029999732971191,8.09000015258789,8.100000381469727,7.989999771118164,8.09000015258789
2017-04-06,16100,8.140000343322754,8.079999923706055,8.140000343322754,8.010000228881836,8.079999923706055
2017-04-05,19800,8.029999732971191,7.989999771118164,8.300000190734863,7.96999979019165,7.989999771118164
2017-04-04,22300,7.980000019073486,8.069999694824219,8.130000114440918,7.960000038146973,8.069999694824219
2017-04-03,2200,7.980000019073486,7.989999771118164,7.989999771118164,7.980000019073486,7.989999771118164
2017-03-31,8000,7.949999809265137,7.960000038146973,8.0,7.949999809265137,7.960000038146973
2017-03-30,8800,7.96999979019165,8.0,8.039999961853027,7.96999979019165,8.0
2017-03-29,7800,8.039999961853027,8.039999961853027,8.050000190734863,7.989999771118164,8.039999961853027
2017-03-28,21600,8.0,8.0,8.09000015258789,7.949999809265137,8.0
2017-03-27,11400,8.0,8.020000457763672,8.050000190734863,8.0,8.020000457763672
2017-03-24,8000,8.109999656677246,8.050000190734863,8.109999656677246,8.010000228881836,8.050000190734863
2017-03-23,14300,8.020000457763672,8.0,8.0600004196167,8.0,8.0
2017-03-22,27500,8.1899995803833,8.050000190734863,8.1899995803833,8.010000228881836,8.050000190734863
2017-03-21,7400,8.220000267028809,8.15999984741211,8.350000381469727,8.079999923706055,8.15999984741211
2017-03-20,5600,8.199999809265137,8.270000457763672,8.289999961853027,8.199999809265137,8.270000457763672
2017-03-17,5200,8.199999809265137,8.210000038146973,8.350000381469727,8.199999809265137,8.210000038146973
2017-03-16,15400,8.109999656677246,8.229999542236328,8.229999542236328,8.09000015258789,8.229999542236328
2017-03-15,16100,8.079999923706055,8.109999656677246,8.3100004196167,8.079999923706055,8.109999656677246
2017-03-14,5300,8.130000114440918,8.109999656677246,8.270000457763672,8.039999961853027,8.109999656677246
2017-03-13,2000,8.15999984741211,8.149999618530273,8.170000076293945,8.149999618530273,8.149999618530273
2017-03-10,8700,8.140000343322754,8.140000343322754,8.199999809265137,8.079999923706055,8.140000343322754
2017-03-09,22100,8.229999542236328,8.15999984741211,8.279999732971191,8.100000381469727,8.15999984741211
2017-03-08,8100,8.220000267028809,8.270000457763672,8.270000457763672,8.119999885559082,8.270000457763672
2017-03-07,9600,8.130000114440918,8.220000267028809,8.3100004196167,8.130000114440918,8.220000267028809
2017-03-06,25000,8.380000114440918,8.1899995803833,8.380000114440918,8.100000381469727,8.1899995803833
2017-03-03,30900,8.40999984741211,8.4399995803833,8.470000267028809,8.300000190734863,8.4399995803833
2017-03-02,9100,8.529999732971191,8.520000457763672,8.550000190734863,8.270000457763672,8.520000457763672
2017-03-01,49000,8.470000267028809,8.5,8.600000381469727,8.260000228881836,8.5
2017-02-28,18700,8.510000228881836,8.390000343322754,8.520000457763672,8.390000343322754,8.390000343322754
2017-02-27,36100,8.260000228881836,8.520000457763672,8.520000457763672,8.260000228881836,8.520000457763672
2017-02-24,74700,8.229999542236328,8.300000190734863,8.4399995803833,8.119999885559082,8.300000190734863
2017-02-23,84600,8.15999984741211,8.300000190734863,8.5,8.069999694824219,8.300000190734863
2017-02-22,9800,8.0600004196167,8.149999618530273,8.239999771118164,8.0600004196167,8.149999618530273
2017-02-21,48500,8.09000015258789,8.100000381469727,8.199999809265137,8.069999694824219,8.100000381469727
2017-02-17,33200,8.199999809265137,8.140000343322754,8.270000457763672,8.0600004196167,8.140000343322754
2017-02-16,16700,8.329999923706055,8.1899995803833,8.34000015258789,8.1899995803833,8.1899995803833
2017-02-15,25100,8.350000381469727,8.279999732971191,8.399999618530273,8.25,8.279999732971191
2017-02-14,5700,8.260000228881836,8.279999732971191,8.350000381469727,8.260000228881836,8.279999732971191
2017-02-13,22300,8.229999542236328,8.300000190734863,8.300000190734863,8.15999984741211,8.300000190734863
2017-02-10,34500,8.390000343322754,8.25,8.399999618530273,8.220000267028809,8.25
2017-02-09,46100,8.279999732971191,8.380000114440918,8.399999618530273,8.220000267028809,8.380000114440918
2017-02-08,92300,8.199999809265137,8.1899995803833,8.539999961853027,8.15999984741211,8.1899995803833
2017-02-07,42000,8.100000381469727,8.15999984741211,8.199999809265137,8.100000381469727,8.15999984741211
2017-02-06,7500,8.180000305175781,8.0600004196167,8.1899995803833,8.0600004196167,8.0600004196167
2017-02-03,28200,8.050000190734863,8.130000114440918,8.15999984741211,8.0,8.130000114440918
2017-02-02,31000,7.900000095367432,8.010000228881836,8.100000381469727,7.900000095367432,8.010000228881836
2017-02-01,41500,7.789999961853027,7.929999828338623,7.980000019073486,7.730000019073486,7.929999828338623
2017-01-31,26300,7.630000114440918,7.739999771118164,7.75,7.619999885559082,7.739999771118164
2017-01-30,53300,7.639999866485596,7.71999979019165,7.739999771118164,7.519999980926514,7.71999979019165
2017-01-27,1800,7.760000228881836,7.699999809265137,7.760000228881836,7.650000095367432,7.699999809265137
2017-01-26,15100,7.699999809265137,7.710000038146973,7.829999923706055,7.690000057220459,7.710000038146973
2017-01-25,62900,7.650000095367432,7.710000038146973,7.869999885559082,7.650000095367432,7.710000038146973
2017-01-24,14800,7.699999809265137,7.699999809265137,7.739999771118164,7.650000095367432,7.699999809265137
2017-01-23,12100,7.75,7.699999809265137,7.75,7.639999866485596,7.699999809265137
2017-01-20,6800,7.679999828338623,7.710000038146973,7.800000190734863,7.679999828338623,7.710000038146973
2017-01-19,6900,7.849999904632568,7.710000038146973,7.849999904632568,7.710000038146973,7.710000038146973
2017-01-18,3800,7.760000228881836,7.809999942779541,7.820000171661377,7.760000228881836,7.809999942779541
2017-01-17,20700,7.800000190734863,7.800000190734863,7.869999885559082,7.760000228881836,7.800000190734863
2017-01-13,11000,7.800000190734863,7.860000133514404,7.869999885559082,7.800000190734863,7.860000133514404
2017-01-12,27200,7.769999980926514,7.820000171661377,7.860000133514404,7.71999979019165,7.820000171661377
2017-01-11,20200,7.619999885559082,7.730000019073486,7.78000020980835,7.619999885559082,7.730000019073486
2017-01-10,50200,7.730000019073486,7.670000076293945,7.820000171661377,7.610000133514404,7.670000076293945
2017-01-09,71200,7.670000076293945,7.78000020980835,7.829999923706055,7.550000190734863,7.78000020980835
2017-01-06,45900,7.670000076293945,7.679999828338623,7.860000133514404,7.670000076293945,7.679999828338623
2017-01-05,46100,7.800000190734863,7.71999979019165,7.800000190734863,7.630000114440918,7.71999979019165
2017-01-04,67300,7.860000133514404,7.78000020980835,7.96999979019165,7.739999771118164,7.78000020980835
2017-01-03,62700,7.670000076293945,7.789999961853027,7.869999885559082,7.53000020980835,7.789999961853027
2016-12-30,43800,7.78000020980835,7.670000076293945,7.78000020980835,7.670000076293945,7.670000076293945
2016-12-29,30200,7.78000020980835,7.690000057220459,7.78000020980835,7.679999828338623,7.690000057220459
2016-12-28,6100,7.809999942779541,7.800000190734863,7.849999904632568,7.75,7.800000190734863
2016-12-27,9700,7.760000228881836,7.840000152587891,7.860000133514404,7.760000228881836,7.840000152587891
2016-12-23,37700,7.829999923706055,7.739999771118164,7.849999904632568,7.739999771118164,7.739999771118164
2016-12-22,19100,7.989999771118164,7.860000133514404,7.989999771118164,7.860000133514404,7.860000133514404
2016-12-21,20300,7.900000095367432,7.900000095367432,8.0,7.869999885559082,7.900000095367432
2016-12-20,32700,7.940000057220459,7.940000057220459,8.0,7.900000095367432,7.940000057220459
2016-12-19,7600,8.0,7.960000038146973,8.020000457763672,7.909999847412109,7.960000038146973
2016-12-16,23700,8.069999694824219,8.010000228881836,8.210000038146973,7.949999809265137,8.010000228881836
2016-12-15,58100,8.079999923706055,8.0,8.199999809265137,7.920000076293945,8.0
2016-12-14,20000,8.15999984741211,8.0,8.199999809265137,8.0,8.0
2016-12-13,22300,8.140000343322754,8.1899995803833,8.3100004196167,8.109999656677246,8.1899995803833
2016-12-12,15900,8.199999809265137,8.199999809265137,8.319999694824219,8.010000228881836,8.199999809265137
2016-12-09,7700,8.289999961853027,8.229999542236328,8.350000381469727,8.210000038146973,8.229999542236328
2016-12-08,18300,8.300000190734863,8.220000267028809,8.300000190734863,8.199999809265137,8.220000267028809
2016-12-07,29600,8.199999809265137,8.3100004196167,8.34000015258789,8.170000076293945,8.3100004196167
2016-12-06,41000,8.199999809265137,8.260000228881836,8.260000228881836,8.140000343322754,8.260000228881836
2016-12-05,44300,8.020000457763672,8.210000038146973,8.329999923706055,8.0,8.210000038146973
2016-12-02,15300,8.039999961853027,8.0600004196167,8.09000015258789,8.0,8.0600004196167
2016-12-01,14400,8.0600004196167,8.0600004196167,8.210000038146973,8.039999961853027,8.0600004196167
2016-11-30,60900,8.239999771118164,8.149999618530273,8.319999694824219,8.039999961853027,8.149999618530273
2016-11-29,27000,8.130000114440918,8.289999961853027,8.359999656677246,8.010000228881836,8.289999961853027
2016-11-28,43100,8.039999961853027,8.239999771118164,8.449999809265137,8.039999961853027,8.239999771118164
2016-11-25,26800,8.270000457763672,8.170000076293945,8.279999732971191,7.96999979019165,8.170000076293945
2016-11-23,35900,7.900000095367432,8.229999542236328,8.289999961853027,7.900000095367432,8.229999542236328
2016-11-22,8900,7.909999847412109,7.949999809265137,8.010000228881836,7.909999847412109,7.949999809265137
2016-11-21,33300,8.050000190734863,7.949999809265137,8.050000190734863,7.820000171661377,7.949999809265137
2016-11-18,70900,8.0,8.039999961853027,8.039999961853027,7.769999980926514,8.039999961853027
2016-11-17,60900,7.980000019073486,8.029999732971191,8.140000343322754,7.980000019073486,8.029999732971191
2016-11-16,77700,7.789999961853027,7.96999979019165,7.96999979019165,7.789999961853027,7.96999979019165
2016-11-15,16900,7.71999979019165,7.860000133514404,7.880000114440918,7.71999979019165,7.860000133514404
2016-11-14,8300,7.679999828338623,7.769999980926514,7.800000190734863,7.679999828338623,7.769999980926514
2016-11-11,18100,7.699999809265137,7.730000019073486,7.769999980926514,7.699999809265137,7.730000019073486
2016-11-10,14300,7.710000038146973,7.760000228881836,7.809999942779541,7.710000038146973,7.760000228881836
2016-11-09,12000,7.639999866485596,7.739999771118164,7.829999923706055,7.639999866485596,7.739999771118164
2016-11-08,7500,7.690000057220459,7.800000190734863,7.800000190734863,7.690000057220459,7.800000190734863
2016-11-07,11200,7.769999980926514,7.730000019073486,7.789999961853027,7.71999979019165,7.730000019073486
2016-11-04,6000,7.71999979019165,7.739999771118164,7.760000228881836,7.71999979019165,7.739999771118164
2016-11-03,6400,7.760000228881836,7.789999961853027,7.789999961853027,7.75,7.789999961853027
2016-11-02,31800,7.820000171661377,7.809999942779541,7.840000152587891,7.75,7.809999942779541
2016-11-01,15900,7.769999980926514,7.840000152587891,7.849999904632568,7.639999866485596,7.840000152587891
2016-10-31,3200,7.679999828338623,7.820000171661377,7.849999904632568,7.679999828338623,7.820000171661377
2016-10-28,33600,7.860000133514404,7.78000020980835,7.860000133514404,7.670000076293945,7.78000020980835
2016-10-27,7400,7.829999923706055,7.860000133514404,7.949999809265137,7.820000171661377,7.860000133514404
2016-10-26,9300,7.880000114440918,7.820000171661377,7.880000114440918,7.820000171661377,7.820000171661377
2016-10-25,5500,7.989999771118164,7.889999866485596,7.989999771118164,7.860000133514404,7.889999866485596
2016-10-24,2900,7.920000076293945,7.860000133514404,7.920000076293945,7.849999904632568,7.860000133514404
2016-10-21,7600,7.849999904632568,7.980000019073486,7.989999771118164,7.849999904632568,7.980000019073486
2016-10-20,4600,7.820000171661377,7.889999866485596,7.900000095367432,7.820000171661377,7.889999866485596
2016-10-19,11000,7.820000171661377,7.880000114440918,8.0,7.820000171661377,7.880000114440918
2016-10-18,28100,7.860000133514404,7.869999885559082,8.109999656677246,7.840000152587891,7.869999885559082
2016-10-17,35800,7.840000152587891,7.909999847412109,8.020000457763672,7.769999980926514,7.909999847412109
2016-10-14,61200,8.079999923706055,7.889999866485596,8.079999923706055,7.78000020980835,7.889999866485596
2016-10-13,10000,8.149999618530273,8.09000015258789,8.149999618530273,8.020000457763672,8.09000015258789
2016-10-12,11800,8.130000114440918,8.199999809265137,8.25,8.079999923706055,8.199999809265137
2016-10-11,22100,8.25,8.239999771118164,8.25,8.199999809265137,8.239999771118164
2016-10-10,14600,8.350000381469727,8.279999732971191,8.350000381469727,8.229999542236328,8.279999732971191
2016-10-07,20600,8.1899995803833,8.300000190734863,8.3100004196167,8.180000305175781,8.300000190734863
2016-10-06,67700,8.3100004196167,8.319999694824219,8.5,8.25,8.319999694824219
2016-10-05,101600,7.949999809265137,8.380000114440918,8.600000381469727,7.860000133514404,8.380000114440918
2016-10-04,45100,8.029999732971191,8.020000457763672,8.1899995803833,7.960000038146973,8.020000457763672
2016-10-03,196800,7.929999828338623,8.119999885559082,8.180000305175781,7.650000095367432,8.119999885559082
2016-09-30,169600,7.21999979019165,7.849999904632568,7.940000057220459,7.21999979019165,7.849999904632568
2016-09-29,8100,7.25,7.230000019073486,7.289999961853027,7.179999828338623,7.230000019073486
2016-09-28,5100,7.269999980926514,7.230000019073486,7.28000020980835,7.230000019073486,7.230000019073486
2016-09-27,10400,7.28000020980835,7.289999961853027,7.289999961853027,7.239999771118164,7.289999961853027
2016-09-26,19500,7.260000228881836,7.159999847412109,7.260000228881836,7.03000020980835,7.159999847412109
2016-09-23,18400,7.159999847412109,7.230000019073486,7.28000020980835,7.150000095367432,7.230000019073486
2016-09-22,21000,7.190000057220459,7.199999809265137,7.340000152587891,7.139999866485596,7.199999809265137
2016-09-21,3500,7.170000076293945,7.199999809265137,7.28000020980835,7.130000114440918,7.199999809265137
2016-09-20,1700,7.230000019073486,7.170000076293945,7.230000019073486,7.170000076293945,7.170000076293945
2016-09-19,10100,7.170000076293945,7.090000152587891,7.190000057220459,7.090000152587891,7.090000152587891
2016-09-16,16500,7.179999828338623,7.159999847412109,7.260000228881836,7.159999847412109,7.159999847412109
2016-09-15,3800,7.210000038146973,7.25,7.260000228881836,7.039999961853027,7.25
2016-09-14,18800,7.119999885559082,7.170000076293945,7.340000152587891,7.119999885559082,7.170000076293945
2016-09-13,17500,6.860000133514404,7.090000152587891,7.170000076293945,6.849999904632568,7.090000152587891
2016-09-12,44800,6.409999847412109,6.929999828338623,6.989999771118164,6.409999847412109,6.929999828338623
2016-09-09,19600,6.929999828338623,6.880000114440918,6.960000038146973,6.860000133514404,6.880000114440918
2016-09-08,7900,6.980000019073486,6.929999828338623,7.0,6.920000076293945,6.929999828338623
2016-09-07,14500,6.949999809265137,6.949999809265137,6.980000019073486,6.909999847412109,6.949999809265137
2016-09-06,22500,6.960000038146973,6.96999979019165,7.019999980926514,6.960000038146973,6.96999979019165
2016-09-02,27100,7.010000228881836,7.0,7.03000020980835,6.880000114440918,7.0
2016-09-01,4800,7.099999904632568,7.010000228881836,7.099999904632568,6.940000057220459,7.010000228881836
2016-08-31,7200,6.920000076293945,6.980000019073486,7.070000171661377,6.920000076293945,6.980000019073486
2016-08-30,18900,6.989999771118164,6.96999979019165,7.059999942779541,6.940000057220459,6.96999979019165
2016-08-29,12500,7.0,6.960000038146973,7.070000171661377,6.949999809265137,6.960000038146973
2016-08-26,19300,7.039999961853027,7.010000228881836,7.079999923706055,7.0,7.010000228881836
2016-08-25,25700,7.099999904632568,7.019999980926514,7.170000076293945,7.0,7.019999980926514
2016-08-24,11900,7.110000133514404,7.099999904632568,7.159999847412109,7.099999904632568,7.099999904632568
2016-08-23,14100,7.139999866485596,7.130000114440918,7.190000057220459,7.110000133514404,7.130000114440918
2016-08-22,17100,7.110000133514404,7.170000076293945,7.239999771118164,7.110000133514404,7.170000076293945
2016-08-19,11800,7.159999847412109,7.170000076293945,7.230000019073486,7.139999866485596,7.170000076293945
2016-08-18,16700,7.210000038146973,7.190000057220459,7.289999961853027,7.179999828338623,7.190000057220459
2016-08-17,7500,7.159999847412109,7.230000019073486,7.289999961853027,7.159999847412109,7.230000019073486
2016-08-16,20200,7.150000095367432,7.179999828338623,7.25,7.150000095367432,7.179999828338623
2016-08-15,47800,7.300000190734863,7.199999809265137,7.300000190734863,7.199999809265137,7.199999809265137
2016-08-12,35800,7.449999809265137,7.25,7.449999809265137,7.239999771118164,7.25
2016-08-11,14600,7.239999771118164,7.25,7.289999961853027,7.239999771118164,7.25
2016-08-10,6700,7.239999771118164,7.239999771118164,7.300000190734863,7.239999771118164,7.239999771118164
2016-08-09,16600,7.25,7.260000228881836,7.289999961853027,7.239999771118164,7.260000228881836
2016-08-08,26200,7.309999942779541,7.269999980926514,7.349999904632568,7.260000228881836,7.269999980926514
2016-08-05,7100,7.340000152587891,7.349999904632568,7.349999904632568,7.320000171661377,7.349999904632568
2016-08-04,8200,7.369999885559082,7.329999923706055,7.369999885559082,7.300000190734863,7.329999923706055
2016-08-03,17500,7.369999885559082,7.329999923706055,7.369999885559082,7.300000190734863,7.329999923706055
2016-08-02,14800,7.380000114440918,7.389999866485596,7.420000076293945,7.340000152587891,7.389999866485596
2016-08-01,8000,7.329999923706055,7.369999885559082,7.389999866485596,7.329999923706055,7.369999885559082
2016-07-29,7700,7.329999923706055,7.349999904632568,7.420000076293945,7.329999923706055,7.349999904632568
2016-07-28,8400,7.329999923706055,7.349999904632568,7.400000095367432,7.329999923706055,7.349999904632568
2016-07-27,4800,7.329999923706055,7.360000133514404,7.409999847412109,7.309999942779541,7.360000133514404
2016-07-26,33600,7.369999885559082,7.360000133514404,7.440000057220459,7.269999980926514,7.360000133514404
2016-07-25,10500,7.380000114440918,7.389999866485596,7.440000057220459,7.380000114440918,7.389999866485596
2016-07-22,18500,7.380000114440918,7.420000076293945,7.440000057220459,7.380000114440918,7.420000076293945
2016-07-21,35300,7.429999828338623,7.429999828338623,7.449999809265137,7.369999885559082,7.429999828338623
2016-07-20,34600,7.409999847412109,7.440000057220459,7.5,7.409999847412109,7.440000057220459
2016-07-19,8200,7.46999979019165,7.429999828338623,7.480000019073486,7.429999828338623,7.429999828338623
2016-07-18,10000,7.429999828338623,7.420000076293945,7.480000019073486,7.400000095367432,7.420000076293945
2016-07-15,24600,7.420000076293945,7.460000038146973,7.570000171661377,7.400000095367432,7.460000038146973
2016-07-14,6300,7.449999809265137,7.429999828338623,7.449999809265137,7.420000076293945,7.429999828338623
2016-07-13,19000,7.480000019073486,7.429999828338623,7.480000019073486,7.400000095367432,7.429999828338623
2016-07-12,7700,7.460000038146973,7.449999809265137,7.460000038146973,7.400000095367432,7.449999809265137
2016-07-11,6000,7.409999847412109,7.389999866485596,7.409999847412109,7.349999904632568,7.389999866485596
2016-07-08,42900,7.400000095367432,7.420000076293945,7.460000038146973,7.309999942779541,7.420000076293945
2016-07-07,34900,7.389999866485596,7.409999847412109,7.46999979019165,7.360000133514404,7.409999847412109
2016-07-06,1400,7.320000171661377,7.349999904632568,7.380000114440918,7.309999942779541,7.349999904632568
2016-07-05,14200,7.409999847412109,7.300000190734863,7.409999847412109,7.289999961853027,7.300000190734863
2016-07-01,18100,7.429999828338623,7.440000057220459,7.449999809265137,7.409999847412109,7.440000057220459
2016-06-30,1900,7.269999980926514,7.449999809265137,7.449999809265137,7.269999980926514,7.449999809265137
2016-06-29,4200,7.309999942779541,7.360000133514404,7.489999771118164,7.289999961853027,7.360000133514404
2016-06-28,10200,7.360000133514404,7.320000171661377,7.400000095367432,7.260000228881836,7.320000171661377
2016-06-27,5200,7.239999771118164,7.239999771118164,7.369999885559082,7.239999771118164,7.239999771118164
2016-06-24,19800,7.389999866485596,7.380000114440918,7.389999866485596,7.349999904632568,7.380000114440918
2016-06-23,12300,7.519999980926514,7.5,7.519999980926514,7.46999979019165,7.5
2016-06-22,10900,7.510000228881836,7.53000020980835,7.550000190734863,7.489999771118164,7.53000020980835
2016-06-21,7200,7.5,7.510000228881836,7.539999961853027,7.460000038146973,7.510000228881836
2016-06-20,10500,7.510000228881836,7.519999980926514,7.579999923706055,7.510000228881836,7.519999980926514
2016-06-17,9200,7.480000019073486,7.510000228881836,7.53000020980835,7.460000038146973,7.510000228881836
2016-06-16,12100,7.460000038146973,7.480000019073486,7.510000228881836,7.460000038146973,7.480000019073486
2016-06-15,8600,7.489999771118164,7.480000019073486,7.510000228881836,7.46999979019165,7.480000019073486
2016-06-14,6300,7.539999961853027,7.480000019073486,7.539999961853027,7.46999979019165,7.480000019073486
2016-06-13,17300,7.460000038146973,7.519999980926514,7.550000190734863,7.460000038146973,7.519999980926514
2016-06-10,4300,7.480000019073486,7.489999771118164,7.579999923706055,7.46999979019165,7.489999771118164
2016-06-09,38300,7.5,7.539999961853027,7.590000152587891,7.46999979019165,7.539999961853027
2016-06-08,24700,7.460000038146973,7.5,7.510000228881836,7.460000038146973,7.5
2016-06-07,21300,7.5,7.5,7.53000020980835,7.489999771118164,7.5
2016-06-06,15900,7.449999809265137,7.489999771118164,7.519999980926514,7.449999809265137,7.489999771118164
2016-06-03,27800,7.440000057220459,7.480000019073486,7.619999885559082,7.420000076293945,7.480000019073486
2016-06-02,19500,7.480000019073486,7.489999771118164,7.5,7.460000038146973,7.489999771118164
2016-06-01,5700,7.420000076293945,7.429999828338623,7.46999979019165,7.420000076293945,7.429999828338623
2016-05-31,15600,7.489999771118164,7.400000095367432,7.53000020980835,7.380000114440918,7.400000095367432
2016-05-27,7700,7.46999979019165,7.46999979019165,7.53000020980835,7.449999809265137,7.46999979019165
2016-05-26,6300,7.420000076293945,7.460000038146973,7.5,7.420000076293945,7.460000038146973
2016-05-25,13300,7.429999828338623,7.420000076293945,7.510000228881836,7.420000076293945,7.420000076293945
2016-05-24,11300,7.449999809265137,7.460000038146973,7.46999979019165,7.409999847412109,7.460000038146973
2016-05-23,12000,7.400000095367432,7.420000076293945,7.5,7.400000095367432,7.420000076293945
2016-05-20,16700,7.449999809265137,7.449999809265137,7.449999809265137,7.289999961853027,7.449999809265137
2016-05-19,6400,7.349999904632568,7.429999828338623,7.429999828338623,7.309999942779541,7.429999828338623
2016-05-18,11300,7.46999979019165,7.380000114440918,7.46999979019165,7.360000133514404,7.380000114440918
2016-05-17,11200,7.360000133514404,7.420000076293945,7.460000038146973,7.349999904632568,7.420000076293945
2016-05-16,17500,7.400000095367432,7.400000095367432,7.53000020980835,7.400000095367432,7.400000095367432
2016-05-13,13800,7.570000171661377,7.409999847412109,7.579999923706055,7.409999847412109,7.409999847412109
2016-05-12,9800,7.429999828338623,7.389999866485596,7.460000038146973,7.360000133514404,7.389999866485596
2016-05-11,35600,7.369999885559082,7.369999885559082,7.480000019073486,7.260000228881836,7.369999885559082
2016-05-10,16700,7.400000095367432,7.380000114440918,7.420000076293945,7.360000133514404,7.380000114440918
2016-05-09,14000,7.460000038146973,7.429999828338623,7.5,7.400000095367432,7.429999828338623
2016-05-06,25900,7.409999847412109,7.440000057220459,7.590000152587891,7.380000114440918,7.440000057220459
2016-05-05,12800,7.550000190734863,7.510000228881836,7.590000152587891,7.510000228881836,7.510000228881836
2016-05-04,12500,7.570000171661377,7.570000171661377,7.619999885559082,7.570000171661377,7.570000171661377
2016-05-03,13000,7.570000171661377,7.519999980926514,7.570000171661377,7.519999980926514,7.519999980926514
2016-05-02,17400,7.610000133514404,7.610000133514404,7.650000095367432,7.599999904632568,7.610000133514404
2016-04-29,32800,7.699999809265137,7.650000095367432,7.880000114440918,7.630000114440918,7.650000095367432
2016-04-28,36900,7.599999904632568,7.599999904632568,7.650000095367432,7.599999904632568,7.599999904632568
2016-04-27,67000,7.550000190734863,7.579999923706055,7.650000095367432,7.510000228881836,7.579999923706055
2016-04-26,8700,7.440000057220459,7.400000095367432,7.5,7.400000095367432,7.400000095367432
2016-04-25,7200,7.570000171661377,7.380000114440918,7.579999923706055,7.380000114440918,7.380000114440918
2016-04-22,21500,7.369999885559082,7.550000190734863,7.579999923706055,7.369999885559082,7.550000190734863
2016-04-21,32100,7.300000190734863,7.349999904632568,7.440000057220459,7.25,7.349999904632568
2016-04-20,5700,7.349999904632568,7.320000171661377,7.400000095367432,7.300000190734863,7.320000171661377
2016-04-19,14600,7.420000076293945,7.349999904632568,7.420000076293945,7.269999980926514,7.349999904632568
2016-04-18,5400,7.400000095367432,7.340000152587891,7.400000095367432,7.340000152587891,7.340000152587891
2016-04-15,27300,7.340000152587891,7.360000133514404,7.440000057220459,7.309999942779541,7.360000133514404
2016-04-14,14400,7.329999923706055,7.309999942779541,7.329999923706055,7.269999980926514,7.309999942779541
2016-04-13,14400,7.449999809265137,7.349999904632568,7.449999809265137,7.269999980926514,7.349999904632568
2016-04-12,19800,7.420000076293945,7.449999809265137,7.480000019073486,7.360000133514404,7.449999809265137
2016-04-11,3900,7.440000057220459,7.440000057220459,7.53000020980835,7.440000057220459,7.440000057220459
2016-04-08,21600,7.489999771118164,7.480000019073486,7.5,7.380000114440918,7.480000019073486
2016-04-07,5800,7.480000019073486,7.460000038146973,7.510000228881836,7.420000076293945,7.460000038146973
2016-04-06,8400,7.5,7.5,7.550000190734863,7.489999771118164,7.5
2016-04-05,15100,7.440000057220459,7.409999847412109,7.449999809265137,7.360000133514404,7.409999847412109
2016-04-04,4300,7.480000019073486,7.489999771118164,7.539999961853027,7.46999979019165,7.489999771118164
2016-04-01,12900,7.449999809265137,7.5,7.5,7.449999809265137,7.5
2016-03-31,7300,7.440000057220459,7.5,7.5,7.440000057220459,7.5
2016-03-30,15100,7.480000019073486,7.489999771118164,7.5,7.449999809265137,7.489999771118164
2016-03-29,15000,7.420000076293945,7.5,7.5,7.420000076293945,7.5
2016-03-28,30700,7.380000114440918,7.440000057220459,7.480000019073486,7.380000114440918,7.440000057220459
2016-03-24,24700,7.340000152587891,7.409999847412109,7.440000057220459,7.309999942779541,7.409999847412109
2016-03-23,8100,7.380000114440918,7.409999847412109,7.429999828338623,7.349999904632568,7.409999847412109
2016-03-22,18600,7.340000152587891,7.409999847412109,7.440000057220459,7.340000152587891,7.409999847412109
2016-03-21,13400,7.400000095367432,7.429999828338623,7.480000019073486,7.190000057220459,7.429999828338623
2016-03-18,1200,7.400000095367432,7.389999866485596,7.400000095367432,7.300000190734863,7.389999866485596
2016-03-17,23400,7.369999885559082,7.400000095367432,7.409999847412109,7.329999923706055,7.400000095367432
2016-03-16,11200,7.239999771118164,7.320000171661377,7.389999866485596,7.239999771118164,7.320000171661377
2016-03-15,11500,7.309999942779541,7.269999980926514,7.309999942779541,7.199999809265137,7.269999980926514
2016-03-14,21000,7.21999979019165,7.25,7.309999942779541,7.119999885559082,7.25
2016-03-11,27600,7.349999904632568,7.300000190734863,7.349999904632568,7.21999979019165,7.300000190734863
2016-03-10,10500,7.269999980926514,7.320000171661377,7.349999904632568,7.199999809265137,7.320000171661377
2016-03-09,8700,7.21999979019165,7.320000171661377,7.320000171661377,7.21999979019165,7.320000171661377
2016-03-08,15200,7.170000076293945,7.239999771118164,7.260000228881836,7.130000114440918,7.239999771118164
2016-03-07,14600,7.199999809265137,7.230000019073486,7.400000095367432,7.199999809265137,7.230000019073486
2016-03-04,27500,7.320000171661377,7.260000228881836,7.320000171661377,7.130000114440918,7.260000228881836
2016-03-03,11600,7.239999771118164,7.260000228881836,7.329999923706055,7.239999771118164,7.260000228881836
2016-03-02,19200,7.260000228881836,7.309999942779541,7.309999942779541,7.210000038146973,7.309999942779541
2016-03-01,18300,7.150000095367432,7.230000019073486,7.230000019073486,7.119999885559082,7.230000019073486
2016-02-29,19600,7.110000133514404,7.150000095367432,7.21999979019165,7.050000190734863,7.150000095367432
2016-02-26,7500,7.070000171661377,7.25,7.260000228881836,7.070000171661377,7.25
2016-02-25,3200,7.130000114440918,7.130000114440918,7.260000228881836,7.03000020980835,7.130000114440918
2016-02-24,5500,7.119999885559082,7.190000057220459,7.239999771118164,7.059999942779541,7.190000057220459
2016-02-23,2800,7.159999847412109,7.179999828338623,7.239999771118164,7.159999847412109,7.179999828338623
2016-02-22,7800,7.25,7.25,7.25,7.179999828338623,7.25
2016-02-19,6400,7.269999980926514,7.21999979019165,7.269999980926514,7.150000095367432,7.21999979019165
2016-02-18,6800,7.110000133514404,7.210000038146973,7.25,7.039999961853027,7.210000038146973
2016-02-17,14000,7.159999847412109,7.25,7.25,7.159999847412109,7.25
2016-02-16,25300,6.829999923706055,7.170000076293945,7.190000057220459,6.829999923706055,7.170000076293945
2016-02-12,5600,6.730000019073486,6.840000152587891,6.900000095367432,6.730000019073486,6.840000152587891
2016-02-11,7300,6.710000038146973,6.739999771118164,6.739999771118164,6.590000152587891,6.739999771118164
2016-02-10,5200,6.650000095367432,6.78000020980835,6.900000095367432,6.650000095367432,6.78000020980835
2016-02-09,15200,7.099999904632568,6.860000133514404,7.099999904632568,6.730000019073486,6.860000133514404
2016-02-08,22200,7.25,7.159999847412109,7.260000228881836,6.920000076293945,7.159999847412109
2016-02-05,5500,7.25,7.25,7.409999847412109,7.25,7.25
2016-02-04,8600,7.360000133514404,7.269999980926514,7.360000133514404,7.260000228881836,7.269999980926514
2016-02-03,33800,7.25,7.360000133514404,7.409999847412109,7.099999904632568,7.360000133514404
2016-02-02,78200,6.659999847412109,7.230000019073486,7.300000190734863,6.659999847412109,7.230000019073486
2016-02-01,36900,6.5,6.659999847412109,6.659999847412109,6.449999809265137,6.659999847412109
2016-01-29,18400,6.480000019073486,6.46999979019165,6.579999923706055,6.46999979019165,6.46999979019165
2016-01-28,56700,6.630000114440918,6.480000019073486,6.670000076293945,6.449999809265137,6.480000019073486
2016-01-27,14700,6.760000228881836,6.650000095367432,6.849999904632568,6.579999923706055,6.650000095367432
2016-01-26,13700,6.75,6.840000152587891,6.900000095367432,6.659999847412109,6.840000152587891
2016-01-25,5600,6.75,6.760000228881836,6.840000152587891,6.75,6.760000228881836
2016-01-22,10200,6.659999847412109,6.900000095367432,6.900000095367432,6.659999847412109,6.900000095367432
2016-01-21,15500,6.599999904632568,6.570000171661377,6.699999809265137,6.510000228881836,6.570000171661377
2016-01-20,26600,6.639999866485596,6.539999961853027,6.639999866485596,6.429999828338623,6.539999961853027
2016-01-19,51800,6.900000095367432,6.710000038146973,6.900000095367432,6.510000228881836,6.710000038146973
2016-01-15,19400,6.949999809265137,6.869999885559082,7.03000020980835,6.78000020980835,6.869999885559082
2016-01-14,20500,7.059999942779541,7.059999942779541,7.159999847412109,7.019999980926514,7.059999942779541
2016-01-13,32500,7.239999771118164,7.070000171661377,7.239999771118164,6.980000019073486,7.070000171661377
2016-01-12,25600,7.369999885559082,7.25,7.659999847412109,7.210000038146973,7.25
2016-01-11,38300,7.789999961853027,7.409999847412109,7.789999961853027,7.25,7.409999847412109
2016-01-08,9200,8.140000343322754,7.849999904632568,8.140000343322754,7.820000171661377,7.849999904632568
2016-01-07,33200,8.25,8.020000457763672,8.279999732971191,8.0,8.020000457763672
2016-01-06,23100,8.579999923706055,8.369999885559082,8.579999923706055,8.300000190734863,8.369999885559082
2016-01-05,90400,8.369999885559082,8.640000343322754,8.6899995803833,8.369999885559082,8.640000343322754
2016-01-04,22300,8.069999694824219,8.369999885559082,8.4399995803833,8.069999694824219,8.369999885559082
2015-12-31,79600,7.769999980926514,8.170000076293945,8.449999809265137,7.769999980926514,8.170000076293945
2015-12-30,54100,7.650000095367432,7.860000133514404,7.900000095367432,7.579999923706055,7.860000133514404
2015-12-29,31000,7.5,7.699999809265137,7.800000190734863,7.5,7.699999809265137
2015-12-28,48100,7.210000038146973,7.5,7.5,7.210000038146973,7.5
2015-12-24,34000,7.0,7.239999771118164,7.300000190734863,7.0,7.239999771118164
2015-12-23,34000,7.0,7.050000190734863,7.170000076293945,7.0,7.050000190734863
2015-12-22,41100,7.03000020980835,7.010000228881836,7.090000152587891,6.960000038146973,7.010000228881836
2015-12-21,15600,7.099999904632568,7.059999942779541,7.099999904632568,7.039999961853027,7.059999942779541
2015-12-18,54100,7.099999904632568,7.079999923706055,7.150000095367432,7.070000171661377,7.079999923706055
2015-12-17,32900,7.099999904632568,7.099999904632568,7.179999828338623,7.059999942779541,7.099999904632568
2015-12-16,71800,7.110000133514404,7.110000133514404,7.150000095367432,7.0,7.110000133514404
2015-12-15,54800,7.210000038146973,7.139999866485596,7.260000228881836,7.139999866485596,7.139999866485596
2015-12-14,35000,7.320000171661377,7.239999771118164,7.349999904632568,7.21999979019165,7.239999771118164
2015-12-11,13700,7.46999979019165,7.320000171661377,7.5,7.320000171661377,7.320000171661377
2015-12-10,10000,7.389999866485596,7.5,7.5,7.389999866485596,7.5
2015-12-09,31700,7.409999847412109,7.400000095367432,7.480000019073486,7.380000114440918,7.400000095367432
2015-12-08,27800,7.420000076293945,7.429999828338623,7.5,7.400000095367432,7.429999828338623
2015-12-07,10200,7.5,7.5,7.639999866485596,7.440000057220459,7.5
2015-12-04,32000,7.519999980926514,7.550000190734863,7.610000133514404,7.449999809265137,7.550000190734863
2015-12-03,84000,7.639999866485596,7.550000190734863,7.670000076293945,7.46999979019165,7.550000190734863
2015-12-02,41600,7.630000114440918,7.650000095367432,7.679999828338623,7.550000190734863,7.650000095367432
2015-12-01,70200,7.730000019073486,7.639999866485596,7.739999771118164,7.599999904632568,7.639999866485596
2015-11-30,32400,7.690000057220459,7.739999771118164,7.78000020980835,7.690000057220459,7.739999771118164
2015-11-27,1500,7.71999979019165,7.730000019073486,7.730000019073486,7.690000057220459,7.730000019073486
2015-11-25,43600,7.809999942779541,7.699999809265137,7.809999942779541,7.679999828338623,7.699999809265137
2015-11-24,20200,7.800000190734863,7.800000190734863,7.840000152587891,7.599999904632568,7.800000190734863
2015-11-23,33400,7.980000019073486,7.800000190734863,7.989999771118164,7.800000190734863,7.800000190734863
2015-11-20,6300,8.0,7.929999828338623,8.119999885559082,7.929999828338623,7.929999828338623
2015-11-19,11000,8.25,7.96999979019165,8.25,7.920000076293945,7.96999979019165
2015-11-18,17300,7.929999828338623,7.940000057220459,8.09000015258789,7.929999828338623,7.940000057220459
2015-11-17,50900,7.960000038146973,7.949999809265137,8.079999923706055,7.880000114440918,7.949999809265137
2015-11-16,10700,7.940000057220459,7.949999809265137,8.020000457763672,7.849999904632568,7.949999809265137
2015-11-13,35700,8.119999885559082,7.860000133514404,8.130000114440918,7.849999904632568,7.860000133514404
2015-11-12,19100,8.239999771118164,8.119999885559082,8.25,8.0600004196167,8.119999885559082
2015-11-11,16800,8.359999656677246,8.279999732971191,8.359999656677246,8.220000267028809,8.279999732971191
2015-11-10,17900,8.420000076293945,8.329999923706055,8.5,8.140000343322754,8.329999923706055
2015-11-09,13500,8.430000305175781,8.40999984741211,8.489999771118164,8.359999656677246,8.40999984741211
2015-11-06,9500,8.489999771118164,8.479999542236328,8.539999961853027,8.399999618530273,8.479999542236328
2015-11-05,13800,8.550000190734863,8.449999809265137,8.550000190734863,8.430000305175781,8.449999809265137
2015-11-04,31500,8.489999771118164,8.600000381469727,8.600000381469727,8.359999656677246,8.600000381469727
2015-11-03,11800,8.430000305175781,8.4399995803833,8.5,8.40999984741211,8.4399995803833
2015-11-02,6500,8.369999885559082,8.4399995803833,8.569999694824219,8.369999885559082,8.4399995803833
2015-10-30,15300,8.430000305175781,8.380000114440918,8.449999809265137,8.380000114440918,8.380000114440918
2015-10-29,14400,8.359999656677246,8.4399995803833,8.529999732971191,8.359999656677246,8.4399995803833
2015-10-28,13100,8.3100004196167,8.369999885559082,8.420000076293945,8.3100004196167,8.369999885559082
2015-10-27,16100,8.350000381469727,8.319999694824219,8.460000038146973,8.270000457763672,8.319999694824219
2015-10-26,19000,8.449999809265137,8.359999656677246,8.59000015258789,8.359999656677246,8.359999656677246
2015-10-23,24400,8.579999923706055,8.5,8.59000015258789,8.470000267028809,8.5
2015-10-22,9900,8.5,8.470000267028809,8.550000190734863,8.40999984741211,8.470000267028809
2015-10-21,39800,8.470000267028809,8.399999618530273,8.479999542236328,8.380000114440918,8.399999618530273
2015-10-20,20600,8.420000076293945,8.420000076293945,8.5,8.399999618530273,8.420000076293945
2015-10-19,9200,8.399999618530273,8.430000305175781,8.539999961853027,8.399999618530273,8.430000305175781
2015-10-16,19200,8.430000305175781,8.449999809265137,8.59000015258789,8.420000076293945,8.449999809265137
2015-10-15,53300,8.40999984741211,8.369999885559082,8.430000305175781,8.329999923706055,8.369999885559082
2015-10-14,35700,8.420000076293945,8.359999656677246,8.5,8.300000190734863,8.359999656677246
2015-10-13,17100,8.40999984741211,8.420000076293945,8.680000305175781,8.40999984741211,8.420000076293945
2015-10-12,17700,8.619999885559082,8.460000038146973,8.720000267028809,8.460000038146973,8.460000038146973
2015-10-09,68700,8.430000305175781,8.550000190734863,8.65999984741211,8.430000305175781,8.550000190734863
2015-10-08,31600,8.449999809265137,8.449999809265137,8.520000457763672,8.420000076293945,8.449999809265137
2015-10-07,15300,8.489999771118164,8.420000076293945,8.5,8.390000343322754,8.420000076293945
2015-10-06,13200,8.680000305175781,8.40999984741211,8.680000305175781,8.369999885559082,8.40999984741211
2015-10-05,29600,8.520000457763672,8.449999809265137,8.609999656677246,8.390000343322754,8.449999809265137
2015-10-02,20600,8.369999885559082,8.430000305175781,8.489999771118164,8.359999656677246,8.430000305175781
2015-10-01,16900,8.510000228881836,8.390000343322754,8.710000038146973,8.390000343322754,8.390000343322754
2015-09-30,19400,8.65999984741211,8.510000228881836,8.65999984741211,8.460000038146973,8.510000228881836
2015-09-29,14100,8.59000015258789,8.520000457763672,8.720000267028809,8.510000228881836,8.520000457763672
2015-09-28,39600,8.75,8.600000381469727,8.850000381469727,8.579999923706055,8.600000381469727
2015-09-25,35600,8.880000114440918,8.8100004196167,8.979999542236328,8.760000228881836,8.8100004196167
2015-09-24,60800,8.949999809265137,8.770000457763672,9.140000343322754,8.6899995803833,8.770000457763672
2015-09-23,12200,9.34000015258789,9.130000114440918,9.40999984741211,9.010000228881836,9.130000114440918
2015-09-22,6000,9.329999923706055,9.319999694824219,9.550000190734863,9.220000267028809,9.319999694824219
2015-09-21,9400,9.630000114440918,9.470000267028809,9.630000114440918,9.25,9.470000267028809
2015-09-18,18400,9.369999885559082,9.289999961853027,9.600000381469727,9.260000228881836,9.289999961853027
2015-09-17,16400,9.600000381469727,9.65999984741211,9.710000038146973,9.489999771118164,9.65999984741211
2015-09-16,10400,9.539999961853027,9.649999618530273,9.770000457763672,9.539999961853027,9.649999618530273
2015-09-15,13300,9.25,9.539999961853027,9.550000190734863,9.25,9.539999961853027
2015-09-14,10900,9.260000228881836,9.369999885559082,9.550000190734863,9.260000228881836,9.369999885559082
2015-09-11,18000,9.40999984741211,9.399999618530273,9.5600004196167,9.319999694824219,9.399999618530273
2015-09-10,22900,9.34000015258789,9.430000305175781,9.680000305175781,9.34000015258789,9.430000305175781
2015-09-09,33300,9.239999771118164,9.470000267028809,9.59000015258789,9.239999771118164,9.470000267028809
2015-09-08,22200,9.220000267028809,9.430000305175781,9.4399995803833,9.020000457763672,9.430000305175781
2015-09-04,12900,9.0,9.109999656677246,9.1899995803833,9.0,9.109999656677246
2015-09-03,23000,9.149999618530273,9.170000076293945,9.390000343322754,9.119999885559082,9.170000076293945
2015-09-02,13300,9.199999809265137,9.239999771118164,9.289999961853027,9.109999656677246,9.239999771118164
2015-09-01,17600,9.020000457763672,9.220000267028809,9.430000305175781,9.020000457763672,9.220000267028809
2015-08-31,10600,9.5,9.3100004196167,9.579999923706055,9.3100004196167,9.3100004196167
2015-08-28,15900,9.350000381469727,9.430000305175781,9.449999809265137,9.180000305175781,9.430000305175781
2015-08-27,16800,9.350000381469727,9.40999984741211,9.550000190734863,9.149999618530273,9.40999984741211
2015-08-26,15600,9.630000114440918,9.319999694824219,9.6899995803833,9.25,9.319999694824219
2015-08-25,25300,9.329999923706055,9.399999618530273,9.670000076293945,9.329999923706055,9.399999618530273
2015-08-24,75500,9.489999771118164,9.1899995803833,9.6899995803833,8.270000457763672,9.1899995803833
2015-08-21,45900,10.5,10.149999618530273,10.529999732971191,10.039999961853027,10.149999618530273
2015-08-20,15100,10.619999885559082,10.539999961853027,10.6899995803833,10.5,10.539999961853027
2015-08-19,9700,10.819999694824219,10.720000267028809,10.890000343322754,10.720000267028809,10.720000267028809
2015-08-18,15400,10.59000015258789,10.859999656677246,10.859999656677246,10.59000015258789,10.859999656677246
2015-08-17,15800,10.6899995803833,10.65999984741211,10.710000038146973,10.569999694824219,10.65999984741211
2015-08-14,19900,10.869999885559082,10.819999694824219,10.899999618530273,10.819999694824219,10.819999694824219
2015-08-13,23100,10.949999809265137,10.920000076293945,11.039999961853027,10.890000343322754,10.920000076293945
2015-08-12,39500,10.819999694824219,10.979999542236328,10.989999771118164,10.65999984741211,10.979999542236328
2015-08-11,37400,11.109999656677246,10.960000038146973,11.279999732971191,10.699999809265137,10.960000038146973
2015-08-10,10800,11.1899995803833,11.149999618530273,11.369999885559082,11.130000114440918,11.149999618530273
2015-08-07,17200,11.199999809265137,11.15999984741211,11.229999542236328,11.0,11.15999984741211
2015-08-06,22100,11.510000228881836,11.210000038146973,11.5600004196167,11.210000038146973,11.210000038146973
2015-08-05,29600,12.0,11.600000381469727,12.09000015258789,11.600000381469727,11.600000381469727
2015-08-04,15800,11.90999984741211,12.0,12.0,11.90999984741211,12.0
2015-08-03,16200,12.020000457763672,11.930000305175781,12.029999732971191,11.850000381469727,11.930000305175781
2015-07-31,27300,12.0,12.109999656677246,12.180000305175781,11.949999809265137,12.109999656677246
2015-07-30,5100,11.850000381469727,11.970000267028809,12.0,11.850000381469727,11.970000267028809
2015-07-29,8100,11.84000015258789,11.920000076293945,11.960000038146973,11.609999656677246,11.920000076293945
2015-07-28,19000,11.600000381469727,11.819999694824219,11.989999771118164,11.550000190734863,11.819999694824219
2015-07-27,16800,11.75,11.619999885559082,11.75,11.619999885559082,11.619999885559082
2015-07-24,15000,12.010000228881836,11.779999732971191,12.100000381469727,11.779999732971191,11.779999732971191
2015-07-23,56500,12.170000076293945,11.960000038146973,12.199999809265137,11.739999771118164,11.960000038146973
2015-07-22,12000,12.229999542236328,12.210000038146973,12.359999656677246,12.180000305175781,12.210000038146973
2015-07-21,37500,12.569999694824219,12.300000190734863,12.670000076293945,12.289999961853027,12.300000190734863
2015-07-20,23700,12.920000076293945,12.65999984741211,13.039999961853027,12.550000190734863,12.65999984741211
2015-07-17,22100,12.90999984741211,12.949999809265137,13.0,12.710000038146973,12.949999809265137
2015-07-16,18000,12.859999656677246,12.850000381469727,12.90999984741211,12.819999694824219,12.850000381469727
2015-07-15,9100,12.859999656677246,12.819999694824219,12.949999809265137,12.819999694824219,12.819999694824219
2015-07-14,7700,12.779999732971191,12.819999694824219,12.899999618530273,12.699999809265137,12.819999694824219
2015-07-13,8800,12.75,12.710000038146973,12.890000343322754,12.699999809265137,12.710000038146973
2015-07-10,9600,12.59000015258789,12.770000457763672,12.9399995803833,12.59000015258789,12.770000457763672
2015-07-09,5000,12.510000228881836,12.510000228881836,12.640000343322754,12.489999771118164,12.510000228881836
2015-07-08,13100,12.5,12.449999809265137,12.600000381469727,12.4399995803833,12.449999809265137
2015-07-07,29900,12.609999656677246,12.619999885559082,12.630000114440918,12.420000076293945,12.619999885559082
2015-07-06,26900,12.880000114440918,12.760000228881836,12.989999771118164,12.649999618530273,12.760000228881836
2015-07-02,3600,12.920000076293945,12.970000267028809,13.149999618530273,12.920000076293945,12.970000267028809
2015-07-01,9600,12.90999984741211,12.930000305175781,12.989999771118164,12.90999984741211,12.930000305175781
2015-06-30,16600,12.9399995803833,12.899999618530273,12.9399995803833,12.850000381469727,12.899999618530273
2015-06-29,22000,13.180000305175781,12.90999984741211,13.210000038146973,12.850000381469727,12.90999984741211
2015-06-26,26900,13.220000267028809,13.180000305175781,13.40999984741211,13.180000305175781,13.180000305175781
2015-06-25,6900,13.300000190734863,13.170000076293945,13.350000381469727,13.170000076293945,13.170000076293945
2015-06-24,4400,13.109999656677246,13.270000457763672,13.34000015258789,13.109999656677246,13.270000457763672
2015-06-23,10000,13.220000267028809,13.170000076293945,13.239999771118164,13.130000114440918,13.170000076293945
2015-06-22,25100,13.239999771118164,13.329999923706055,13.380000114440918,13.239999771118164,13.329999923706055
2015-06-19,24300,13.550000190734863,13.270000457763672,13.579999923706055,13.210000038146973,13.270000457763672
2015-06-18,15300,13.789999961853027,13.619999885559082,13.8100004196167,13.619999885559082,13.619999885559082
2015-06-17,12700,13.90999984741211,13.800000190734863,14.0,13.720000267028809,13.800000190734863
2015-06-16,5800,13.850000381469727,13.979999542236328,14.0,13.850000381469727,13.979999542236328
2015-06-15,11100,14.0,13.930000305175781,14.010000228881836,13.75,13.930000305175781
2015-06-12,24800,14.199999809265137,14.0,14.279999732971191,14.0,14.0
2015-06-11,17300,14.149999618530273,14.140000343322754,14.239999771118164,14.069999694824219,14.140000343322754
2015-06-10,18600,14.079999923706055,14.069999694824219,14.25,14.050000190734863,14.069999694824219
2015-06-09,10400,14.229999542236328,14.069999694824219,14.239999771118164,14.050000190734863,14.069999694824219
2015-06-08,6100,14.229999542236328,14.149999618530273,14.229999542236328,14.109999656677246,14.149999618530273
2015-06-05,11900,14.239999771118164,14.210000038146973,14.289999961853027,14.079999923706055,14.210000038146973
2015-06-04,52900,14.229999542236328,14.100000381469727,14.270000457763672,14.09000015258789,14.100000381469727
2015-06-03,21900,14.350000381469727,14.289999961853027,14.40999984741211,14.260000228881836,14.289999961853027
2015-06-02,15900,14.420000076293945,14.350000381469727,14.449999809265137,14.220000267028809,14.350000381469727
2015-06-01,14500,14.489999771118164,14.359999656677246,14.489999771118164,14.350000381469727,14.359999656677246
2015-05-29,19100,14.34000015258789,14.479999542236328,14.479999542236328,14.25,14.479999542236328
2015-05-28,9900,14.390000343322754,14.369999885559082,14.430000305175781,14.350000381469727,14.369999885559082
2015-05-27,29500,14.279999732971191,14.470000267028809,14.470000267028809,14.279999732971191,14.470000267028809
2015-05-26,23000,14.600000381469727,14.380000114440918,14.630000114440918,14.319999694824219,14.380000114440918
2015-05-22,31500,14.6899995803833,14.630000114440918,14.729999542236328,14.600000381469727,14.630000114440918
2015-05-21,26600,14.630000114440918,14.720000267028809,14.829999923706055,14.600000381469727,14.720000267028809
2015-05-20,13400,14.5600004196167,14.6899995803833,14.84000015258789,14.5600004196167,14.6899995803833
2015-05-19,23500,14.850000381469727,14.789999961853027,14.90999984741211,14.720000267028809,14.789999961853027
2015-05-18,16400,14.850000381469727,14.899999618530273,14.989999771118164,14.850000381469727,14.899999618530273
2015-05-15,15900,14.880000114440918,14.90999984741211,14.960000038146973,14.850000381469727,14.90999984741211
2015-05-14,14900,14.880000114440918,14.90999984741211,15.020000457763672,14.859999656677246,14.90999984741211
2015-05-13,7200,14.899999618530273,14.890000343322754,14.899999618530273,14.850000381469727,14.890000343322754
2015-05-12,7300,14.84000015258789,14.869999885559082,15.0,14.84000015258789,14.869999885559082
2015-05-11,8300,14.859999656677246,14.90999984741211,15.050000190734863,14.859999656677246,14.90999984741211
2015-05-08,57000,14.829999923706055,14.859999656677246,14.989999771118164,14.829999923706055,14.859999656677246
2015-05-07,18300,14.930000305175781,14.75,14.989999771118164,14.739999771118164,14.75
2015-05-06,10500,14.90999984741211,14.829999923706055,15.020000457763672,14.680000305175781,14.829999923706055
2015-05-05,18200,15.069999694824219,14.920000076293945,15.069999694824219,14.869999885559082,14.920000076293945
2015-05-04,13300,15.010000228881836,15.029999732971191,15.050000190734863,14.970000267028809,15.029999732971191
2015-05-01,35700,14.979999542236328,15.09000015258789,15.140000343322754,14.960000038146973,15.09000015258789
2015-04-30,16100,14.8100004196167,14.880000114440918,15.020000457763672,14.800000190734863,14.880000114440918
2015-04-29,21400,15.1899995803833,15.010000228881836,15.220000267028809,14.859999656677246,15.010000228881836
2015-04-28,18900,15.1899995803833,15.1899995803833,15.300000190734863,15.079999923706055,15.1899995803833
2015-04-27,33500,15.34000015258789,15.25,15.470000267028809,15.130000114440918,15.25
2015-04-24,31200,15.390000343322754,15.34000015258789,15.470000267028809,15.3100004196167,15.34000015258789
2015-04-23,39200,15.239999771118164,15.300000190734863,15.399999618530273,15.15999984741211,15.300000190734863
2015-04-22,23700,15.180000305175781,15.279999732971191,15.300000190734863,15.180000305175781,15.279999732971191
2015-04-21,27400,15.0600004196167,15.170000076293945,15.180000305175781,15.0600004196167,15.170000076293945
2015-04-20,36200,15.1899995803833,15.100000381469727,15.210000038146973,15.020000457763672,15.100000381469727
2015-04-17,10500,14.859999656677246,15.0600004196167,15.09000015258789,14.859999656677246,15.0600004196167
2015-04-16,27200,14.739999771118164,15.0,15.130000114440918,14.739999771118164,15.0
2015-04-15,34300,14.520000457763672,14.880000114440918,14.9399995803833,14.520000457763672,14.880000114440918
2015-04-14,12100,14.300000190734863,14.449999809265137,14.470000267028809,14.300000190734863,14.449999809265137
2015-04-13,49900,14.109999656677246,14.34000015258789,14.470000267028809,14.109999656677246,14.34000015258789
2015-04-10,20500,14.470000267028809,14.359999656677246,14.470000267028809,14.210000038146973,14.359999656677246
2015-04-09,8100,14.369999885559082,14.420000076293945,14.470000267028809,14.369999885559082,14.420000076293945
2015-04-08,25100,14.300000190734863,14.369999885559082,14.420000076293945,14.260000228881836,14.369999885559082
2015-04-07,21500,14.390000343322754,14.359999656677246,14.430000305175781,14.3100004196167,14.359999656677246
2015-04-06,12400,14.3100004196167,14.34000015258789,14.40999984741211,14.210000038146973,14.34000015258789
2015-04-02,27000,14.180000305175781,14.390000343322754,14.430000305175781,14.180000305175781,14.390000343322754
2015-04-01,22500,14.3100004196167,14.239999771118164,14.399999618530273,14.15999984741211,14.239999771118164
2015-03-31,7800,14.270000457763672,14.34000015258789,14.399999618530273,14.0600004196167,14.34000015258789
2015-03-30,17800,14.220000267028809,14.3100004196167,14.329999923706055,14.100000381469727,14.3100004196167
2015-03-27,13600,14.050000190734863,14.140000343322754,14.170000076293945,14.050000190734863,14.140000343322754
2015-03-26,26000,14.0600004196167,14.050000190734863,14.140000343322754,13.930000305175781,14.050000190734863
2015-03-25,36300,14.100000381469727,14.069999694824219,14.119999885559082,14.0600004196167,14.069999694824219
2015-03-24,17000,14.050000190734863,14.09000015258789,14.109999656677246,14.010000228881836,14.09000015258789
2015-03-23,15700,13.949999809265137,14.029999732971191,14.109999656677246,13.90999984741211,14.029999732971191
2015-03-20,84800,14.100000381469727,13.90999984741211,14.130000114440918,13.880000114440918,13.90999984741211
2015-03-19,39600,14.239999771118164,14.130000114440918,14.279999732971191,14.010000228881836,14.130000114440918
2015-03-18,50600,14.0600004196167,14.210000038146973,14.380000114440918,14.050000190734863,14.210000038146973
2015-03-17,36500,14.039999961853027,14.140000343322754,14.149999618530273,14.0,14.140000343322754
2015-03-16,36800,14.270000457763672,14.140000343322754,14.369999885559082,13.859999656677246,14.140000343322754
2015-03-13,21200,14.140000343322754,14.149999618530273,14.40999984741211,14.100000381469727,14.149999618530273
2015-03-12,14800,13.949999809265137,14.229999542236328,14.239999771118164,13.949999809265137,14.229999542236328
2015-03-11,40100,14.0,13.930000305175781,14.029999732971191,13.899999618530273,13.930000305175781
2015-03-10,28100,14.050000190734863,14.0600004196167,14.149999618530273,13.920000076293945,14.0600004196167
2015-03-09,36000,14.09000015258789,14.130000114440918,14.270000457763672,14.0,14.130000114440918
2015-03-06,38900,14.170000076293945,14.149999618530273,14.279999732971191,14.029999732971191,14.149999618530273
2015-03-05,10400,14.140000343322754,14.109999656677246,14.1899995803833,14.010000228881836,14.109999656677246
2015-03-04,17000,14.3100004196167,14.180000305175781,14.34000015258789,14.050000190734863,14.180000305175781
2015-03-03,11200,14.25,14.279999732971191,14.40999984741211,14.210000038146973,14.279999732971191
2015-03-02,20200,14.270000457763672,14.34000015258789,14.369999885559082,14.0,14.34000015258789
2015-02-27,34200,14.0,14.1899995803833,14.289999961853027,14.0,14.1899995803833
2015-02-26,22000,13.770000457763672,14.069999694824219,14.130000114440918,13.770000457763672,14.069999694824219
2015-02-25,55300,13.640000343322754,13.84000015258789,14.09000015258789,13.640000343322754,13.84000015258789
2015-02-24,63100,13.729999542236328,13.699999809265137,13.739999771118164,13.539999961853027,13.699999809265137
2015-02-23,80000,13.569999694824219,13.729999542236328,13.739999771118164,13.289999961853027,13.729999542236328
2015-02-20,52000,13.739999771118164,13.699999809265137,13.739999771118164,13.380000114440918,13.699999809265137
2015-02-19,69300,14.279999732971191,13.800000190734863,14.3100004196167,13.670000076293945,13.800000190734863
2015-02-18,42300,14.609999656677246,14.399999618530273,14.739999771118164,14.25,14.399999618530273
2015-02-17,34000,14.90999984741211,14.699999809265137,14.90999984741211,14.40999984741211,14.699999809265137
2015-02-13,29900,14.539999961853027,14.84000015258789,14.850000381469727,14.539999961853027,14.84000015258789
2015-02-12,54400,14.869999885559082,14.529999732971191,14.979999542236328,14.369999885559082,14.529999732971191
2015-02-11,32100,14.84000015258789,14.890000343322754,14.9399995803833,14.84000015258789,14.890000343322754
2015-02-10,29000,15.029999732971191,14.90999984741211,15.050000190734863,14.8100004196167,14.90999984741211
2015-02-09,31400,14.890000343322754,14.899999618530273,15.0,14.75,14.899999618530273
2015-02-06,55900,15.010000228881836,14.819999694824219,15.140000343322754,14.720000267028809,14.819999694824219
2015-02-05,122100,15.199999809265137,15.010000228881836,15.199999809265137,14.829999923706055,15.010000228881836
2015-02-04,134100,15.399999618530273,15.140000343322754,15.449999809265137,14.90999984741211,15.140000343322754
2015-02-03,119300,15.869999885559082,15.449999809265137,15.869999885559082,15.15999984741211,15.449999809265137
2015-02-02,28400,16.049999237060547,15.75,16.1200008392334,15.630000114440918,15.75
2015-01-30,17600,15.770000457763672,15.890000343322754,15.979999542236328,15.760000228881836,15.890000343322754
2015-01-29,24700,15.989999771118164,15.949999809265137,16.0,15.680000305175781,15.949999809265137
2015-01-28,47200,16.06999969482422,15.869999885559082,16.229999542236328,15.8100004196167,15.869999885559082
2015-01-27,62500,16.5,16.049999237060547,16.600000381469727,15.770000457763672,16.049999237060547
2015-01-26,100000,17.31999969482422,16.56999969482422,17.329999923706055,16.5,16.56999969482422
2015-01-23,77200,18.200000762939453,17.3799991607666,18.200000762939453,17.219999313354492,17.3799991607666
2015-01-22,40500,18.31999969482422,18.399999618530273,18.5,17.8799991607666,18.399999618530273
2015-01-21,87800,18.5,18.25,18.5,18.239999771118164,18.25
2015-01-20,103100,18.600000381469727,18.479999542236328,18.600000381469727,18.399999618530273,18.479999542236328
2015-01-16,50300,18.40999984741211,18.489999771118164,18.5,18.3700008392334,18.489999771118164
2015-01-15,150200,19.0,18.43000030517578,19.0,18.3799991607666,18.43000030517578
2015-01-14,61400,18.520000457763672,18.540000915527344,18.670000076293945,18.280000686645508,18.540000915527344
2015-01-13,38900,18.719999313354492,18.65999984741211,18.770000457763672,18.520000457763672,18.65999984741211
2015-01-12,17800,18.799999237060547,18.719999313354492,18.799999237060547,18.639999389648438,18.719999313354492
2015-01-09,11800,18.799999237060547,18.729999542236328,18.799999237060547,18.610000610351562,18.729999542236328
2015-01-08,54500,18.729999542236328,18.75,18.850000381469727,18.690000534057617,18.75
2015-01-07,38900,18.75,18.670000076293945,18.799999237060547,18.549999237060547,18.670000076293945
2015-01-06,29800,18.770000457763672,18.65999984741211,18.770000457763672,18.420000076293945,18.65999984741211
2015-01-05,37000,18.719999313354492,18.760000228881836,18.850000381469727,18.5,18.760000228881836
2015-01-02,13300,18.649999618530273,18.739999771118164,18.799999237060547,18.56999969482422,18.739999771118164
2014-12-31,44000,18.5,18.649999618530273,18.649999618530273,18.5,18.649999618530273
2014-12-30,56900,18.56999969482422,18.549999237060547,18.649999618530273,18.469999313354492,18.549999237060547
2014-12-29,19400,18.520000457763672,18.6200008392334,18.6200008392334,18.1200008392334,18.6200008392334
2014-12-26,29600,18.549999237060547,18.59000015258789,18.68000030517578,18.549999237060547,18.59000015258789
2014-12-24,32800,18.56999969482422,18.56999969482422,18.700000762939453,18.489999771118164,18.56999969482422
2014-12-23,41400,18.559999465942383,18.600000381469727,18.649999618530273,18.5,18.600000381469727
2014-12-22,90600,18.719999313354492,18.639999389648438,18.889999389648438,18.40999984741211,18.639999389648438
2014-12-19,35200,18.920000076293945,18.799999237060547,19.040000915527344,18.75,18.799999237060547
2014-12-18,95300,19.200000762939453,18.920000076293945,19.200000762939453,18.780000686645508,18.920000076293945
2014-12-17,72200,18.8799991607666,18.940000534057617,19.06999969482422,18.850000381469727,18.940000534057617
2014-12-16,61400,18.770000457763672,18.940000534057617,19.190000534057617,18.719999313354492,18.940000534057617
2014-12-15,65700,19.059999465942383,18.979999542236328,19.209999084472656,18.81999969482422,18.979999542236328
2014-12-12,231800,18.420000076293945,19.0,19.5,18.350000381469727,19.0
2014-12-11,62600,18.450000762939453,18.450000762939453,18.6299991607666,18.149999618530273,18.450000762939453
2014-12-10,74900,18.309999465942383,18.309999465942383,18.649999618530273,18.270000457763672,18.309999465942383
2014-12-09,35000,18.56999969482422,18.329999923706055,18.56999969482422,18.049999237060547,18.329999923706055
2014-12-08,74500,18.639999389648438,18.56999969482422,18.829999923706055,18.469999313354492,18.56999969482422
2014-12-05,130500,19.5,18.639999389648438,19.5,18.40999984741211,18.639999389648438
2014-12-04,567400,19.649999618530273,19.489999771118164,19.700000762939453,19.420000076293945,19.489999771118164
2014-12-03,96900,19.790000915527344,19.700000762939453,19.950000762939453,19.40999984741211,19.700000762939453
2014-12-02,120100,22.75,22.649999618530273,22.75,22.520000457763672,19.788000106811523
2014-12-01,63700,22.600000381469727,22.3700008392334,22.649999618530273,22.3700008392334,19.543380737304688
2014-11-28,24900,22.520000457763672,22.530000686645508,22.65999984741211,22.5,19.683162689208984
2014-11-26,59600,22.399999618530273,22.469999313354492,22.600000381469727,22.399999618530273,19.6307430267334
2014-11-25,30600,22.420000076293945,22.43000030517578,22.5,22.350000381469727,19.59579849243164
2014-11-24,125300,22.469999313354492,22.399999618530273,22.739999771118164,22.360000610351562,19.569589614868164
2014-11-21,39300,22.479999542236328,22.360000610351562,22.540000915527344,22.350000381469727,19.534645080566406
2014-11-20,20900,22.399999618530273,22.360000610351562,22.510000228881836,22.350000381469727,19.534645080566406
2014-11-19,10300,22.350000381469727,22.420000076293945,22.5,22.350000381469727,19.58706283569336
2014-11-18,16600,22.40999984741211,22.389999389648438,22.489999771118164,22.34000015258789,19.56085205078125
2014-11-17,26600,22.3799991607666,22.350000381469727,22.5,22.299999237060547,19.525907516479492
2014-11-14,13400,22.6299991607666,22.5,22.649999618530273,22.459999084472656,19.656953811645508
2014-11-13,17700,22.719999313354492,22.59000015258789,22.729999542236328,22.489999771118164,19.73558235168457
2014-11-12,125500,22.450000762939453,22.690000534057617,22.75,22.280000686645508,19.822946548461914
2014-11-11,58800,22.309999465942383,22.6200008392334,22.700000762939453,22.219999313354492,19.761791229248047
2014-11-10,57100,22.290000915527344,22.3700008392334,22.729999542236328,22.280000686645508,19.543380737304688
2014-11-07,103300,22.190000534057617,22.540000915527344,22.829999923706055,22.15999984741211,19.6919002532959
2014-11-06,36200,22.15999984741211,22.360000610351562,22.3700008392334,22.15999984741211,19.534645080566406
2014-11-05,17500,22.440000534057617,22.219999313354492,22.440000534057617,22.15999984741211,19.41233253479004
2014-11-04,15500,22.729999542236328,22.399999618530273,22.729999542236328,22.270000457763672,19.569589614868164
2014-11-03,52700,22.5,22.670000076293945,22.75,22.229999542236328,19.80547332763672
2014-10-31,129900,22.31999969482422,22.510000228881836,22.610000610351562,21.81999969482422,19.66568946838379
2014-10-30,14400,21.81999969482422,21.969999313354492,22.020000457763672,21.81999969482422,19.19392204284668
2014-10-29,81900,22.209999084472656,21.940000534057617,22.270000457763672,21.760000228881836,19.167715072631836
2014-10-28,157900,24.899999618530273,25.219999313354492,25.260000228881836,24.8700008392334,19.414081573486328
2014-10-27,71000,25.079999923706055,24.93000030517578,25.079999923706055,24.81999969482422,19.19084358215332
2014-10-24,78500,24.90999984741211,25.030000686645508,25.100000381469727,24.899999618530273,19.267822265625
2014-10-23,76100,25.0,25.0,25.1299991607666,24.940000534057617,19.244728088378906
2014-10-22,64000,25.049999237060547,24.979999542236328,25.229999542236328,24.8799991607666,19.229331970214844
2014-10-21,199200,24.8700008392334,24.989999771118164,25.049999237060547,24.510000228881836,19.237030029296875
2014-10-20,171300,25.0,24.6299991607666,25.0,24.049999237060547,18.95990562438965
2014-10-17,21600,23.780000686645508,24.040000915527344,24.09000015258789,23.780000686645508,18.50572967529297
2014-10-16,20300,23.520000457763672,23.760000228881836,23.84000015258789,23.309999465942383,18.290189743041992
2014-10-15,62300,23.43000030517578,23.600000381469727,23.780000686645508,23.290000915527344,18.167022705078125
2014-10-14,10700,23.65999984741211,23.450000762939453,23.989999771118164,23.3799991607666,18.05155372619629
2014-10-13,29800,24.260000228881836,23.440000534057617,24.260000228881836,23.43000030517578,18.04385757446289
2014-10-10,89200,24.360000610351562,24.209999084472656,24.540000915527344,24.1200008392334,18.636592864990234
2014-10-09,85900,24.56999969482422,24.40999984741211,24.799999237060547,24.149999618530273,18.790552139282227
2014-10-08,30700,24.290000915527344,24.6299991607666,24.75,24.25,18.95990562438965
2014-10-07,32200,24.329999923706055,24.56999969482422,24.639999389648438,24.239999771118164,18.91371726989746
2014-10-06,11100,24.270000457763672,24.350000381469727,24.440000534057617,24.260000228881836,18.744365692138672
2014-10-03,34400,24.1299991607666,24.450000762939453,24.65999984741211,24.030000686645508,18.82134437561035
2014-10-02,104000,23.860000610351562,23.989999771118164,24.75,23.709999084472656,18.467241287231445
2014-10-01,96700,24.0,23.860000610351562,24.0,23.3799991607666,18.367168426513672
2014-09-30,25900,23.75,24.010000228881836,24.229999542236328,23.75,18.482637405395508
2014-09-29,17000,23.31999969482422,23.799999237060547,23.860000610351562,23.290000915527344,18.320980072021484
2014-09-26,74800,23.5,23.530000686645508,23.6299991607666,23.5,18.11313819885254
2014-09-25,27700,23.68000030517578,23.5,23.700000762939453,23.389999389648438,18.090044021606445
2014-09-24,76200,23.690000534057617,23.709999084472656,23.829999923706055,23.600000381469727,18.251699447631836
2014-09-23,69600,23.860000610351562,23.700000762939453,23.979999542236328,23.510000228881836,18.244001388549805
2014-09-22,40300,24.049999237060547,23.829999923706055,24.09000015258789,23.770000457763672,18.344074249267578
2014-09-19,46800,24.079999923706055,24.059999465942383,24.260000228881836,24.030000686645508,18.52112579345703
2014-09-18,23700,24.239999771118164,24.110000610351562,24.350000381469727,24.020000457763672,18.559616088867188
2014-09-17,52800,24.020000457763672,24.1299991607666,24.219999313354492,24.0,18.575010299682617
2014-09-16,43400,23.6200008392334,24.010000228881836,24.010000228881836,23.6200008392334,18.482637405395508
2014-09-15,73200,24.280000686645508,23.90999984741211,24.34000015258789,23.59000015258789,18.405656814575195
2014-09-12,46900,24.149999618530273,24.350000381469727,24.459999084472656,24.149999618530273,18.744365692138672
2014-09-11,39300,24.0,24.079999923706055,24.3799991607666,24.0,18.536521911621094
2014-09-10,52000,23.790000915527344,24.059999465942383,24.18000030517578,23.709999084472656,18.52112579345703
2014-09-09,85100,23.479999542236328,23.649999618530273,23.799999237060547,23.479999542236328,18.20551300048828
2014-09-08,18100,23.25,23.520000457763672,23.600000381469727,23.25,18.105440139770508
2014-09-05,37800,23.25,23.270000457763672,23.31999969482422,23.049999237060547,17.912992477416992
2014-09-04,26700,23.100000381469727,23.149999618530273,23.280000686645508,23.030000686645508,17.82061767578125
2014-09-03,47800,23.079999923706055,23.100000381469727,23.31999969482422,23.059999465942383,17.782129287719727
2014-09-02,37200,22.90999984741211,23.06999969482422,23.110000610351562,22.899999618530273,17.759035110473633
2014-08-29,31800,22.75,22.959999084472656,22.989999771118164,22.709999084472656,17.67435646057129
2014-08-28,30800,22.600000381469727,22.719999313354492,22.75,22.600000381469727,17.489606857299805
2014-08-27,21900,22.65999984741211,22.600000381469727,22.75,22.540000915527344,17.397233963012695
2014-08-26,24200,22.5,22.670000076293945,22.739999771118164,22.5,17.45111846923828
2014-08-25,19300,22.43000030517578,22.540000915527344,22.6200008392334,22.350000381469727,17.351045608520508
2014-08-22,11300,22.3700008392334,22.469999313354492,22.469999313354492,22.350000381469727,17.297161102294922
2014-08-21,31100,22.510000228881836,22.520000457763672,22.610000610351562,22.399999618530273,17.335651397705078
2014-08-20,15300,22.510000228881836,22.549999237060547,22.6200008392334,22.510000228881836,17.35874366760254
2014-08-19,41300,22.43000030517578,22.530000686645508,22.75,22.40999984741211,17.34334945678711
2014-08-18,39000,22.399999618530273,22.489999771118164,22.540000915527344,22.290000915527344,17.312557220458984
2014-08-15,23500,22.329999923706055,22.290000915527344,22.389999389648438,21.979999542236328,17.158601760864258
2014-08-14,17500,21.920000076293945,22.280000686645508,22.399999618530273,21.920000076293945,17.150901794433594
2014-08-13,41500,22.0,22.0,22.049999237060547,21.739999771118164,16.935361862182617
2014-08-12,18200,21.719999313354492,21.989999771118164,22.049999237060547,21.719999313354492,16.927661895751953
2014-08-11,22400,21.56999969482422,21.799999237060547,21.8700008392334,21.549999237060547,16.781400680541992
2014-08-08,7000,21.450000762939453,21.440000534057617,21.5,21.350000381469727,16.5042781829834
2014-08-07,37300,21.40999984741211,21.3700008392334,21.5,21.170000076293945,16.450393676757812
2014-08-06,22300,21.209999084472656,21.350000381469727,21.440000534057617,21.190000534057617,16.43499755859375
2014-08-05,19200,21.229999542236328,21.290000915527344,21.399999618530273,21.200000762939453,16.388811111450195
2014-08-04,32500,21.389999389648438,21.360000610351562,21.399999618530273,21.18000030517578,16.44269561767578
2014-08-01,14300,21.420000076293945,21.389999389648438,21.440000534057617,21.15999984741211,16.465787887573242
2014-07-31,33200,21.670000076293945,21.3799991607666,21.68000030517578,21.360000610351562,16.458091735839844
2014-07-30,81100,21.59000015258789,21.770000457763672,21.850000381469727,21.549999237060547,16.75830841064453
2014-07-29,27600,21.110000610351562,21.06999969482422,21.229999542236328,21.06999969482422,16.21945571899414
2014-07-28,24300,21.15999984741211,21.100000381469727,21.200000762939453,21.079999923706055,16.242549896240234
2014-07-25,34400,21.15999984741211,21.06999969482422,21.15999984741211,21.030000686645508,16.21945571899414
2014-07-24,172900,21.1200008392334,21.18000030517578,21.280000686645508,21.010000228881836,16.30413246154785
2014-07-23,26000,20.739999771118164,20.8700008392334,20.920000076293945,20.700000762939453,16.065500259399414
2014-07-22,34300,20.84000015258789,20.719999313354492,20.84000015258789,20.700000762939453,15.950030326843262
2014-07-21,23500,20.479999542236328,20.700000762939453,20.780000686645508,20.479999542236328,15.934635162353516
2014-07-18,37400,20.549999237060547,20.56999969482422,20.56999969482422,20.260000228881836,15.834561347961426
2014-07-17,37000,20.790000915527344,20.420000076293945,20.809999465942383,20.420000076293945,15.719094276428223
2014-07-16,24400,20.790000915527344,20.770000457763672,20.799999237060547,20.65999984741211,15.988519668579102
2014-07-15,19400,20.93000030517578,20.729999542236328,20.93000030517578,20.6299991607666,15.957727432250977
2014-07-14,26000,20.809999465942383,20.850000381469727,20.899999618530273,20.729999542236328,16.05010223388672
2014-07-11,76900,20.56999969482422,20.760000228881836,20.799999237060547,20.56999969482422,15.980822563171387
2014-07-10,42500,20.6200008392334,20.690000534057617,20.790000915527344,20.549999237060547,15.926937103271484
2014-07-09,29800,20.68000030517578,20.81999969482422,20.889999389648438,20.68000030517578,16.027008056640625
2014-07-08,35900,21.09000015258789,20.770000457763672,21.09000015258789,20.649999618530273,15.988519668579102
2014-07-07,25800,21.229999542236328,21.139999389648438,21.280000686645508,21.09000015258789,16.273340225219727
2014-07-03,16300,21.719999313354492,21.25,21.719999313354492,21.190000534057617,16.35801887512207
2014-07-02,42700,21.610000610351562,21.440000534057617,21.84000015258789,21.399999618530273,16.5042781829834
2014-07-01,99700,21.299999237060547,21.510000228881836,21.639999389648438,21.299999237060547,16.558162689208984
2014-06-30,66500,21.0,21.25,21.3700008392334,21.0,16.35801887512207
2014-06-27,1346000,20.829999923706055,21.09000015258789,21.09000015258789,20.760000228881836,16.234853744506836
2014-06-26,40000,20.780000686645508,20.93000030517578,21.09000015258789,20.780000686645508,16.111684799194336
2014-06-25,57900,20.559999465942383,20.829999923706055,20.860000610351562,20.559999465942383,16.03470802307129
2014-06-24,49700,20.850000381469727,20.729999542236328,21.049999237060547,20.639999389648438,15.957727432250977
2014-06-23,29700,20.8799991607666,20.950000762939453,21.010000228881836,20.81999969482422,16.12708282470703
2014-06-20,67500,21.09000015258789,20.899999618530273,21.18000030517578,20.770000457763672,16.088592529296875
2014-06-19,26600,21.110000610351562,21.079999923706055,21.200000762939453,20.959999084472656,16.227155685424805
2014-06-18,35800,21.040000915527344,21.100000381469727,21.170000076293945,20.8700008392334,16.242549896240234
2014-06-17,33600,21.110000610351562,21.1200008392334,21.15999984741211,20.920000076293945,16.25794792175293
2014-06-16,57500,20.969999313354492,21.1200008392334,21.1200008392334,20.969999313354492,16.25794792175293
2014-06-13,42700,21.15999984741211,21.049999237060547,21.15999984741211,20.8700008392334,16.20406150817871
2014-06-12,29500,20.969999313354492,21.059999465942383,21.139999389648438,20.969999313354492,16.21175765991211
2014-06-11,25600,21.020000457763672,21.06999969482422,21.15999984741211,20.93000030517578,16.21945571899414
2014-06-10,36500,20.950000762939453,21.110000610351562,21.18000030517578,20.75,16.250247955322266
2014-06-09,66500,20.959999084472656,20.950000762939453,21.139999389648438,20.84000015258789,16.12708282470703
2014-06-06,57900,20.90999984741211,20.979999542236328,21.100000381469727,20.780000686645508,16.150175094604492
2014-06-05,103800,20.729999542236328,20.790000915527344,20.989999771118164,20.65999984741211,16.003917694091797
2014-06-04,44000,20.760000228881836,20.68000030517578,20.860000610351562,20.56999969482422,15.919238090515137
2014-06-03,55000,20.739999771118164,20.770000457763672,20.889999389648438,20.540000915527344,15.988519668579102
2014-06-02,48200,20.75,20.739999771118164,21.030000686645508,20.709999084472656,15.965426445007324
2014-05-30,70400,21.09000015258789,20.809999465942383,21.09000015258789,20.610000610351562,16.019309997558594
2014-05-29,37600,20.950000762939453,21.020000457763672,21.149999618530273,20.950000762939453,16.180967330932617
2014-05-28,46900,20.690000534057617,20.920000076293945,21.079999923706055,20.65999984741211,16.103988647460938
2014-05-27,41900,20.719999313354492,20.829999923706055,20.850000381469727,20.68000030517578,16.03470802307129
2014-05-23,35100,20.690000534057617,20.649999618530273,20.709999084472656,20.549999237060547,15.89614486694336
2014-05-22,45600,20.959999084472656,20.770000457763672,20.959999084472656,20.600000381469727,15.988519668579102
2014-05-21,126500,20.739999771118164,20.709999084472656,21.020000457763672,20.549999237060547,15.94233226776123
2014-05-20,71600,20.90999984741211,20.709999084472656,21.059999465942383,20.510000228881836,15.94233226776123
2014-05-19,38500,20.700000762939453,20.899999618530273,21.06999969482422,20.479999542236328,16.088592529296875
2014-05-16,36300,20.489999771118164,20.719999313354492,20.719999313354492,20.440000534057617,15.950030326843262
2014-05-15,88200,20.610000610351562,20.540000915527344,20.719999313354492,20.200000762939453,15.811469078063965
2014-05-14,94600,20.899999618530273,20.760000228881836,20.959999084472656,20.760000228881836,15.980822563171387
2014-05-13,94400,21.06999969482422,20.889999389648438,21.200000762939453,20.81999969482422,16.08089256286621
2014-05-12,37500,20.719999313354492,21.0,21.040000915527344,20.709999084472656,16.165571212768555
2014-05-09,79800,20.799999237060547,20.639999389648438,21.06999969482422,20.600000381469727,15.888445854187012
2014-05-08,53000,20.670000076293945,20.950000762939453,21.09000015258789,20.610000610351562,16.12708282470703
2014-05-07,87200,20.989999771118164,20.709999084472656,20.989999771118164,20.5,15.94233226776123
2014-05-06,108000,21.15999984741211,20.729999542236328,21.15999984741211,20.719999313354492,15.957727432250977
2014-05-05,45900,21.110000610351562,21.219999313354492,21.34000015258789,20.989999771118164,16.334922790527344
2014-05-02,268300,20.389999389648438,21.309999465942383,21.81999969482422,20.389999389648438,16.404205322265625
2014-05-01,62900,19.600000381469727,19.56999969482422,19.860000610351562,19.40999984741211,15.064772605895996
2014-04-30,73300,19.860000610351562,19.559999465942383,19.93000030517578,19.420000076293945,15.057075500488281
2014-04-29,45600,20.079999923706055,19.979999542236328,20.110000610351562,19.860000610351562,15.380385398864746
2014-04-28,51300,20.040000915527344,19.93000030517578,20.219999313354492,19.809999465942383,15.341897964477539
2014-04-25,40600,20.65999984741211,20.020000457763672,20.889999389648438,19.8799991607666,15.411177635192871
2014-04-24,62000,20.75,20.809999465942383,21.0,20.510000228881836,16.019309997558594
2014-04-23,33900,20.850000381469727,20.6200008392334,20.90999984741211,20.559999465942383,15.873052597045898
2014-04-22,73900,20.549999237060547,20.860000610351562,20.940000534057617,20.549999237060547,16.057802200317383
2014-04-21,32300,20.149999618530273,20.520000457763672,20.68000030517578,20.149999618530273,15.796072006225586
2014-04-17,51900,20.1200008392334,20.030000686645508,20.229999542236328,19.760000228881836,15.418876647949219
2014-04-16,75900,20.540000915527344,20.09000015258789,20.540000915527344,20.020000457763672,15.46506404876709
2014-04-15,80400,20.420000076293945,20.3700008392334,20.5,19.450000762939453,15.680604934692383
2014-04-14,93300,20.600000381469727,20.43000030517578,20.700000762939453,20.1200008392334,15.726791381835938
2014-04-11,111000,20.440000534057617,20.350000381469727,20.799999237060547,20.31999969482422,15.665207862854004
2014-04-10,128900,20.889999389648438,20.649999618530273,21.31999969482422,20.610000610351562,15.89614486694336
2014-04-09,49800,21.200000762939453,21.200000762939453,21.290000915527344,20.93000030517578,16.319530487060547
2014-04-08,81500,20.719999313354492,21.049999237060547,21.549999237060547,20.719999313354492,16.20406150817871
2014-04-07,130700,21.309999465942383,20.760000228881836,21.309999465942383,20.5,15.980822563171387
2014-04-04,180400,21.549999237060547,21.459999084472656,21.780000686645508,21.270000457763672,16.51967430114746
2014-04-03,112500,21.459999084472656,21.5,21.690000534057617,21.399999618530273,16.550466537475586
2014-04-02,130200,21.729999542236328,21.549999237060547,21.899999618530273,21.399999618530273,16.58895492553711
2014-04-01,76600,21.290000915527344,21.6299991607666,21.799999237060547,21.100000381469727,16.65053939819336
2014-03-31,81700,21.010000228881836,21.350000381469727,21.649999618530273,21.0,16.43499755859375
2014-03-28,61300,21.34000015258789,21.059999465942383,21.690000534057617,20.739999771118164,16.21175765991211
2014-03-27,25300,21.40999984741211,21.3700008392334,21.6299991607666,21.06999969482422,16.450393676757812
2014-03-26,54000,22.3700008392334,21.440000534057617,22.610000610351562,21.389999389648438,16.5042781829834
2014-03-25,66800,22.360000610351562,22.299999237060547,22.690000534057617,22.040000915527344,17.166296005249023
2014-03-24,74100,22.889999389648438,22.18000030517578,22.93000030517578,22.1200008392334,17.073923110961914
2014-03-21,104300,23.059999465942383,22.969999313354492,23.389999389648438,22.5,17.68205451965332
2014-03-20,53900,23.34000015258789,22.969999313354492,23.729999542236328,22.8799991607666,17.68205451965332
2014-03-19,61700,23.290000915527344,23.420000076293945,23.940000534057617,23.06999969482422,18.028461456298828
2014-03-18,55600,23.469999313354492,23.34000015258789,23.700000762939453,23.15999984741211,17.966876983642578
2014-03-17,72900,23.649999618530273,23.520000457763672,23.649999618530273,23.25,18.105440139770508
2014-03-14,26800,23.440000534057617,23.459999084472656,23.68000030517578,23.040000915527344,18.05925178527832
2014-03-13,50200,24.100000381469727,23.59000015258789,24.290000915527344,23.559999465942383,18.159324645996094
2014-03-12,42400,24.170000076293945,24.110000610351562,24.360000610351562,23.6299991607666,18.559616088867188
2014-03-11,96300,24.06999969482422,24.40999984741211,24.450000762939453,23.440000534057617,18.790552139282227
2014-03-10,74600,24.0,23.959999084472656,24.239999771118164,23.510000228881836,18.44414520263672
2014-03-07,40100,24.040000915527344,24.059999465942383,24.200000762939453,23.770000457763672,18.52112579345703
2014-03-06,61700,23.530000686645508,24.0,24.040000915527344,23.469999313354492,18.474937438964844
2014-03-05,105800,23.6299991607666,23.549999237060547,23.719999313354492,23.020000457763672,18.12853240966797
2014-03-04,65600,23.5,23.729999542236328,23.940000534057617,23.3700008392334,18.2670955657959
2014-03-03,10400,23.700000762939453,23.3700008392334,23.700000762939453,23.260000228881836,17.989971160888672
2014-02-28,18400,24.020000457763672,23.889999389648438,24.049999237060547,23.770000457763672,18.390260696411133
2014-02-27,18400,23.670000076293945,23.93000030517578,24.09000015258789,23.270000457763672,18.421052932739258
2014-02-26,18600,23.5,23.850000381469727,23.850000381469727,23.280000686645508,18.35947036743164
2014-02-25,17900,24.010000228881836,23.600000381469727,24.010000228881836,23.299999237060547,18.167022705078125
2014-02-24,37900,24.100000381469727,23.979999542236328,24.149999618530273,23.809999465942383,18.459543228149414
2014-02-21,41700,23.899999618530273,23.989999771118164,24.1200008392334,23.809999465942383,18.467241287231445
2014-02-20,55500,23.799999237060547,23.799999237060547,24.149999618530273,23.639999389648438,18.320980072021484
2014-02-19,25000,23.81999969482422,23.65999984741211,23.989999771118164,23.610000610351562,18.21320915222168
2014-02-18,48000,23.600000381469727,23.969999313354492,23.969999313354492,23.420000076293945,18.451845169067383
2014-02-14,37700,23.690000534057617,23.649999618530273,23.690000534057617,23.229999542236328,18.20551300048828
2014-02-13,33000,22.780000686645508,23.690000534057617,23.700000762939453,22.780000686645508,18.236305236816406
2014-02-12,34000,23.049999237060547,23.0,23.25,22.850000381469727,17.705148696899414
2014-02-11,25200,22.959999084472656,23.06999969482422,23.200000762939453,22.770000457763672,17.759035110473633
2014-02-10,58100,23.229999542236328,23.030000686645508,23.75,22.729999542236328,17.72824478149414
2014-02-07,38700,22.729999542236328,23.139999389648438,23.209999084472656,22.729999542236328,17.81291961669922
2014-02-06,67800,23.6200008392334,22.739999771118164,23.670000076293945,22.6200008392334,17.5050048828125
2014-02-05,33200,23.940000534057617,23.760000228881836,23.950000762939453,23.40999984741211,18.290189743041992
2014-02-04,61600,23.799999237060547,24.030000686645508,24.200000762939453,23.68000030517578,18.498031616210938
2014-02-03,69700,24.079999923706055,23.6299991607666,24.200000762939453,23.350000381469727,18.190114974975586
2014-01-31,68200,23.75,23.959999084472656,24.149999618530273,23.34000015258789,18.44414520263672
2014-01-30,140500,23.760000228881836,24.190000534057617,24.299999237060547,23.65999984741211,18.621200561523438
2014-01-29,100300,22.799999237060547,23.260000228881836,23.729999542236328,22.770000457763672,17.90529441833496
2014-01-28,106200,22.989999771118164,22.950000762939453,23.3799991607666,22.8700008392334,17.666662216186523
2014-01-27,58800,23.600000381469727,22.959999084472656,23.600000381469727,22.5,17.67435646057129
2014-01-24,67200,23.549999237060547,23.479999542236328,23.559999465942383,23.309999465942383,18.074647903442383
2014-01-23,30200,23.520000457763672,23.56999969482422,23.719999313354492,23.5,18.143930435180664
2014-01-22,25500,23.860000610351562,23.709999084472656,23.969999313354492,23.649999618530273,18.251699447631836
2014-01-21,39600,24.06999969482422,23.920000076293945,24.06999969482422,23.829999923706055,18.413354873657227
2014-01-17,46400,24.049999237060547,23.969999313354492,24.1200008392334,23.860000610351562,18.451845169067383
2014-01-16,78400,23.979999542236328,24.049999237060547,24.299999237060547,23.760000228881836,18.513427734375
2014-01-15,109000,23.739999771118164,23.950000762939453,24.0,23.719999313354492,18.43644905090332
2014-01-14,63500,23.829999923706055,23.760000228881836,23.899999618530273,23.5,18.290189743041992
2014-01-13,166300,23.479999542236328,23.65999984741211,24.0,23.350000381469727,18.21320915222168
2014-01-10,131300,23.360000610351562,23.6200008392334,23.739999771118164,23.299999237060547,18.182418823242188
2014-01-09,96300,23.420000076293945,23.450000762939453,23.5,23.110000610351562,18.05155372619629
2014-01-08,25600,23.489999771118164,23.510000228881836,23.700000762939453,23.219999313354492,18.097742080688477
2014-01-07,33600,23.549999237060547,23.579999923706055,23.729999542236328,23.5,18.151626586914062
2014-01-06,59100,23.670000076293945,23.549999237060547,23.670000076293945,23.350000381469727,18.12853240966797
2014-01-03,51600,23.420000076293945,23.6299991607666,23.68000030517578,23.399999618530273,18.190114974975586
2014-01-02,38200,23.1299991607666,23.40999984741211,23.459999084472656,22.850000381469727,18.020763397216797
2013-12-31,50400,22.809999465942383,23.170000076293945,23.229999542236328,22.809999465942383,17.836013793945312
2013-12-30,70100,23.56999969482422,22.8799991607666,23.56999969482422,22.709999084472656,17.612773895263672
2013-12-27,85400,24.0,23.690000534057617,24.0,23.559999465942383,18.236305236816406
2013-12-26,94100,24.260000228881836,24.200000762939453,24.5,23.719999313354492,18.628896713256836
2013-12-24,55600,23.530000686645508,24.25,24.25,23.329999923706055,18.66738510131836
2013-12-23,66000,23.100000381469727,23.540000915527344,23.549999237060547,22.81999969482422,18.12083625793457
2013-12-20,104300,22.75,23.0,23.040000915527344,22.299999237060547,17.705148696899414
2013-12-19,55300,22.510000228881836,22.709999084472656,22.75,22.5,17.481908798217773
2013-12-18,63000,22.5,22.65999984741211,22.700000762939453,22.290000915527344,17.443422317504883
2013-12-17,55100,22.329999923706055,22.520000457763672,22.600000381469727,22.18000030517578,17.335651397705078
2013-12-16,45900,22.229999542236328,22.399999618530273,22.459999084472656,22.229999542236328,17.243276596069336
2013-12-13,43900,22.450000762939453,22.479999542236328,22.59000015258789,22.18000030517578,17.060834884643555
2013-12-12,31800,22.200000762939453,22.34000015258789,22.489999771118164,22.15999984741211,16.9545841217041
2013-12-11,46100,21.81999969482422,22.1200008392334,22.280000686645508,21.81999969482422,16.787620544433594
2013-12-10,78900,22.18000030517578,22.15999984741211,22.31999969482422,21.90999984741211,16.817977905273438
2013-12-09,50400,21.670000076293945,22.049999237060547,22.190000534057617,21.5,16.7344913482666
2013-12-06,40200,21.940000534057617,21.760000228881836,21.940000534057617,21.510000228881836,16.514404296875
2013-12-05,40100,21.65999984741211,21.81999969482422,21.93000030517578,21.450000762939453,16.559940338134766
2013-12-04,48200,21.399999618530273,21.6299991607666,21.670000076293945,21.260000228881836,16.415740966796875
2013-12-03,35800,21.290000915527344,21.459999084472656,21.5,21.170000076293945,16.28672218322754
2013-12-02,66300,21.149999618530273,21.43000030517578,21.459999084472656,21.149999618530273,16.263954162597656
2013-11-29,19800,21.399999618530273,21.149999618530273,21.399999618530273,21.049999237060547,16.05145263671875
2013-11-27,41800,21.06999969482422,21.290000915527344,21.350000381469727,21.049999237060547,16.157705307006836
2013-11-26,107500,21.520000457763672,21.149999618530273,21.709999084472656,20.799999237060547,16.05145263671875
2013-11-25,68200,22.020000457763672,21.559999465942383,22.020000457763672,21.40999984741211,16.36261558532715
2013-11-22,88300,22.200000762939453,22.15999984741211,22.200000762939453,21.799999237060547,16.817977905273438
2013-11-21,46000,22.079999923706055,22.200000762939453,22.219999313354492,21.90999984741211,16.84833526611328
2013-11-20,46400,21.790000915527344,21.979999542236328,22.059999465942383,21.6200008392334,16.681367874145508
2013-11-19,68000,21.420000076293945,21.709999084472656,21.790000915527344,21.31999969482422,16.476455688476562
2013-11-18,100900,21.6200008392334,21.639999389648438,21.739999771118164,21.149999618530273,16.423330307006836
2013-11-15,64000,21.739999771118164,21.75,21.8700008392334,21.600000381469727,16.50681495666504
2013-11-14,69800,21.739999771118164,21.809999465942383,21.899999618530273,21.600000381469727,16.552349090576172
2013-11-13,53900,21.1200008392334,21.84000015258789,21.84000015258789,21.030000686645508,16.575117111206055
2013-11-12,154800,21.549999237060547,21.360000610351562,21.760000228881836,21.1200008392334,16.21082878112793
2013-11-11,120900,21.950000762939453,21.700000762939453,22.219999313354492,21.639999389648438,16.468868255615234
2013-11-08,136200,22.31999969482422,22.440000534057617,22.940000534057617,22.299999237060547,17.030479431152344
2013-11-07,625400,23.700000762939453,22.299999237060547,23.899999618530273,21.719999313354492,16.924226760864258
2013-11-06,253400,24.950000762939453,23.790000915527344,24.950000762939453,23.040000915527344,18.055038452148438
2013-11-05,106600,24.809999465942383,24.670000076293945,25.0,24.399999618530273,18.722902297973633
2013-11-04,159800,24.309999465942383,24.670000076293945,25.0,24.110000610351562,18.722902297973633
2013-11-01,55800,23.350000381469727,23.969999313354492,24.0,23.350000381469727,18.191646575927734
2013-10-31,105200,24.0,23.309999465942383,24.0,23.110000610351562,17.690750122070312
2013-10-30,40200,24.739999771118164,24.1299991607666,24.739999771118164,24.040000915527344,18.31307601928711
2013-10-29,104400,23.989999771118164,24.65999984741211,24.940000534057617,23.510000228881836,18.71531105041504
2013-10-28,147700,24.700000762939453,23.8799991607666,24.799999237060547,23.360000610351562,18.123342514038086
2013-10-25,177600,25.450000762939453,24.639999389648438,25.450000762939453,24.34000015258789,18.700132369995117
2013-10-24,29100,25.75,25.610000610351562,26.0,25.600000381469727,19.436298370361328
2013-10-23,28600,25.700000762939453,25.700000762939453,25.989999771118164,25.549999237060547,19.50460433959961
2013-10-22,72100,26.200000762939453,25.709999084472656,26.420000076293945,25.600000381469727,19.512191772460938
2013-10-21,105200,25.920000076293945,26.15999984741211,26.329999923706055,25.850000381469727,19.85371208190918
2013-10-18,139400,25.56999969482422,25.760000228881836,25.8700008392334,25.399999618530273,19.550140380859375
2013-10-17,86800,25.1299991607666,25.270000457763672,25.5,25.010000228881836,19.17826271057129
2013-10-16,71800,24.940000534057617,25.0,25.190000534057617,24.75,18.97334861755371
2013-10-15,58600,25.0,24.690000534057617,25.219999313354492,24.649999618530273,18.738080978393555
2013-10-14,39700,24.809999465942383,24.889999389648438,25.0,24.510000228881836,18.889867782592773
2013-10-11,107100,24.739999771118164,24.93000030517578,25.049999237060547,24.399999618530273,18.920225143432617
2013-10-10,91600,24.510000228881836,24.739999771118164,24.780000686645508,24.399999618530273,18.776025772094727
2013-10-09,130200,25.360000610351562,24.15999984741211,25.360000610351562,24.149999618530273,18.335844039916992
2013-10-08,135400,25.459999084472656,25.139999389648438,25.739999771118164,25.0,19.079599380493164
2013-10-07,175100,24.600000381469727,25.170000076293945,25.479999542236328,24.600000381469727,19.10236930847168
2013-10-04,184600,25.110000610351562,24.770000457763672,25.200000762939453,24.510000228881836,18.798795700073242
2013-10-03,81100,24.649999618530273,24.59000015258789,24.790000915527344,24.5,18.662187576293945
2013-10-02,55400,24.469999313354492,24.540000915527344,24.6299991607666,24.260000228881836,18.62424087524414
2013-10-01,46500,24.5,24.440000534057617,24.649999618530273,24.299999237060547,18.54834747314453
2013-09-30,58500,24.440000534057617,24.479999542236328,24.700000762939453,24.200000762939453,18.578704833984375
2013-09-27,37700,24.549999237060547,24.3799991607666,24.780000686645508,24.34000015258789,18.502809524536133
2013-09-26,62700,24.719999313354492,24.6200008392334,24.8799991607666,24.600000381469727,18.684955596923828
2013-09-25,117800,24.81999969482422,24.5,24.989999771118164,24.450000762939453,18.593881607055664
2013-09-24,57100,24.18000030517578,24.329999923706055,24.450000762939453,24.010000228881836,18.464862823486328
2013-09-23,58900,24.100000381469727,24.219999313354492,24.299999237060547,23.899999618530273,18.381380081176758
2013-09-20,97000,24.079999923706055,23.969999313354492,24.440000534057617,23.899999618530273,18.191646575927734
2013-09-19,39400,24.5,24.079999923706055,24.5,23.950000762939453,18.275129318237305
2013-09-18,69800,24.40999984741211,24.350000381469727,24.459999084472656,23.65999984741211,18.48004150390625
2013-09-17,77200,24.489999771118164,24.389999389648438,24.670000076293945,24.299999237060547,18.510398864746094
2013-09-16,92100,24.780000686645508,24.34000015258789,24.989999771118164,24.270000457763672,18.472454071044922
2013-09-13,570000,24.850000381469727,24.389999389648438,24.850000381469727,23.93000030517578,18.510398864746094
2013-09-12,77600,23.110000610351562,22.90999984741211,23.5,22.90999984741211,17.387178421020508
2013-09-11,37300,23.459999084472656,23.200000762939453,23.459999084472656,22.93000030517578,17.607269287109375
2013-09-10,21400,23.739999771118164,23.459999084472656,23.739999771118164,23.299999237060547,17.804590225219727
2013-09-09,38600,23.5,23.510000228881836,23.610000610351562,23.40999984741211,17.84253692626953
2013-09-06,37600,23.43000030517578,23.3799991607666,23.760000228881836,23.309999465942383,17.74387550354004
2013-09-05,21300,23.280000686645508,23.31999969482422,23.479999542236328,23.15999984741211,17.698339462280273
2013-09-04,28500,22.899999618530273,23.280000686645508,23.5,22.899999618530273,17.667984008789062
2013-09-03,35100,22.75,22.860000610351562,23.56999969482422,22.75,17.349231719970703
2013-08-30,28800,23.110000610351562,22.639999389648438,23.299999237060547,22.280000686645508,17.18226432800293
2013-08-29,48300,22.770000457763672,23.15999984741211,23.360000610351562,22.770000457763672,17.5769100189209
2013-08-28,74600,23.329999923706055,22.790000915527344,23.5,22.780000686645508,17.296106338500977
2013-08-27,79100,24.170000076293945,23.399999618530273,24.25,23.100000381469727,17.75905418395996
2013-08-26,58100,24.239999771118164,24.239999771118164,24.59000015258789,24.06999969482422,18.39655876159668
2013-08-23,165000,23.5,24.06999969482422,24.399999618530273,23.5,18.267539978027344
2013-08-22,128200,22.479999542236328,23.399999618530273,24.0,22.360000610351562,17.75905418395996
2013-08-21,46500,21.90999984741211,22.18000030517578,22.5,21.520000457763672,16.83315658569336
2013-08-20,29500,21.790000915527344,21.690000534057617,21.93000030517578,21.5,16.461278915405273
2013-08-19,36600,21.639999389648438,21.3799991607666,21.899999618530273,21.350000381469727,16.22600746154785
2013-08-16,35900,21.510000228881836,21.639999389648438,21.989999771118164,21.389999389648438,16.423330307006836
2013-08-15,35300,21.989999771118164,21.559999465942383,21.989999771118164,21.389999389648438,16.36261558532715
2013-08-14,72400,22.5,22.06999969482422,22.780000686645508,21.950000762939453,16.749671936035156
2013-08-13,35900,22.719999313354492,22.56999969482422,22.899999618530273,22.399999618530273,17.129140853881836
2013-08-12,43300,22.68000030517578,22.579999923706055,22.899999618530273,22.420000076293945,17.136730194091797
2013-08-09,61700,22.90999984741211,22.489999771118164,22.90999984741211,22.139999389648438,17.068424224853516
2013-08-08,103700,21.68000030517578,22.579999923706055,22.600000381469727,21.40999984741211,17.136730194091797
2013-08-07,121500,21.93000030517578,21.389999389648438,22.399999618530273,21.299999237060547,16.233596801757812
2013-08-06,51900,21.690000534057617,21.950000762939453,22.040000915527344,21.290000915527344,16.658601760864258
2013-08-05,65300,21.209999084472656,21.649999618530273,21.780000686645508,21.010000228881836,16.430919647216797
2013-08-02,65000,21.309999465942383,21.3799991607666,21.579999923706055,21.0,16.22600746154785
2013-08-01,50600,21.6299991607666,21.40999984741211,21.649999618530273,21.110000610351562,16.248777389526367
2013-07-31,57700,21.1299991607666,21.420000076293945,21.6299991607666,20.93000030517578,16.256364822387695
2013-07-30,47000,20.760000228881836,21.15999984741211,21.25,20.549999237060547,16.05904197692871
2013-07-29,44000,20.84000015258789,20.65999984741211,20.860000610351562,20.5,15.679574966430664
2013-07-26,56700,21.09000015258789,20.969999313354492,21.09000015258789,20.700000762939453,15.914844512939453
2013-07-25,112400,20.940000534057617,20.850000381469727,21.229999542236328,20.68000030517578,15.823773384094238
2013-07-24,68700,20.299999237060547,20.190000534057617,20.299999237060547,20.110000610351562,15.322876930236816
2013-07-23,12500,20.229999542236328,20.299999237060547,20.299999237060547,20.020000457763672,15.406360626220703
2013-07-22,43600,20.25,20.299999237060547,20.399999618530273,20.0,15.406360626220703
2013-07-19,20400,20.350000381469727,20.420000076293945,20.479999542236328,20.200000762939453,15.497432708740234
2013-07-18,25100,20.549999237060547,20.450000762939453,20.729999542236328,20.25,15.5201997756958
2013-07-17,14000,20.600000381469727,20.65999984741211,20.68000030517578,20.399999618530273,15.679574966430664
2013-07-16,20600,20.559999465942383,20.579999923706055,20.690000534057617,20.309999465942383,15.61886215209961
2013-07-15,27300,20.3700008392334,20.610000610351562,20.6299991607666,20.25,15.641629219055176
2013-07-12,10600,20.420000076293945,20.420000076293945,20.5,20.239999771118164,15.497432708740234
2013-07-11,10900,20.34000015258789,20.440000534057617,20.5,20.260000228881836,15.512611389160156
2013-07-10,16600,20.290000915527344,20.299999237060547,20.399999618530273,20.020000457763672,15.406360626220703
2013-07-09,19400,20.459999084472656,20.40999984741211,20.489999771118164,20.149999618530273,15.489842414855957
2013-07-08,15000,20.229999542236328,20.450000762939453,20.5,20.010000228881836,15.5201997756958
2013-07-05,13700,20.34000015258789,20.260000228881836,20.34000015258789,20.020000457763672,15.37600326538086
2013-07-03,10100,20.290000915527344,20.239999771118164,20.299999237060547,20.010000228881836,15.360822677612305
2013-07-02,13300,20.290000915527344,20.270000457763672,20.459999084472656,20.040000915527344,15.383591651916504
2013-07-01,35400,19.799999237060547,20.360000610351562,20.360000610351562,19.65999984741211,15.451896667480469
2013-06-28,103100,19.709999084472656,19.860000610351562,19.860000610351562,19.450000762939453,15.072428703308105
2013-06-27,23900,19.5,19.6200008392334,19.649999618530273,19.399999618530273,14.890284538269043
2013-06-26,16300,19.530000686645508,19.450000762939453,19.600000381469727,19.450000762939453,14.761266708374023
2013-06-25,20900,19.6200008392334,19.469999313354492,19.6200008392334,19.399999618530273,14.776443481445312
2013-06-24,23000,19.479999542236328,19.5,19.600000381469727,19.469999313354492,14.799212455749512
2013-06-21,36600,19.75,19.790000915527344,19.799999237060547,19.5,15.019304275512695
2013-06-20,45400,20.0,19.65999984741211,20.040000915527344,19.600000381469727,14.920641899108887
2013-06-19,28700,20.049999237060547,20.0,20.149999618530273,20.0,15.178679466247559
2013-06-18,15400,20.0,20.1200008392334,20.149999618530273,20.0,15.269752502441406
2013-06-17,25200,20.100000381469727,20.190000534057617,20.200000762939453,20.020000457763672,15.322876930236816
2013-06-14,20100,20.020000457763672,20.0,20.09000015258789,19.950000762939453,15.178679466247559
2013-06-13,17700,20.049999237060547,20.040000915527344,20.100000381469727,19.950000762939453,15.209037780761719
2013-06-12,33900,20.049999237060547,19.979999542236328,20.059999465942383,19.860000610351562,15.16349983215332
2013-06-11,89000,20.110000610351562,19.899999618530273,20.149999618530273,19.75,15.102785110473633
2013-06-10,49900,19.889999389648438,20.1200008392334,20.1299991607666,19.829999923706055,15.269752502441406
2013-06-07,30500,19.860000610351562,19.860000610351562,19.899999618530273,19.799999237060547,15.072428703308105
2013-06-06,27700,19.860000610351562,19.84000015258789,19.8700008392334,19.649999618530273,15.057250022888184
2013-06-05,15600,19.950000762939453,19.84000015258789,20.059999465942383,19.799999237060547,15.057250022888184
2013-06-04,72800,19.889999389648438,19.950000762939453,20.049999237060547,19.739999771118164,15.14073371887207
2013-06-03,125100,19.700000762939453,19.809999465942383,19.899999618530273,19.600000381469727,15.034481048583984
2013-05-31,33300,19.700000762939453,19.600000381469727,19.829999923706055,19.450000762939453,14.875107765197754
2013-05-30,45400,19.5,19.799999237060547,19.799999237060547,19.399999618530273,15.02689266204834
2013-05-29,42400,19.3799991607666,19.56999969482422,19.649999618530273,19.18000030517578,14.852336883544922
2013-05-28,39100,19.200000762939453,19.3700008392334,19.56999969482422,19.190000534057617,14.700551986694336
2013-05-24,12900,18.93000030517578,19.100000381469727,19.25,18.93000030517578,14.49563980102539
2013-05-23,47200,18.850000381469727,19.049999237060547,19.200000762939453,18.790000915527344,14.457691192626953
2013-05-22,77300,19.15999984741211,19.020000457763672,19.489999771118164,18.899999618530273,14.434925079345703
2013-05-21,60700,19.25,19.260000228881836,19.5,19.010000228881836,14.61706829071045
2013-05-20,115600,18.639999389648438,19.239999771118164,19.459999084472656,18.639999389648438,14.601889610290527
2013-05-17,35600,18.610000610351562,18.719999313354492,18.809999465942383,18.610000610351562,14.207242965698242
2013-05-16,59000,18.65999984741211,18.6299991607666,18.84000015258789,18.600000381469727,14.13893985748291
2013-05-15,21200,18.649999618530273,18.6299991607666,18.84000015258789,18.59000015258789,14.13893985748291
2013-05-14,69800,18.739999771118164,18.75,18.799999237060547,18.649999618530273,14.230011940002441
2013-05-13,105000,18.860000610351562,18.639999389648438,18.899999618530273,18.600000381469727,14.146528244018555
2013-05-10,31900,18.690000534057617,18.739999771118164,18.899999618530273,18.530000686645508,14.222421646118164
2013-05-09,31200,18.899999618530273,18.639999389648438,18.899999618530273,18.6200008392334,14.146528244018555
2013-05-08,33900,18.75,18.860000610351562,18.860000610351562,18.579999923706055,14.313494682312012
2013-05-07,29700,18.670000076293945,18.81999969482422,18.889999389648438,18.510000228881836,14.283136367797852
2013-05-06,10600,18.780000686645508,18.799999237060547,18.8700008392334,18.68000030517578,14.26795768737793
2013-05-03,28400,18.709999084472656,18.850000381469727,18.899999618530273,18.649999618530273,14.30590534210205
2013-05-02,25900,18.510000228881836,18.6299991607666,18.68000030517578,18.510000228881836,14.13893985748291
2013-05-01,43700,18.549999237060547,18.40999984741211,18.56999969482422,18.40999984741211,13.971973419189453
2013-04-30,14200,18.459999084472656,18.600000381469727,18.6200008392334,18.459999084472656,14.116172790527344
2013-04-29,30600,18.520000457763672,18.540000915527344,18.709999084472656,18.5,14.070636749267578
2013-04-26,12400,18.549999237060547,18.530000686645508,18.549999237060547,18.440000534057617,14.0630464553833
2013-04-25,13200,18.530000686645508,18.549999237060547,18.579999923706055,18.530000686645508,14.078225135803223
2013-04-24,19600,18.530000686645508,18.549999237060547,18.600000381469727,18.520000457763672,14.078225135803223
2013-04-23,29600,18.610000610351562,18.59000015258789,18.649999618530273,18.43000030517578,14.108582496643066
2013-04-22,24500,18.530000686645508,18.56999969482422,18.600000381469727,18.389999389648438,14.093401908874512
2013-04-19,16500,18.510000228881836,18.59000015258789,18.739999771118164,18.510000228881836,14.108582496643066
2013-04-18,33200,18.59000015258789,18.530000686645508,18.780000686645508,18.5,14.0630464553833
2013-04-17,67200,18.649999618530273,18.6299991607666,18.770000457763672,18.56999969482422,14.13893985748291
2013-04-16,32400,18.780000686645508,18.770000457763672,18.940000534057617,18.559999465942383,14.245190620422363
2013-04-15,34100,18.8799991607666,18.729999542236328,19.049999237060547,18.6299991607666,14.21483325958252
2013-04-12,21700,19.0,18.959999084472656,19.049999237060547,18.90999984741211,14.389388084411621
2013-04-11,36200,18.959999084472656,18.989999771118164,19.06999969482422,18.959999084472656,14.412155151367188
2013-04-10,66800,18.8799991607666,19.0,19.079999923706055,18.799999237060547,14.419745445251465
2013-04-09,29400,18.920000076293945,18.920000076293945,19.0,18.75,14.359030723571777
2013-04-08,8200,18.799999237060547,18.959999084472656,18.989999771118164,18.700000762939453,14.389388084411621
2013-04-05,25900,18.600000381469727,18.81999969482422,18.8700008392334,18.5,14.283136367797852
2013-04-04,17300,18.989999771118164,18.850000381469727,19.299999237060547,18.770000457763672,14.30590534210205
2013-04-03,20900,19.030000686645508,19.030000686645508,19.1299991607666,18.8700008392334,14.442514419555664
2013-04-02,31900,19.030000686645508,19.06999969482422,19.200000762939453,19.020000457763672,14.472869873046875
2013-04-01,49000,19.25,19.15999984741211,19.280000686645508,19.010000228881836,14.54117488861084
2013-03-28,32000,19.40999984741211,19.290000915527344,19.40999984741211,19.25,14.639837265014648
2013-03-27,12600,19.719999313354492,19.31999969482422,19.719999313354492,19.270000457763672,14.662604331970215
2013-03-26,43700,19.479999542236328,19.43000030517578,19.5,19.25,14.746088027954102
2013-03-25,31000,19.700000762939453,19.549999237060547,19.700000762939453,19.399999618530273,14.837158203125
2013-03-22,22400,19.729999542236328,19.719999313354492,19.780000686645508,19.479999542236328,14.966177940368652
2013-03-21,34300,19.610000610351562,19.690000534057617,19.75,19.100000381469727,14.943408966064453
2013-03-20,35600,19.579999923706055,19.690000534057617,19.700000762939453,19.260000228881836,14.943408966064453
2013-03-19,39000,19.5,19.469999313354492,19.649999618530273,19.270000457763672,14.776443481445312
2013-03-18,26100,19.139999389648438,19.479999542236328,19.56999969482422,18.950000762939453,14.784031867980957
2013-03-15,137000,19.280000686645508,19.600000381469727,19.600000381469727,18.90999984741211,14.875107765197754
2013-03-14,32800,19.1200008392334,19.31999969482422,19.3700008392334,18.719999313354492,14.662604331970215
2013-03-13,39600,19.049999237060547,19.15999984741211,19.299999237060547,18.709999084472656,14.54117488861084
2013-03-12,55500,18.729999542236328,18.969999313354492,19.079999923706055,18.600000381469727,14.396977424621582
2013-03-11,25900,18.610000610351562,18.8700008392334,19.020000457763672,18.600000381469727,14.321084022521973
2013-03-08,13700,18.90999984741211,18.770000457763672,18.90999984741211,18.600000381469727,14.245190620422363
2013-03-07,25100,18.850000381469727,18.899999618530273,18.979999542236328,18.6299991607666,14.343852043151855
2013-03-06,30800,18.579999923706055,18.90999984741211,18.959999084472656,18.579999923706055,14.3514404296875
2013-03-05,52600,18.75,18.729999542236328,18.829999923706055,18.5,14.21483325958252
2013-03-04,17600,18.5,18.700000762939453,18.700000762939453,18.399999618530273,14.192066192626953
2013-03-01,14900,18.170000076293945,18.56999969482422,18.579999923706055,18.170000076293945,14.093401908874512
2013-02-28,42500,18.40999984741211,18.610000610351562,18.700000762939453,18.40999984741211,14.123761177062988
2013-02-27,27700,18.260000228881836,18.420000076293945,18.43000030517578,18.010000228881836,13.979564666748047
2013-02-26,20500,18.100000381469727,18.329999923706055,18.440000534057617,18.09000015258789,13.911259651184082
2013-02-25,33000,18.040000915527344,18.1200008392334,18.489999771118164,18.040000915527344,13.751884460449219
2013-02-22,19700,18.100000381469727,18.239999771118164,18.280000686645508,18.079999923706055,13.842954635620117
2013-02-21,18000,18.290000915527344,18.06999969482422,18.290000915527344,18.010000228881836,13.713936805725098
2013-02-20,33600,18.360000610351562,18.299999237060547,18.600000381469727,18.299999237060547,13.8884916305542
2013-02-19,30100,18.34000015258789,18.420000076293945,18.5,18.31999969482422,13.979564666748047
2013-02-15,28000,18.649999618530273,18.510000228881836,18.65999984741211,18.200000762939453,14.047867774963379
2013-02-14,15900,18.440000534057617,18.530000686645508,18.65999984741211,18.420000076293945,14.0630464553833
2013-02-13,13600,18.6200008392334,18.610000610351562,18.670000076293945,18.469999313354492,14.123761177062988
2013-02-12,27900,18.329999923706055,18.65999984741211,18.739999771118164,18.329999923706055,14.161706924438477
2013-02-11,15000,18.649999618530273,18.440000534057617,18.75,18.219999313354492,13.994743347167969
2013-02-08,20400,18.739999771118164,18.729999542236328,18.860000610351562,18.65999984741211,14.21483325958252
2013-02-07,22600,18.850000381469727,18.65999984741211,18.850000381469727,18.56999969482422,14.161706924438477
2013-02-06,65200,18.34000015258789,18.850000381469727,18.889999389648438,18.329999923706055,14.30590534210205
2013-02-05,55500,18.18000030517578,18.34000015258789,18.3799991607666,17.920000076293945,13.918848991394043
2013-02-04,27500,18.200000762939453,18.309999465942383,18.469999313354492,18.110000610351562,13.89608097076416
2013-02-01,31900,18.200000762939453,18.43000030517578,18.549999237060547,18.110000610351562,13.987153053283691
2013-01-31,57800,18.239999771118164,18.309999465942383,18.440000534057617,17.799999237060547,13.89608097076416
2013-01-30,27600,18.459999084472656,18.3700008392334,18.6200008392334,18.25,13.941617012023926
2013-01-29,47600,18.68000030517578,18.6200008392334,18.709999084472656,18.350000381469727,14.131351470947266
2013-01-28,101100,18.0,18.649999618530273,18.649999618530273,18.0,14.154118537902832
2013-01-25,75800,17.809999465942383,18.0,18.0,17.799999237060547,13.660811424255371
2013-01-24,48100,17.65999984741211,17.889999389648438,17.889999389648438,17.65999984741211,13.5773286819458
2013-01-23,22400,17.700000762939453,17.709999084472656,17.739999771118164,17.65999984741211,13.440719604492188
2013-01-22,21100,17.799999237060547,17.760000228881836,17.799999237060547,17.6200008392334,13.478667259216309
2013-01-18,19400,17.799999237060547,17.700000762939453,17.920000076293945,17.700000762939453,13.43313217163086
2013-01-17,19300,17.860000610351562,17.860000610351562,17.899999618530273,17.760000228881836,13.554560661315918
2013-01-16,17200,17.700000762939453,17.75,17.860000610351562,17.700000762939453,13.471076965332031
2013-01-15,35600,17.719999313354492,17.81999969482422,17.850000381469727,17.68000030517578,13.524203300476074
2013-01-14,74700,17.709999084472656,17.700000762939453,17.790000915527344,17.65999984741211,13.43313217163086
2013-01-11,37600,17.540000915527344,17.700000762939453,17.84000015258789,17.520000457763672,13.43313217163086
2013-01-10,74500,17.799999237060547,17.65999984741211,17.799999237060547,17.459999084472656,13.4027738571167
2013-01-09,28100,17.709999084472656,17.81999969482422,17.950000762939453,17.68000030517578,13.524203300476074
2013-01-08,25600,17.639999389648438,17.6200008392334,17.739999771118164,17.530000686645508,13.372417449951172
2013-01-07,26900,17.65999984741211,17.700000762939453,17.829999923706055,17.510000228881836,13.43313217163086
2013-01-04,24700,17.709999084472656,17.790000915527344,17.81999969482422,17.530000686645508,13.501435279846191
2013-01-03,38900,17.670000076293945,17.59000015258789,17.790000915527344,17.549999237060547,13.349648475646973
2013-01-02,89400,17.68000030517578,17.700000762939453,17.84000015258789,17.530000686645508,13.43313217163086
2012-12-31,111900,17.09000015258789,17.440000534057617,17.479999542236328,17.09000015258789,13.235808372497559
2012-12-28,65300,17.170000076293945,17.299999237060547,17.450000762939453,17.110000610351562,13.129556655883789
2012-12-27,57800,17.020000457763672,17.290000915527344,17.489999771118164,17.020000457763672,13.121969223022461
2012-12-26,44000,17.479999542236328,17.290000915527344,17.649999618530273,17.059999465942383,13.121969223022461
2012-12-24,26500,17.40999984741211,17.5,17.6299991607666,17.40999984741211,13.281344413757324
2012-12-21,71000,17.610000610351562,17.600000381469727,17.719999313354492,17.299999237060547,13.35723876953125
2012-12-20,41200,17.700000762939453,17.670000076293945,18.110000610351562,17.440000534057617,13.41036319732666
2012-12-19,16700,17.799999237060547,17.729999542236328,17.799999237060547,17.56999969482422,13.45589828491211
2012-12-18,54900,17.65999984741211,17.790000915527344,17.899999618530273,17.610000610351562,13.501435279846191
2012-12-17,27200,17.860000610351562,17.690000534057617,17.8700008392334,17.559999465942383,13.425541877746582
2012-12-14,157700,17.850000381469727,17.75,18.110000610351562,17.530000686645508,13.471076965332031
2012-12-13,45300,17.75,17.850000381469727,18.100000381469727,17.739999771118164,13.546971321105957
2012-12-12,35300,17.729999542236328,17.739999771118164,17.940000534057617,17.729999542236328,13.463488578796387
2012-12-11,54600,17.719999313354492,17.729999542236328,18.010000228881836,17.6299991607666,13.45589828491211
2012-12-10,50400,17.649999618530273,17.719999313354492,17.760000228881836,17.5,13.448308944702148
2012-12-07,70300,17.6299991607666,17.670000076293945,17.799999237060547,17.5,13.41036319732666
2012-12-06,59000,17.790000915527344,17.6200008392334,18.280000686645508,17.510000228881836,13.372417449951172
2012-12-05,16700,18.020000457763672,17.920000076293945,18.229999542236328,17.84000015258789,13.600096702575684
2012-12-04,43800,18.059999465942383,17.93000030517578,18.100000381469727,17.68000030517578,13.607686042785645
2012-12-03,66200,18.309999465942383,18.1299991607666,18.489999771118164,18.040000915527344,13.759471893310547
2012-11-30,17700,18.200000762939453,18.190000534057617,18.200000762939453,18.049999237060547,13.805010795593262
2012-11-29,46700,18.420000076293945,18.25,18.450000762939453,18.0,13.850544929504395
2012-11-28,24900,17.719999313354492,18.270000457763672,18.350000381469727,17.719999313354492,13.865724563598633
2012-11-27,40700,18.25,18.200000762939453,18.290000915527344,17.989999771118164,13.81259822845459
2012-11-26,60300,17.959999084472656,18.200000762939453,18.299999237060547,17.959999084472656,13.81259822845459
2012-11-23,7200,18.049999237060547,18.1200008392334,18.1200008392334,17.979999542236328,13.751884460449219
2012-11-21,35200,17.84000015258789,18.079999923706055,18.149999618530273,17.649999618530273,13.721527099609375
2012-11-20,21600,17.84000015258789,17.790000915527344,17.899999618530273,17.56999969482422,13.501435279846191
2012-11-19,28900,17.68000030517578,17.920000076293945,18.059999465942383,17.530000686645508,13.600096702575684
2012-11-16,48700,17.270000457763672,17.5,17.510000228881836,17.260000228881836,13.281344413757324
2012-11-15,36300,17.350000381469727,17.350000381469727,17.530000686645508,17.25,13.167505264282227
2012-11-14,67600,17.329999923706055,17.40999984741211,17.549999237060547,17.260000228881836,13.213040351867676
2012-11-13,39100,17.31999969482422,17.350000381469727,17.559999465942383,17.31999969482422,13.167505264282227
2012-11-12,24300,17.489999771118164,17.420000076293945,17.639999389648438,17.309999465942383,13.220629692077637
2012-11-09,43700,17.59000015258789,17.5,17.700000762939453,17.469999313354492,13.281344413757324
2012-11-08,39100,17.979999542236328,17.68000030517578,17.979999542236328,17.56999969482422,13.417952537536621
2012-11-07,36200,18.139999389648438,17.889999389648438,18.139999389648438,17.829999923706055,13.5773286819458
2012-11-06,40800,18.280000686645508,18.229999542236328,18.280000686645508,18.010000228881836,13.835367202758789
2012-11-05,21300,17.799999237060547,18.1200008392334,18.18000030517578,17.799999237060547,13.751884460449219
2012-11-02,39200,17.950000762939453,17.940000534057617,18.100000381469727,17.8700008392334,13.615275382995605
2012-11-01,59200,17.889999389648438,18.139999389648438,18.329999923706055,17.8700008392334,13.767062187194824
2012-10-31,45700,18.0,17.940000534057617,18.040000915527344,17.729999542236328,13.615275382995605
2012-10-26,29300,17.989999771118164,17.979999542236328,17.989999771118164,17.690000534057617,13.64563274383545
2012-10-25,66100,17.799999237060547,17.969999313354492,18.190000534057617,17.510000228881836,13.638043403625488
2012-10-24,142400,17.65999984741211,17.729999542236328,18.049999237060547,17.510000228881836,13.45589828491211
2012-10-23,18900,17.219999313354492,17.309999465942383,17.329999923706055,17.100000381469727,13.137146949768066
2012-10-22,40700,17.260000228881836,17.360000610351562,17.3799991607666,17.049999237060547,13.175093650817871
2012-10-19,62800,17.229999542236328,17.3700008392334,17.469999313354492,17.229999542236328,13.182683944702148
2012-10-18,59600,17.329999923706055,17.3799991607666,17.479999542236328,17.239999771118164,13.190271377563477
2012-10-17,50200,17.350000381469727,17.399999618530273,17.5,17.190000534057617,13.205450057983398
2012-10-16,20900,17.450000762939453,17.360000610351562,17.450000762939453,17.260000228881836,13.175093650817871
2012-10-15,39900,17.360000610351562,17.420000076293945,17.5,17.350000381469727,13.220629692077637
2012-10-12,17000,17.40999984741211,17.5,17.510000228881836,17.399999618530273,13.281344413757324
2012-10-11,34900,17.459999084472656,17.450000762939453,17.520000457763672,17.40999984741211,13.243398666381836
2012-10-10,97600,17.299999237060547,17.399999618530273,17.450000762939453,17.25,13.205450057983398
2012-10-09,43300,17.489999771118164,17.329999923706055,17.489999771118164,17.299999237060547,13.152325630187988
2012-10-08,16000,17.260000228881836,17.43000030517578,17.489999771118164,17.25,13.228219032287598
2012-10-05,31600,17.489999771118164,17.270000457763672,17.690000534057617,17.25,13.106790542602539
2012-10-04,30000,17.389999389648438,17.459999084472656,17.540000915527344,17.299999237060547,13.25098705291748
2012-10-03,31300,17.389999389648438,17.3799991607666,17.440000534057617,17.100000381469727,13.190271377563477
2012-10-02,33200,17.459999084472656,17.31999969482422,17.700000762939453,17.200000762939453,13.144736289978027
2012-10-01,54700,17.350000381469727,17.459999084472656,17.899999618530273,17.299999237060547,13.25098705291748
2012-09-28,46900,17.399999618530273,17.440000534057617,17.559999465942383,17.290000915527344,13.235808372497559
2012-09-27,104500,17.229999542236328,17.530000686645508,17.690000534057617,17.030000686645508,13.304113388061523
2012-09-26,35800,16.809999465942383,17.15999984741211,17.229999542236328,16.780000686645508,13.023306846618652
2012-09-25,106900,17.059999465942383,17.0,17.1200008392334,16.209999084472656,12.901878356933594
2012-09-24,92700,16.969999313354492,17.020000457763672,17.030000686645508,16.489999771118164,12.917057037353516
2012-09-21,82400,16.920000076293945,17.059999465942383,17.149999618530273,16.790000915527344,12.947413444519043
2012-09-20,42200,16.709999084472656,16.809999465942383,16.809999465942383,16.559999465942383,12.75767993927002
2012-09-19,73400,16.299999237060547,16.6200008392334,16.84000015258789,16.06999969482422,12.613483428955078
2012-09-18,61300,16.09000015258789,16.229999542236328,16.239999771118164,16.09000015258789,12.317498207092285
2012-09-17,41000,16.229999542236328,16.190000534057617,16.229999542236328,16.020000457763672,12.287141799926758
2012-09-14,64200,16.06999969482422,16.229999542236328,16.3799991607666,16.040000915527344,12.317498207092285
2012-09-13,87700,16.040000915527344,16.09000015258789,16.1200008392334,15.960000038146973,12.211248397827148
2012-09-12,66200,16.139999389648438,16.079999923706055,16.219999313354492,16.030000686645508,12.203658103942871
2012-09-11,49700,16.010000228881836,16.059999465942383,16.149999618530273,16.010000228881836,12.18847942352295
2012-09-10,20000,16.100000381469727,16.059999465942383,16.170000076293945,16.010000228881836,12.18847942352295
2012-09-07,28800,16.149999618530273,16.15999984741211,16.229999542236328,16.049999237060547,12.264372825622559
2012-09-06,50800,16.100000381469727,16.200000762939453,16.200000762939453,16.010000228881836,12.294731140136719
2012-09-05,35900,16.100000381469727,16.079999923706055,16.100000381469727,16.0,12.203658103942871
2012-09-04,34500,16.0,16.09000015258789,16.09000015258789,16.0,12.211248397827148
2012-08-31,33900,16.06999969482422,16.049999237060547,16.1299991607666,15.970000267028809,12.180890083312988
2012-08-30,29300,15.930000305175781,16.030000686645508,16.09000015258789,15.930000305175781,12.165712356567383
2012-08-29,56500,16.020000457763672,16.059999465942383,16.1299991607666,15.869999885559082,12.18847942352295
2012-08-28,65600,16.010000228881836,16.09000015258789,16.1299991607666,15.899999618530273,12.211248397827148
2012-08-27,32200,16.079999923706055,16.030000686645508,16.200000762939453,15.960000038146973,12.165712356567383
2012-08-24,37400,15.9399995803833,16.09000015258789,16.239999771118164,15.899999618530273,12.211248397827148
2012-08-23,78200,15.869999885559082,15.960000038146973,15.989999771118164,15.8100004196167,12.112586975097656
2012-08-22,49300,15.819999694824219,15.949999809265137,15.979999542236328,15.8100004196167,12.104996681213379
2012-08-21,68600,16.0,15.949999809265137,16.100000381469727,15.760000228881836,12.104996681213379
2012-08-20,35000,15.979999542236328,16.030000686645508,16.110000610351562,15.899999618530273,12.165712356567383
2012-08-17,57600,15.899999618530273,16.079999923706055,16.100000381469727,15.84000015258789,12.203658103942871
2012-08-16,37000,15.850000381469727,15.979999542236328,15.979999542236328,15.84000015258789,12.127764701843262
2012-08-15,23200,15.90999984741211,16.0,16.0,15.829999923706055,12.1429443359375
2012-08-14,31200,15.920000076293945,15.960000038146973,16.0,15.850000381469727,12.112586975097656
2012-08-13,43100,15.869999885559082,16.030000686645508,16.09000015258789,15.760000228881836,12.165712356567383
2012-08-10,49500,15.960000038146973,16.010000228881836,16.209999084472656,15.960000038146973,12.150532722473145
2012-08-09,61500,16.040000915527344,16.049999237060547,16.260000228881836,15.829999923706055,12.180890083312988
2012-08-08,29300,16.079999923706055,16.040000915527344,16.200000762939453,15.960000038146973,12.173301696777344
2012-08-07,27500,16.1200008392334,16.1299991607666,16.389999389648438,16.030000686645508,12.241604804992676
2012-08-06,41900,15.960000038146973,16.100000381469727,16.43000030517578,15.960000038146973,12.21883773803711
2012-08-03,53800,15.84000015258789,16.030000686645508,16.170000076293945,15.739999771118164,12.165712356567383
2012-08-02,84600,15.760000228881836,15.75,16.0,15.399999618530273,11.95320987701416
2012-08-01,83700,16.219999313354492,15.800000190734863,16.219999313354492,15.760000228881836,11.991156578063965
2012-07-31,160900,15.829999923706055,16.1299991607666,16.34000015258789,15.760000228881836,12.241604804992676
2012-07-30,69600,15.6899995803833,15.819999694824219,16.020000457763672,15.6899995803833,12.006335258483887
2012-07-27,223700,15.770000457763672,15.779999732971191,15.869999885559082,15.5600004196167,11.975977897644043
2012-07-26,161800,16.010000228881836,15.949999809265137,16.270000457763672,15.880000114440918,12.104996681213379
2012-07-25,53600,16.139999389648438,16.3700008392334,16.479999542236328,16.139999389648438,12.423749923706055
2012-07-24,76900,16.899999618530273,16.1299991607666,16.979999542236328,16.0,12.241604804992676
2012-07-23,67200,16.190000534057617,16.010000228881836,16.190000534057617,15.800000190734863,12.150532722473145
2012-07-20,100400,16.079999923706055,16.3799991607666,16.6299991607666,16.079999923706055,12.4313383102417
2012-07-19,99300,16.0,16.079999923706055,16.139999389648438,15.75,12.203658103942871
2012-07-18,134400,16.139999389648438,15.979999542236328,16.450000762939453,15.800000190734863,12.127764701843262
2012-07-17,184800,16.670000076293945,16.06999969482422,16.739999771118164,16.030000686645508,12.196069717407227
2012-07-16,131300,17.5,16.579999923706055,17.520000457763672,16.530000686645508,12.583125114440918
2012-07-13,86500,17.399999618530273,17.420000076293945,17.690000534057617,17.399999618530273,13.220629692077637
2012-07-12,48300,17.540000915527344,17.399999618530273,17.68000030517578,17.350000381469727,13.205450057983398
2012-07-11,40200,17.600000381469727,17.6299991607666,17.68000030517578,17.31999969482422,13.3800048828125
2012-07-10,75000,17.639999389648438,17.579999923706055,17.809999465942383,17.440000534057617,13.342059135437012
2012-07-09,85400,17.40999984741211,17.670000076293945,17.75,17.309999465942383,13.41036319732666
2012-07-06,39600,17.5,17.420000076293945,17.510000228881836,17.25,13.220629692077637
2012-07-05,77300,17.520000457763672,17.510000228881836,17.639999389648438,17.309999465942383,13.288933753967285
2012-07-03,39800,17.860000610351562,17.59000015258789,17.8700008392334,17.5,13.349648475646973
2012-07-02,84800,17.860000610351562,17.799999237060547,17.860000610351562,17.350000381469727,13.509024620056152
2012-06-29,105700,17.649999618530273,17.65999984741211,17.739999771118164,17.25,13.4027738571167
2012-06-28,163900,17.899999618530273,17.43000030517578,18.0,17.100000381469727,13.228219032287598
2012-06-27,57800,18.260000228881836,18.040000915527344,18.260000228881836,17.899999618530273,13.691169738769531
2012-06-26,120000,18.260000228881836,18.100000381469727,18.5,18.030000686645508,13.73670482635498
2012-06-25,77200,18.6200008392334,18.309999465942383,18.809999465942383,18.209999084472656,13.89608097076416
2012-06-22,1142100,18.389999389648438,19.020000457763672,19.149999618530273,18.299999237060547,14.434925079345703
2012-06-21,174700,18.25,18.360000610351562,18.920000076293945,18.200000762939453,13.934027671813965
2012-06-20,91400,18.610000610351562,18.440000534057617,18.690000534057617,18.31999969482422,13.994743347167969
2012-06-19,119400,19.030000686645508,18.719999313354492,19.030000686645508,18.68000030517578,14.207242965698242
2012-06-18,244900,18.440000534057617,18.93000030517578,19.18000030517578,18.219999313354492,14.366620063781738
2012-06-15,111600,18.209999084472656,18.350000381469727,18.350000381469727,17.889999389648438,13.92643928527832
2012-06-14,133000,18.170000076293945,18.15999984741211,18.219999313354492,17.8799991607666,13.782240867614746
2012-06-13,108700,18.239999771118164,18.229999542236328,18.31999969482422,18.09000015258789,13.835367202758789
2012-06-12,63400,18.329999923706055,18.239999771118164,18.479999542236328,18.059999465942383,13.842954635620117
2012-06-11,238100,18.440000534057617,18.239999771118164,18.600000381469727,18.190000534057617,13.842954635620117
2012-06-08,99700,18.329999923706055,18.290000915527344,18.469999313354492,18.170000076293945,13.880903244018555
2012-06-07,121700,18.510000228881836,18.25,18.700000762939453,18.229999542236328,13.850544929504395
2012-06-06,128800,18.209999084472656,18.40999984741211,18.700000762939453,18.0,13.971973419189453
2012-06-05,125900,18.219999313354492,17.950000762939453,18.600000381469727,17.899999618530273,13.622865676879883
2012-06-04,120500,18.780000686645508,18.149999618530273,18.780000686645508,18.059999465942383,13.774651527404785
2012-06-01,172900,18.729999542236328,18.299999237060547,19.0,18.260000228881836,13.8884916305542
2012-05-31,315500,19.18000030517578,19.110000610351562,19.479999542236328,18.6299991607666,14.503229141235352
2012-05-30,205700,19.420000076293945,19.329999923706055,19.719999313354492,19.1299991607666,14.67019271850586
2012-05-29,221300,19.959999084472656,19.75,20.0,19.399999618530273,14.988945007324219
2012-05-25,229300,20.229999542236328,20.059999465942383,20.600000381469727,19.700000762939453,15.224214553833008
2012-05-24,166600,20.850000381469727,20.540000915527344,20.850000381469727,20.059999465942383,15.588504791259766
2012-05-23,380000,20.200000762939453,20.600000381469727,20.719999313354492,19.989999771118164,15.634038925170898
2012-05-22,906500,19.670000076293945,19.59000015258789,20.489999771118164,19.059999465942383,14.867517471313477
2012-05-21,1151100,18.600000381469727,18.690000534057617,19.739999771118164,17.700000762939453,14.184475898742676
2012-05-18,2613200,27.020000457763672,19.270000457763672,27.020000457763672,18.809999465942383,14.624656677246094
2012-05-17,953900,28.3799991607666,26.799999237060547,28.3799991607666,26.100000381469727,20.33942985534668
2012-05-16,557100,30.0,27.899999618530273,30.0,27.860000610351562,21.174257278442383
2012-05-15,1245100,29.829999923706055,29.950000762939453,30.8799991607666,28.760000228881836,22.730072021484375
2012-05-14,403200,26.790000915527344,28.690000534057617,28.850000381469727,26.75,21.77381706237793
2012-05-11,347700,27.360000610351562,26.8799991607666,27.5,26.75,20.400144577026367
2012-05-10,496000,27.600000381469727,27.799999237060547,28.329999923706055,27.5,21.098365783691406
2012-05-09,211600,27.489999771118164,27.530000686645508,27.799999237060547,27.31999969482422,20.89345359802246
2012-05-08,264900,27.799999237060547,27.59000015258789,27.850000381469727,27.31999969482422,20.938989639282227
2012-05-07,510000,28.219999313354492,27.860000610351562,28.360000610351562,27.139999389648438,21.143901824951172
2012-05-04,473200,27.0,27.90999984741211,28.149999618530273,26.559999465942383,21.181846618652344
2012-05-03,560700,28.010000228881836,26.989999771118164,28.149999618530273,26.75,20.483627319335938
2012-05-02,938900,27.0,27.760000228881836,27.959999084472656,26.969999313354492,21.06800651550293
2012-05-01,285000,26.270000457763672,26.299999237060547,26.65999984741211,26.010000228881836,19.959962844848633
2012-04-30,177500,26.25,26.270000457763672,26.270000457763672,25.75,19.93719482421875
2012-04-27,272000,25.200000762939453,25.8799991607666,25.899999618530273,25.0,19.641210556030273
2012-04-26,221900,26.18000030517578,25.540000915527344,26.18000030517578,25.420000076293945,19.3831729888916
2012-04-25,150800,26.5,25.989999771118164,26.5,25.799999237060547,19.724693298339844
2012-04-24,360000,26.190000534057617,26.219999313354492,26.450000762939453,25.65999984741211,19.899250030517578
2012-04-23,255800,25.93000030517578,26.350000381469727,26.440000534057617,25.93000030517578,19.997909545898438
2012-04-20,457500,26.399999618530273,26.5,26.579999923706055,26.09000015258789,20.111751556396484
2012-04-19,2080200,26.75,26.239999771118164,26.899999618530273,26.010000228881836,19.914426803588867
2012-04-18,209700,33.59000015258789,30.299999237060547,34.0,28.25,22.995698928833008
2012-04-17,65400,36.310001373291016,34.0,36.310001373291016,33.11000061035156,25.803756713867188
2012-04-16,31900,36.0099983215332,34.790000915527344,36.939998626708984,34.0099983215332,26.40331268310547
2012-04-13,17900,36.2400016784668,36.72999954223633,37.2400016784668,35.560001373291016,27.87564468383789
2012-04-12,33200,38.18000030517578,35.9900016784668,38.18000030517578,35.720001220703125,27.314035415649414
2012-04-11,94900,38.4900016784668,35.65999984741211,38.939998626708984,35.2599983215332,27.06358528137207
2012-04-10,56800,35.310001373291016,38.0,38.400001525878906,34.79999923706055,28.83949089050293
2012-04-09,101400,35.029998779296875,35.45000076293945,35.81999969482422,33.0,26.904211044311523
2012-04-05,143100,44.95000076293945,38.93000030517578,44.9900016784668,38.310001373291016,29.545299530029297
2012-04-04,68400,42.900001525878906,45.880001068115234,46.5,42.0099983215332,34.81989288330078
2012-04-03,58100,41.84000015258789,43.4900016784668,43.9900016784668,40.5,33.006038665771484
2012-04-02,110900,39.5,41.900001525878906,42.79999923706055,39.04999923706055,31.799333572387695
2012-03-30,37900,39.349998474121094,39.5,39.5,38.29999923706055,29.977890014648438
2012-03-29,79500,37.4900016784668,38.25,39.38999938964844,36.13999938964844,29.029226303100586
2012-03-28,91500,35.09000015258789,36.90999984741211,37.34000015258789,32.65999984741211,28.01225471496582
2012-03-27,140400,39.34000015258789,35.5,40.189998626708984,34.599998474121094,26.942153930664062
2012-03-26,207800,36.4900016784668,38.18000030517578,40.5,35.13999938964844,28.97610092163086
2012-03-23,97700,31.010000228881836,35.540000915527344,37.0,31.0,26.97251319885254
2012-03-22,122400,31.989999771118164,31.790000915527344,32.72999954223633,30.56999969482422,24.12651252746582
2012-03-21,84800,28.989999771118164,31.920000076293945,32.599998474121094,28.649999618530273,24.225173950195312
2012-03-20,17000,27.989999771118164,28.729999542236328,29.489999771118164,27.280000686645508,21.80417251586914
2012-03-19,21500,27.799999237060547,27.959999084472656,28.450000762939453,27.170000076293945,21.21979522705078
2012-03-16,24800,28.0,27.799999237060547,28.450000762939453,27.75,21.098365783691406
2012-03-15,42200,27.600000381469727,27.989999771118164,28.979999542236328,27.3700008392334,21.24256134033203
2012-03-14,21100,27.770000457763672,27.25,27.770000457763672,27.149999618530273,20.680952072143555
2012-03-13,75300,26.0,26.979999542236328,27.75,26.0,20.476037979125977
2012-03-12,38700,24.010000228881836,25.799999237060547,25.8700008392334,24.010000228881836,19.58049774169922
2012-03-09,12400,24.5,24.260000228881836,24.700000762939453,23.540000915527344,18.411739349365234
2012-03-08,8700,25.0,24.700000762939453,25.190000534057617,24.06999969482422,18.745668411254883
2012-03-07,12200,23.68000030517578,24.799999237060547,25.0,23.68000030517578,18.821561813354492
2012-03-06,12800,24.479999542236328,24.489999771118164,24.5,22.850000381469727,18.586292266845703
2012-03-05,40300,25.780000686645508,24.600000381469727,25.850000381469727,24.510000228881836,18.669776916503906
2012-03-02,35400,25.399999618530273,25.469999313354492,25.770000457763672,24.979999542236328,19.330047607421875
2012-03-01,20600,25.260000228881836,25.09000015258789,25.389999389648438,24.1299991607666,19.041654586791992
2012-02-29,61500,25.899999618530273,24.920000076293945,25.899999618530273,24.049999237060547,18.912633895874023
2012-02-28,96100,23.75,25.190000534057617,25.75,23.260000228881836,19.11754608154297
2012-02-27,25500,22.639999389648438,23.31999969482422,23.850000381469727,21.799999237060547,17.698339462280273
2012-02-24,21400,22.440000534057617,22.25,22.700000762939453,21.790000915527344,16.886281967163086
2012-02-23,11600,22.450000762939453,21.889999389648438,23.190000534057617,21.889999389648438,16.61306381225586
2012-02-22,9500,22.75,22.40999984741211,23.360000610351562,22.350000381469727,17.007709503173828
2012-02-21,34600,22.389999389648438,22.6299991607666,23.84000015258789,22.389999389648438,17.17467498779297
2012-02-17,26800,20.479999542236328,22.200000762939453,22.200000762939453,20.049999237060547,16.84833526611328
2012-02-16,67200,20.889999389648438,20.610000610351562,21.540000915527344,20.0,15.641629219055176
2012-02-15,17000,22.6299991607666,21.469999313354492,22.649999618530273,21.239999771118164,16.2943115234375
2012-02-14,16100,22.31999969482422,22.719999313354492,23.229999542236328,22.25,17.242979049682617
2012-02-13,13500,23.0,23.06999969482422,23.229999542236328,22.899999618530273,17.508607864379883
2012-02-10,26200,22.709999084472656,22.81999969482422,23.239999771118164,22.25,17.318872451782227
2012-02-09,34200,22.399999618530273,23.649999618530273,23.739999771118164,21.610000610351562,17.948787689208984
2012-02-08,59700,23.670000076293945,22.420000076293945,23.670000076293945,21.31999969482422,17.01529884338379
2012-02-07,137300,26.0,22.850000381469727,26.25,21.549999237060547,17.341642379760742
2012-02-06,90500,26.979999542236328,26.270000457763672,28.899999618530273,25.479999542236328,19.93719482421875
2012-02-03,249200,24.739999771118164,27.600000381469727,30.450000762939453,24.5,20.946577072143555
2012-02-02,168000,21.889999389648438,24.020000457763672,24.68000030517578,21.040000915527344,18.229595184326172
2012-02-01,68400,20.899999618530273,21.0,21.989999771118164,20.110000610351562,15.937613487243652
2012-01-31,61200,20.700000762939453,20.760000228881836,20.920000076293945,18.549999237060547,15.755470275878906
2012-01-30,196600,18.549999237060547,20.489999771118164,20.899999618530273,18.3799991607666,15.550557136535645
2012-01-27,55900,15.59000015258789,17.25,17.350000381469727,15.59000015258789,13.091611862182617
2012-01-26,4800,15.630000114440918,15.649999618530273,16.0,15.600000381469727,11.87731647491455
2012-01-25,1900,15.600000381469727,15.539999961853027,15.880000114440918,15.510000228881836,11.79383373260498
2012-01-24,7000,15.489999771118164,15.649999618530273,16.0,15.489999771118164,11.87731647491455
2012-01-23,15200,16.239999771118164,15.470000267028809,16.239999771118164,15.350000381469727,11.74070930480957
2012-01-20,4800,15.0,15.399999618530273,15.399999618530273,15.0,11.687582969665527
2012-01-19,5300,15.5,14.899999618530273,15.600000381469727,14.899999618530273,11.30811595916748
2012-01-18,6700,15.65999984741211,15.119999885559082,15.65999984741211,15.050000190734863,11.475082397460938
2012-01-17,18700,15.430000305175781,15.449999809265137,15.84000015258789,15.359999656677246,11.725529670715332
2012-01-13,1500,15.270000457763672,15.350000381469727,15.40999984741211,15.270000457763672,11.649636268615723
2012-01-12,9100,15.479999542236328,15.5,15.630000114440918,15.199999809265137,11.763476371765137
2012-01-11,13600,14.5,15.470000267028809,15.470000267028809,14.5,11.74070930480957
2012-01-10,3500,14.550000190734863,14.579999923706055,14.609999656677246,14.510000228881836,11.06525707244873
2012-01-09,2700,14.5,14.550000190734863,14.550000190734863,14.5,11.042489051818848
2012-01-06,1100,14.539999961853027,14.569999694824219,14.569999694824219,14.539999961853027,11.05766773223877
2012-01-05,500,14.5,14.539999961853027,14.550000190734863,14.5,11.034899711608887
2012-01-04,2000,14.5,14.5,14.550000190734863,14.5,11.004542350769043
2012-01-03,2400,14.510000228881836,14.510000228881836,14.649999618530273,14.329999923706055,11.012131690979004
2011-12-30,3200,14.539999961853027,14.329999923706055,14.579999923706055,14.329999923706055,10.875523567199707
2011-12-29,3200,14.670000076293945,14.640000343322754,14.729999542236328,14.609999656677246,11.110794067382812
2011-12-28,4400,14.670000076293945,14.640000343322754,14.739999771118164,14.609999656677246,11.110794067382812
2011-12-27,3900,14.680000305175781,14.649999618530273,14.6899995803833,14.649999618530273,11.11838150024414
2011-12-23,1600,14.680000305175781,14.670000076293945,14.680000305175781,14.619999885559082,11.133561134338379
2011-12-22,2600,14.640000343322754,14.640000343322754,14.75,14.619999885559082,11.110794067382812
2011-12-21,3700,14.770000457763672,14.65999984741211,14.800000190734863,14.609999656677246,11.125971794128418
2011-12-20,3400,14.550000190734863,14.8100004196167,14.819999694824219,14.550000190734863,11.239811897277832
2011-12-19,1600,14.800000190734863,14.609999656677246,14.800000190734863,14.600000381469727,11.088024139404297
2011-12-16,1500,14.420000076293945,14.510000228881836,14.510000228881836,14.420000076293945,11.012131690979004
2011-12-15,4400,14.470000267028809,14.420000076293945,14.710000038146973,14.420000076293945,10.943827629089355
2011-12-14,400,14.359999656677246,14.359999656677246,14.359999656677246,14.359999656677246,10.89829158782959
2011-12-13,2000,14.329999923706055,14.350000381469727,14.359999656677246,14.329999923706055,10.890703201293945
2011-12-12,3800,14.359999656677246,14.25,14.359999656677246,14.25,10.814809799194336
2011-12-09,3000,14.369999885559082,14.350000381469727,14.369999885559082,14.350000381469727,10.890703201293945
2011-12-08,3300,14.359999656677246,14.350000381469727,14.369999885559082,14.350000381469727,10.890703201293945
2011-12-07,8200,14.359999656677246,14.350000381469727,14.369999885559082,14.350000381469727,10.890703201293945
2011-12-06,5900,14.319999694824219,14.359999656677246,14.5,14.319999694824219,10.89829158782959
2011-12-05,3200,14.270000457763672,14.369999885559082,14.399999618530273,14.270000457763672,10.90588092803955
2011-12-02,2000,14.40999984741211,14.329999923706055,14.489999771118164,14.319999694824219,10.875523567199707
2011-12-01,4800,14.300000190734863,14.350000381469727,14.350000381469727,14.270000457763672,10.890703201293945
2011-11-30,3900,14.279999732971191,14.319999694824219,14.399999618530273,14.279999732971191,10.867934226989746
2011-11-29,3800,14.359999656677246,14.260000228881836,14.380000114440918,14.260000228881836,10.822399139404297
2011-11-28,1600,14.300000190734863,14.319999694824219,14.40999984741211,14.300000190734863,10.867934226989746
2011-11-25,800,14.5,14.479999542236328,14.5,14.479999542236328,10.989362716674805
2011-11-23,1600,14.25,14.350000381469727,14.4399995803833,14.25,10.890703201293945
2011-11-22,200,14.300000190734863,14.300000190734863,14.300000190734863,14.300000190734863,10.852755546569824
2011-11-21,900,14.300000190734863,14.300000190734863,14.380000114440918,14.300000190734863,10.852755546569824
2011-11-18,1000,14.350000381469727,14.300000190734863,14.600000381469727,14.300000190734863,10.852755546569824
2011-11-17,2600,14.359999656677246,14.300000190734863,14.359999656677246,14.300000190734863,10.852755546569824
2011-11-16,200,14.399999618530273,14.399999618530273,14.399999618530273,14.399999618530273,10.928647994995117
2011-11-15,1000,14.390000343322754,14.449999809265137,14.600000381469727,14.390000343322754,10.966595649719238
2011-11-14,5200,14.550000190734863,14.34000015258789,14.550000190734863,14.270000457763672,10.883112907409668
2011-11-11,200,14.75,14.75,14.75,14.75,11.194275856018066
2011-11-10,3600,14.369999885559082,14.699999809265137,15.100000381469727,14.359999656677246,11.156329154968262
2011-11-09,1000,14.329999923706055,14.550000190734863,14.550000190734863,14.329999923706055,11.042489051818848
2011-11-08,400,14.600000381469727,14.449999809265137,14.600000381469727,14.449999809265137,10.966595649719238
2011-11-07,7100,14.6899995803833,14.550000190734863,15.0,14.550000190734863,11.042489051818848
2011-11-04,2000,14.859999656677246,15.0,15.050000190734863,14.359999656677246,11.38400936126709
2011-11-03,1300,14.760000228881836,15.079999923706055,15.079999923706055,14.760000228881836,11.444724082946777
2011-11-02,100,14.859999656677246,14.859999656677246,14.859999656677246,14.859999656677246,11.277758598327637
2011-11-01,4300,15.020000457763672,14.819999694824219,15.130000114440918,14.789999961853027,11.247401237487793
2011-10-31,5000,15.510000228881836,15.020000457763672,15.989999771118164,15.010000228881836,11.399188995361328
2011-10-28,8100,15.760000228881836,15.350000381469727,15.869999885559082,15.350000381469727,11.649636268615723
2011-10-27,5900,16.209999084472656,15.960000038146973,16.209999084472656,15.65999984741211,12.112586975097656
2011-10-26,6200,16.1200008392334,16.200000762939453,16.3700008392334,16.110000610351562,12.294731140136719
2011-10-25,3700,16.290000915527344,16.299999237060547,16.309999465942383,16.100000381469727,12.370623588562012
2011-10-24,13600,16.010000228881836,16.34000015258789,16.56999969482422,16.010000228881836,12.400981903076172
2011-10-21,3100,16.329999923706055,16.280000686645508,16.540000915527344,16.100000381469727,12.35544490814209
2011-10-20,10200,15.899999618530273,16.440000534057617,16.600000381469727,15.899999618530273,12.476875305175781
2011-10-19,18100,14.880000114440918,15.90999984741211,16.309999465942383,14.84000015258789,12.074639320373535
2011-10-18,1000,14.850000381469727,14.949999809265137,15.0,14.850000381469727,11.346063613891602
2011-10-17,3100,14.890000343322754,14.630000114440918,14.989999771118164,14.5,11.103203773498535
2011-10-14,13100,14.890000343322754,15.0,15.180000305175781,14.600000381469727,11.38400936126709
2011-10-13,7000,15.050000190734863,14.949999809265137,15.25,14.899999618530273,11.346063613891602
2011-10-12,6700,15.850000381469727,15.15999984741211,15.850000381469727,15.0,11.505439758300781
2011-10-11,5000,15.300000190734863,15.0,15.4399995803833,14.9399995803833,11.38400936126709
2011-10-10,5100,14.890000343322754,15.390000343322754,15.390000343322754,14.600000381469727,11.679993629455566
2011-10-07,3600,14.5,14.670000076293945,14.899999618530273,14.34000015258789,11.133561134338379
2011-10-06,6200,14.300000190734863,14.489999771118164,14.5,14.300000190734863,10.996953010559082
2011-10-05,7600,14.489999771118164,14.399999618530273,14.75,14.399999618530273,10.928647994995117
2011-10-04,2600,14.6899995803833,14.600000381469727,14.8100004196167,14.600000381469727,11.080436706542969
2011-10-03,4800,14.520000457763672,14.75,14.920000076293945,14.520000457763672,11.194275856018066
2011-09-30,1600,14.890000343322754,14.649999618530273,14.979999542236328,14.649999618530273,11.11838150024414
2011-09-29,5000,14.75,14.989999771118164,15.6899995803833,14.75,11.376420974731445
2011-09-28,500,14.890000343322754,14.90999984741211,14.920000076293945,14.829999923706055,11.315706253051758
2011-09-27,5600,14.770000457763672,15.069999694824219,15.100000381469727,14.770000457763672,11.437134742736816
2011-09-26,8000,14.34000015258789,14.649999618530273,14.960000038146973,14.300000190734863,11.11838150024414
2011-09-23,26900,15.420000076293945,14.670000076293945,15.720000267028809,14.5,11.133561134338379
2011-09-22,4800,15.680000305175781,15.609999656677246,16.479999542236328,15.449999809265137,11.846959114074707
2011-09-21,2000,15.460000038146973,15.800000190734863,16.280000686645508,15.460000038146973,11.991156578063965
2011-09-20,8500,16.299999237060547,15.699999809265137,16.600000381469727,15.489999771118164,11.915263175964355
2011-09-19,2200,16.190000534057617,16.010000228881836,16.59000015258789,16.010000228881836,12.150532722473145
2011-09-16,3500,16.600000381469727,16.360000610351562,16.600000381469727,15.989999771118164,12.416160583496094
2011-09-15,5300,16.510000228881836,16.40999984741211,16.600000381469727,16.40999984741211,12.454106330871582
2011-09-14,9100,16.209999084472656,16.56999969482422,16.940000534057617,16.0,12.57553482055664
2011-09-13,3200,16.110000610351562,16.190000534057617,16.979999542236328,15.720000267028809,12.287141799926758
2011-09-12,700,15.0,15.020000457763672,15.050000190734863,15.0,11.399188995361328
2011-09-09,2300,15.729999542236328,15.100000381469727,15.729999542236328,15.100000381469727,11.4599027633667
2011-09-08,4200,15.890000343322754,15.850000381469727,16.229999542236328,15.850000381469727,12.02910327911377
2011-09-07,3500,16.06999969482422,16.059999465942383,16.229999542236328,15.84000015258789,12.18847942352295
2011-09-06,9400,15.100000381469727,15.760000228881836,16.030000686645508,15.100000381469727,11.960799217224121
2011-09-02,100,15.649999618530273,15.649999618530273,15.649999618530273,15.649999618530273,11.87731647491455
2011-09-01,1900,15.550000190734863,15.75,15.75,15.550000190734863,11.95320987701416
2011-08-31,18700,15.600000381469727,15.510000228881836,15.989999771118164,15.100000381469727,11.771066665649414
2011-08-30,3100,15.569999694824219,15.859999656677246,16.0,15.5,12.03669261932373
2011-08-29,1000,16.149999618530273,16.020000457763672,16.149999618530273,16.020000457763672,12.158123016357422
2011-08-26,2400,16.200000762939453,16.200000762939453,16.329999923706055,16.200000762939453,12.294731140136719
2011-08-25,3800,16.209999084472656,16.450000762939453,16.709999084472656,16.200000762939453,12.484464645385742
2011-08-24,2900,16.299999237060547,16.299999237060547,16.440000534057617,16.25,12.370623588562012
2011-08-23,800,16.200000762939453,16.549999237060547,16.549999237060547,16.200000762939453,12.560357093811035
2011-08-22,1600,16.200000762939453,16.209999084472656,17.25,16.200000762939453,12.302319526672363
2011-08-19,2100,16.200000762939453,16.600000381469727,16.6299991607666,16.200000762939453,12.59830379486084
2011-08-18,1500,16.31999969482422,16.75,16.75,16.309999465942383,12.712143898010254
2011-08-17,2000,16.350000381469727,16.6200008392334,17.239999771118164,16.31999969482422,12.613483428955078
2011-08-16,1200,16.010000228881836,16.700000762939453,16.860000610351562,16.010000228881836,12.67419719696045
2011-08-15,6600,17.950000762939453,17.65999984741211,17.950000762939453,16.969999313354492,13.4027738571167
2011-08-12,1800,18.399999618530273,18.06999969482422,18.399999618530273,18.059999465942383,13.713936805725098
2011-08-11,33000,17.93000030517578,18.260000228881836,19.0,16.600000381469727,13.858135223388672
2011-08-10,7800,14.510000228881836,16.5,16.5,14.510000228881836,12.52241039276123
2011-08-09,2200,14.510000228881836,14.510000228881836,14.75,14.510000228881836,11.012131690979004
2011-08-08,10100,15.3100004196167,14.529999732971191,15.75,14.529999732971191,11.027310371398926
2011-08-05,2300,15.300000190734863,15.75,15.75,15.300000190734863,11.95320987701416
2011-08-04,6900,16.520000457763672,15.729999542236328,16.520000457763672,15.329999923706055,11.938030242919922
2011-08-03,3500,15.350000381469727,15.600000381469727,15.899999618530273,15.350000381469727,11.839369773864746
2011-08-02,14200,15.640000343322754,15.520000457763672,16.239999771118164,15.300000190734863,11.778655052185059
2011-08-01,4000,15.789999961853027,15.710000038146973,16.200000762939453,15.300000190734863,11.922852516174316
2011-07-29,5800,15.5,15.630000114440918,16.139999389648438,15.399999618530273,11.862137794494629
2011-07-28,6500,15.850000381469727,15.920000076293945,16.530000686645508,15.800000190734863,12.082229614257812
2011-07-27,7700,16.030000686645508,16.020000457763672,16.200000762939453,15.75,12.158123016357422
2011-07-26,2000,15.760000228881836,16.270000457763672,16.549999237060547,15.760000228881836,12.347856521606445
2011-07-25,5300,15.3100004196167,16.260000228881836,16.59000015258789,15.3100004196167,12.340266227722168
2011-07-22,1600,15.619999885559082,15.600000381469727,15.680000305175781,15.380000114440918,11.839369773864746
2011-07-21,1800,15.3100004196167,16.020000457763672,16.489999771118164,15.3100004196167,12.158123016357422
2011-07-20,9400,16.59000015258789,16.09000015258789,16.59000015258789,15.3100004196167,12.211248397827148
2011-07-19,8200,16.010000228881836,16.6200008392334,17.0,16.010000228881836,12.613483428955078
2011-07-18,8100,16.25,16.549999237060547,16.950000762939453,15.550000190734863,12.560357093811035
2011-07-15,500,15.800000190734863,16.0,16.0,15.800000190734863,12.1429443359375
2011-07-14,3900,15.180000305175781,16.059999465942383,16.450000762939453,15.180000305175781,12.18847942352295
2011-07-13,3500,15.510000228881836,15.75,15.75,15.180000305175781,11.95320987701416
2011-07-12,2100,15.0600004196167,15.550000190734863,15.800000190734863,15.0600004196167,11.801423072814941
2011-07-11,3800,14.760000228881836,15.239999771118164,15.260000228881836,14.760000228881836,11.566153526306152
2011-07-08,1900,15.050000190734863,15.170000076293945,16.079999923706055,15.010000228881836,11.513028144836426
2011-07-07,8400,14.5600004196167,15.15999984741211,15.869999885559082,14.5600004196167,11.505439758300781
2011-07-06,2600,14.550000190734863,15.5600004196167,15.75,14.550000190734863,11.809012413024902
2011-07-05,2100,14.510000228881836,14.859999656677246,15.520000457763672,14.510000228881836,11.277758598327637
2011-07-01,3400,14.579999923706055,15.239999771118164,16.0,14.579999923706055,11.566153526306152
2011-06-30,7900,15.399999618530273,15.199999809265137,16.190000534057617,15.010000228881836,11.535797119140625
2011-06-29,1100,14.399999618530273,14.539999961853027,14.539999961853027,14.380000114440918,11.034899711608887
2011-06-28,1300,14.420000076293945,14.460000038146973,15.479999542236328,14.420000076293945,10.9741849899292
2011-06-27,1500,14.4399995803833,14.5,14.5,14.40999984741211,11.004542350769043
2011-06-24,500,15.390000343322754,14.359999656677246,15.399999618530273,14.359999656677246,10.89829158782959
2011-06-23,4000,14.600000381469727,14.380000114440918,14.600000381469727,14.25,10.913470268249512
2011-06-22,1000,15.0,14.670000076293945,15.0,14.670000076293945,11.133561134338379
2011-06-21,700,14.600000381469727,15.0,15.0,14.600000381469727,11.38400936126709
2011-06-20,1800,14.600000381469727,14.649999618530273,14.6899995803833,14.600000381469727,11.11838150024414
2011-06-17,1200,14.720000267028809,14.989999771118164,16.59000015258789,14.619999885559082,11.376420974731445
2011-06-16,3200,14.680000305175781,14.75,15.069999694824219,14.670000076293945,11.194275856018066
2011-06-15,500,15.130000114440918,15.010000228881836,15.130000114440918,14.630000114440918,11.391599655151367
2011-06-14,8800,14.119999885559082,15.430000305175781,16.110000610351562,14.119999885559082,11.710351943969727
2011-06-13,11000,15.779999732971191,15.09000015258789,15.779999732971191,14.649999618530273,11.452314376831055
2011-06-10,1100,16.059999465942383,16.09000015258789,16.270000457763672,15.779999732971191,12.211248397827148
2011-06-09,2000,16.059999465942383,16.030000686645508,16.079999923706055,16.030000686645508,12.165712356567383
2011-06-08,1900,16.059999465942383,16.299999237060547,16.299999237060547,16.059999465942383,12.370623588562012
2011-06-07,1300,16.100000381469727,16.100000381469727,16.280000686645508,16.059999465942383,12.21883773803711
2011-06-06,1400,16.100000381469727,16.100000381469727,16.190000534057617,16.100000381469727,12.21883773803711
2011-06-03,900,16.299999237060547,16.270000457763672,16.299999237060547,16.110000610351562,12.347856521606445
2011-06-02,3300,16.5,16.299999237060547,16.5,16.299999237060547,12.370623588562012
2011-06-01,700,16.360000610351562,16.5,16.559999465942383,16.34000015258789,12.52241039276123
2011-05-31,7200,16.299999237060547,17.0,17.5,16.299999237060547,12.901878356933594
2011-05-27,2600,16.649999618530273,16.6299991607666,17.790000915527344,16.610000610351562,12.621070861816406
2011-05-26,900,16.649999618530273,16.8799991607666,16.8799991607666,16.649999618530273,12.810805320739746
2011-05-25,2500,16.600000381469727,16.649999618530273,17.799999237060547,16.600000381469727,12.636250495910645
2011-05-24,1000,16.610000610351562,16.739999771118164,16.739999771118164,16.600000381469727,12.704553604125977
2011-05-23,2600,16.299999237060547,16.75,16.899999618530273,16.299999237060547,12.712143898010254
2011-05-20,7300,16.600000381469727,16.639999389648438,17.139999389648438,16.600000381469727,12.628660202026367
2011-05-19,7400,16.399999618530273,16.6200008392334,17.729999542236328,16.399999618530273,12.613483428955078
2011-05-18,2700,16.5,17.0,17.0,16.5,12.901878356933594
2011-05-17,3900,16.0,16.56999969482422,16.600000381469727,15.979999542236328,12.57553482055664
2011-05-16,19000,16.260000228881836,16.0,17.100000381469727,16.0,12.1429443359375
2011-05-13,6500,16.940000534057617,16.68000030517578,17.209999084472656,16.600000381469727,12.659018516540527
2011-05-12,5900,17.059999465942383,17.239999771118164,17.450000762939453,16.600000381469727,13.08402156829834
2011-05-11,14200,17.15999984741211,17.020000457763672,18.510000228881836,17.010000228881836,12.917057037353516
2011-05-10,4800,18.049999237060547,17.170000076293945,18.1200008392334,17.15999984741211,13.030896186828613
2011-05-09,7900,18.5,18.0,19.59000015258789,18.0,13.660811424255371
2011-05-06,7100,18.739999771118164,18.0,19.75,18.0,13.660811424255371
2011-05-05,3400,17.8799991607666,18.75,20.0,17.0,14.230011940002441
2011-05-04,14600,17.0,18.979999542236328,20.0,16.799999237060547,14.404566764831543
2011-05-03,29000,15.529999732971191,16.989999771118164,18.06999969482422,15.329999923706055,12.894288063049316
2011-05-02,11000,19.010000228881836,18.06999969482422,19.270000457763672,17.709999084472656,13.713936805725098
2011-04-29,15000,19.899999618530273,19.889999389648438,20.190000534057617,19.110000610351562,15.095196723937988
2011-04-28,9000,19.520000457763672,20.0,20.239999771118164,19.520000457763672,15.178679466247559
